-0.93868349501066	0.06182127693669215	52.16277283310094	0.11855543558284803
-0.8298826176926803	0.048121271486189554	52.23291091794875	0.10687434159620095
-0.7631077222638223	0.02063156644484623	52.11549397979246	0.11648703372875156
-0.7052447473278651	0.03611596501174381	51.7562587129758	0.10715898537612877
-0.6384269642058598	0.030965738397614517	51.358531591318965	0.11160753092669788
-0.5942982184922325	0.01398693958883527	51.20442333450795	0.11970818154489424
-0.5542427106627859	0.025509220448757315	51.057741060320346	0.12033389103367872
-0.5175716178703276	0.01172184835125987	51.63128205945492	0.1059701024091333
-0.49473878835149304	0.01112149751071231	51.767669204748586	0.12133658692570631
-0.4730466697237653	0.010579646343671825	52.07193567586773	0.09499974337065135
-0.4523866720589641	0.010088141209689695	51.62574227041594	0.13177325542126872
-0.4326650366812588	0.009640277097110857	51.610293725980185	0.10620229343569132
-0.4138002011508967	0.009230488419610541	51.42911715267784	0.1066064967226542
-0.39572081436738604	0.008854117784135716	51.526281687982504	0.10985025970328008
-0.3699390946150811	0.016687588076470302	51.508488272954175	0.12507397694773842
-0.33778421238133843	0.015496680839994075	51.85769368251796	0.12662897077504512
-0.3151399292951002	0.007354690643067525	52.339445087397394	0.11133525168144962
-0.2936180419406027	0.013998210443315227	52.05882103998651	0.11818730002439704
-0.2664870065882657	0.0131504762987832	51.89422232902608	0.11433488105741907
-0.24719614731023387	0.006289565263626177	51.83411500888182	0.1290212386694171
-0.222739609034241	0.017835502280618483	51.31777012321346	0.13835515166548817
-0.1884579551949075	0.016481763973117226	51.22041633015201	0.12178681870319236
-0.12233603693482165	0.047180280391456685	50.93381625914171	0.11628687997621169
0.36396627372496737	0.2771601016900931	49.999348453405595	0.11576854280270613
0.989934641467316	0.003643257261304158	49.87608443905511	0.11450280127299069
0.9942846914372514	0.0007213894469892545	50.21283046972557	0.12087190629250336
0.9953654298301273	0.0003597982534120477	50.30412207760546	0.12322757035541189
0.9964434853549153	0.000717812457125298	50.201195179347884	0.12071881693481921
0.9982343192390437	0.0010722879266457216	50.10429049357205	0.12463749291903595
1.0014393276119222	0.0021288075577865617	49.999235451074775	0.11492195308332494
1.0039158619976334	0.000352783787587667	50.39875660572599	0.11259796460524284
1.0046208569029553	0.0003522115744349915	50.29633835698483	0.13641819210683898
1.0053247094989535	0.0003516412143167194	50.326242678660975	0.12568184709484703
1.0074294482701283	0.0017497058211506074	49.94075790169243	0.13551258197761024
1.0095240360929678	0.00034825747310599165	50.41294055380216	0.105464843332416
1.0105675538728396	0.0006948433771378268	50.272126026573034	0.11162141541020708
1.0116085703092055	0.0003465899060328885	50.32819775114301	0.12334625489733814
1.01230119737077	0.000346037593640992	50.30817773183379	0.13243843563839428
1.0129927218240766	0.0003454870385313824	50.33100215744889	0.1239497564495538
1.0136831466604905	0.0003449382327389534	50.453449016717386	0.12812014329618568
1.0150607126260387	0.001031537504746086	50.560984688032484	0.10303429787708923
1.0164339227311054	0.0003427603344269952	51.00041703518233	0.10623258194241303
1.017118902789047	0.00034222015041075965	50.91179255379324	0.1357798891936768
1.0178028044350553	0.0003416816661553843	51.09792094298675	0.11883462600532416
1.0184856305514864	0.00034114487404999914	51.30635096304502	0.10641165608338621
1.0191673850230134	0.0003406097657328587	51.19310554123183	0.1212875433937715
1.019848070701745	0.0003400763336907236	51.141962928647104	0.13072061628771742
1.0205276914391146	0.0003395445696637116	51.28066007197299	0.10968145844879557
1.0212062503099568	0.0003390144660375068	51.16819013276255	0.12171002340930798
1.0218837503751053	0.0003384860152440405	51.185178967763285	0.11408295892939328
1.0225601954368875	0.0003379592091732958	51.28792763739628	0.10179535313671328
1.0232355882734747	0.00033743404054945215	51.28794524444119	0.10714813213639687
1.0239099326549455	0.0003369105013604953	51.33666551776699	0.09864672781456324
1.024583231330553	0.0003363885844229832	51.23064494102226	0.10479430776894448
1.025255488038525	0.00033586828182140027	51.010842541516055	0.122108323295987
1.0259267054995629	0.0003353495864632446	51.071149648320706	0.1050912879947737
1.0265968874204197	0.00033483249052803477	51.059877129706244	0.11078827349320493
1.0272660367426927	0.0003343169868210526	51.166370108239036	0.10226504247516104
1.0279341563947866	0.00033380306819063644	50.94556332181503	0.15761840947284586
1.0286012500369528	0.00033329072695615546	51.12900544777863	0.12201397637603191
1.0292673203200813	0.0003327799562463393	51.005096177789355	0.14916528761828388
1.029932370873887	0.0003322707484720282	51.33997811588383	0.09278863920388851
1.030596404321948	0.00033176309684806424	51.12122969029666	0.12611335316334707
1.0312594242637996	0.00033125699387538606	51.24012545633414	0.10828482584809006
1.0319214335424793	0.0003307524326659474	51.19018138339951	0.11803394833339677
1.032582434988419	0.0003302494063724597	51.11192126404374	0.11618880421666283
1.0332424321565592	0.00032974790762847593	51.086130968495766	0.11125514352131383
1.034559424855435	0.0003287494657824955	50.916355801039515	0.10677958756514175
1.035216426442465	0.0003282525089067843	50.819157508973056	0.11437348308473903
1.0358724358614715	0.0003277570520370289	50.982257369264836	0.1024505397897429
1.0365274556172812	0.0003272630887595523	51.12337850841085	0.09703203072669632
1.0371814891779914	0.00032677061196432594	51.00431201037327	0.1226647918759598
1.03783453926603	0.00032627961513416584	51.0428276157588	0.12723145739733355
1.0384866085919235	0.0003257900917899036	51.08283148615496	0.12086246449815759
1.0391377005814837	0.0003253020349454723	51.0505554339764	0.12184795831939557
1.0397878176763842	0.0003248154383827821	51.07102682816991	0.12161517532535185
1.0404369632746502	0.00032433029519688994	50.8608265606833	0.17150004244199518
1.0410851397932364	0.00032384659924588526	51.13780090236389	0.1088874624127923
1.0417323506027112	0.00032336434370475	50.98442934555044	0.1272771692498473
1.0430238856153622	0.0009672123867156187	50.84752620584848	0.10569855821421632
1.0443115911572627	0.0003214495998450681	51.038232169349286	0.10403856847546537
1.0452748709114097	0.000641474807920709	50.71548909284337	0.11639438477088491
1.0462360188063584	0.0003200283569467033	50.81999721529538	0.11726117490138864
1.047514249292692	0.0009572634697256633	50.67237720545192	0.10363136389426003
1.0487887286846564	0.00031815280162049	51.02121929852286	0.11559893326048427
1.0494245687059776	0.00031768734263412375	51.11046924389474	0.11585899645084032
1.0500594789337654	0.00031722324376798686	51.00555060481067	0.16098687466642023
1.0506934625550042	0.00031676049872488487	51.306715686734016	0.11802365589095594
1.0516427058278386	0.0006321378142820076	51.306782863505305	0.12281246518921514
1.0525898788510724	0.0003153803289184045	51.67055467648205	0.11849436339646313
1.0532201820030669	0.00031492294103462547	51.442246719625246	0.17959471265032187
1.0538495717048606	0.0003144668779050789	51.58486758234487	0.1279914071638642
1.0544780503662485	0.0003140121339518278	51.677727204765965	0.10849697876926755
1.0554190665859906	0.0006266649569998371	51.39961551706304	0.11806534641745706
1.0566705914523271	0.0006248616695125654	51.23521338913814	0.13492794232133215
1.0579185201071377	0.0006230687305060354	51.19067214552951	0.1275028403438872
1.0591628732741158	0.0006212860509897104	51.00784071854726	0.14023168411561635
1.0600938038120424	0.0003099778607985737	51.11257885240171	0.12433264973370167
1.0607133175621244	0.0003095359978407134	51.226508432515104	0.11904313938595934
1.0616409341159967	0.0006177511210112595	51.23530349469207	0.11821977405856804
1.0628746822477408	0.000615998697743531	51.39602077962096	0.12800069372469713
1.0647187577650161	0.0012267772516609547	51.64424652019884	0.11433069969738903
1.0668603290319514	0.0009155570398079806	51.75582606332594	0.11631177287620892
1.0680793591862785	0.0003043302490703923	51.97571934091553	0.11884249832734756
1.068687593665546	0.00030390432933503393	52.02874247059767	0.10986417982339733
1.0692949774965477	0.00030347960010959374	51.878245622415854	0.13248107936039547
1.069901512829517	0.0003030560565671205	51.923331609085984	0.1122791834714334
1.0705072024824498	0.0003026336934353204	51.658835853274525	0.10341674160854204
1.0711120483602745	0.0003022125060997474	51.42693348826276	0.09639554401951589
1.071716053260007	0.0003017924893448625	50.694182719117215	0.10448495539186743
1.0723192190682242	0.0003013736386090856	49.957098362882306	0.09670798915901432
1.0729215485611956	0.00030095594873285193	50.241231606963055	0.09267360343769872
1.0735230436073555	0.00030053941520670756	50.969897748511315	0.08985969693670878
1.0741237069624425	0.00030012403292630364	51.03110587720967	0.08993041640316897
1.0747235407002589	0.0002997097972794826	50.87434572514596	0.09445461827279503
1.0753225468863339	0.0002992967036786631	50.75738721689742	0.09670924670538601
1.0759207282460248	0.0002988847471009146	50.86516616272345	0.10070761279129242
1.076518086603312	0.00029847392316394215	51.24803561297051	0.08881517792288432
1.0771146246635706	0.00029806422689817506	51.50137027438964	0.08916657181492706
1.077710344233351	0.0002976556539709507	51.33081603765308	0.09762433595304734
1.0783052479982536	0.00029724819946534253	50.95246504280672	0.11690072598268716
1.0788993379687606	0.0002968418589464668	50.91298960888022	0.09990871454836935
1.079492616147418	0.0002964366280028291	50.70332827719794	0.10256080202661011
1.080085085190558	0.00029603250179514195	50.55658663906654	0.10523574158589596
1.080676746862013	0.0002956294761118457	50.505125309120594	0.1013261572919269
1.0812676037988636	0.00029522754616454416	50.741534119178006	0.13134189843172986
1.0818576577481898	0.0002948267077889571	51.30508686903029	0.11035122620316326
1.0824469113280166	0.00029442695624690396	51.55111733594583	0.11268892639257723
1.0830353662688612	0.00029402828742073597	51.43866497409387	0.10949213809214108
1.083623025169897	0.0002936306966218153	51.28683315580764	0.11040853719261534
1.0842098899637405	0.00029323417963097293	51.04534328894087	0.12151455684141332
1.0847959625754744	0.00029283873225100426	50.88478690479371	0.1319080623921117
1.085381245576362	0.00029244434986635675	50.8860731062877	0.10954694832760906
1.086257693578509	0.000583709528366972	50.463173501757275	0.12601086300186035
1.087423546356491	0.0005821446759417184	50.5903567307371	0.10925722508758651
1.0885862778088218	0.0005805881914313909	50.97518471314146	0.13760999854290357
1.089745904712129	0.0005790400077510969	51.50746053572189	0.1258475547712749
1.090902443386013	0.0005775000589602371	51.62971245723934	0.11045734720642322
1.092343799053494	0.0008633799049483011	51.53360587479421	0.1015133728099512
1.0934934493751312	0.0002870324719852613	51.71771792697619	0.11537687706597691
1.094353694174772	0.000572928969110775	51.648173984581454	0.1214444199802266
1.0957836597968984	0.0008565684530951733	51.797570674909565	0.10921997976047296
1.0969242520262377	0.0002847739299137652	52.102363876670175	0.12222622066102275
1.097777734555377	0.0005684296742739546	51.828939973311165	0.1257820015705078
1.0991964889120367	0.0008498636348372492	51.558905044900825	0.11386870857169835
1.1008928985940238	0.0008465504341036078	51.22209306814946	0.12451523739948894
1.1025827077275612	0.0008432629659984685	50.93467058677612	0.12746374775677996
1.1042659674779605	0.0008400009318951831	51.03400257218536	0.12015195639534255
1.105663717281992	0.0005582011912909948	51.2933721144759	0.11609107547611434
1.1070569830123014	0.0008346199324178063	51.37515684547295	0.1121858810897693
1.1081683862537974	0.00027749559557751704	51.6613242171572	0.12122204515190876
1.1090000762065444	0.0005539293795805782	51.56971894755353	0.11452932268855918
1.1106586930551736	0.0011036357977521954	51.2763725966202	0.13419807546489246
1.1123109996641516	0.0005497224540964924	51.45522342569988	0.11889446440353775
1.1136831358620256	0.0008219825529394288	51.50748254635417	0.10335147056751331
1.1147777320725616	0.00027330447865218347	51.79859875163347	0.11093408046384845
1.1153239972195905	0.00027296092637960333	51.79043912329326	0.1217515278178564
1.1161421089791939	0.0005448944285107306	51.70369774111441	0.11548855897736518
1.116958682500056	0.00027193543211006805	51.926385724992656	0.10474269963873108
1.1177737235558094	0.0005428511381758381	51.68160786885942	0.10847394119050004
1.1193992311038035	0.001081646229832705	51.34008610078089	0.1254576788860329
1.121287998915561	0.0008077142341795747	51.3288045094774	0.11114507958117276
1.122363618174532	0.0002685720798812557	51.48434613159007	0.11796854611502684
1.123168587874824	0.000536149479139701	51.1782997552582	0.17537074474736183
3.135060145555266	0.0044433737649366605	47.64784940528947	0.12045981044492242
3.1409246117563008	0.0027421681402043847	47.57778251928814	0.12092204527583608
3.1459617107468043	0.0022322078980722047	47.67123202648939	0.11955283271786989
3.1498503272441223	0.0023703773874386427	47.63187525997988	0.12045978728637498
3.1553932890683223	0.0023402539459287434	47.62817987906776	0.12092203386193003
3.1603554739796538	0.0037019036768393358	47.422349977292775	0.12000342922658083
3.1676407435903347	0.0027302871504858595	47.577699728548936	0.11787712521644099
3.1728546512473894	0.002098174960776798	47.64886951255376	0.12000339329142469
3.177924828353878	0.003851417877541737	47.607313810062834	0.10314346897377069
3.3078371528289923	0.0034048160595377443	47.34642815539654	0.12242807820120669
3.313999828251206	0.0031402971963787555	47.386173024775914	0.12001638101951849
3.319233151708227	0.002353766992782243	47.489100081916824	0.12001640214533381
3.323873392895365	0.002328751926563727	47.47420435761732	0.12096199880047005
3.3301149142654864	0.002921578895817886	47.359983431312614	0.12001642507720177
3.335551119386497	0.002679133475991882	47.40881430555371	0.11765968817410635
3.34138805830775	0.0027450627056412676	47.39197995242653	0.11670648930758871
3.346245125054338	0.0029155833044637283	47.328434210709936	0.12001640942635894
3.3522916713121766	0.0023795571188854237	47.44552514000839	0.11808679508746035
3.356313524727053	0.0019646593567056265	47.51300599268603	0.12001642412341545
3.3625999597671923	0.0034855738864937764	47.276407922888616	0.12001641858083789
3.3682372584301534	0.003345061064995295	47.29009789932251	0.1204860867007288
3.3747541287541845	0.0028243635262201654	47.41271184374884	0.11578393998242927
3.580131239636181	0.006360093898464668	47.2262693736115	0.12014048664193301
3.5849446694283076	0.0017988134994257686	47.13652724723993	0.1182541261120404
3.588889293138143	0.0016100643717490229	47.16930450001422	0.11795560723190393
3.5925611993733595	0.0022236965896575323	46.98597989196771	0.12019808998705596
3.5961056115544094	0.0011876548506530272	47.25257456650283	0.1195528479379903
3.59894672389131	0.0015731843700951982	47.12555829178104	0.12019808964157118
3.601997423497245	0.0017295732968752497	47.08300699554306	0.12052518565607086
3.6063150104749875	0.0025963124400704175	47.14144265207391	0.11987395736778424
3.6120507027365116	0.0023986998778492705	47.17006376497277	0.12352445546147693
3.616325520501597	0.002213236678015779	47.10988543092935	0.12062334214959249
3.64689278137541	0.001408768887126945	47.13337057565292	0.12086502166788284
3.6505093569800007	0.0018461516394828095	47.041893738531485	0.118868081632055
3.65381559805037	0.001683577410975186	47.09533889779178	0.12020282732379434
3.657238547740433	0.0017686247788259643	47.11153352152925	0.12020282601470457
3.661173663615874	0.0020447869575451593	47.05442812562495	0.11825851360201603
3.665143408437568	0.0018331970717729723	47.050914430477974	0.1191769447548434
3.6682834651321468	0.0015326375733909613	47.07393741399548	0.12120077358668598
3.673076794516291	0.0036473714694683045	46.93066711395073	0.10162382587824528
3.7884879389887542	0.0027212658456834374	46.84827444302434	0.12051461524130819
3.7939443383845592	0.003372922098803543	46.75819962114446	0.12117061274534717
3.799810470040609	0.002476628318073925	46.62247451600366	0.1346689123090077
3.8057066254805116	0.0026875383162718305	46.730382249900885	0.12084107424960176
3.809748149496932	0.0017635663258965836	46.94741420886007	0.1182477006036589
3.8148848873757366	0.0035881812861538027	46.811908282112235	0.10473102532160852
3.8248771960702355	0.00230432344082319	46.790719030870534	0.12084107059113103
3.828530082091733	0.0013577741055088117	47.01278923505231	0.12051457918994658
3.8313255823655696	0.001579387185936149	46.93506658439343	0.1205145725236424
3.8352868803380007	0.0023475636074723975	46.74613885648814	0.12019111249939823
3.8406159717031807	0.00209348333129294	46.77683508263625	0.11955283835006562
3.843971304363185	0.0021412828062537144	46.756421956464216	0.12084106193460122
3.849057745590307	0.0033482226825814715	46.67268516592236	0.11090010661967799
3.932353313930223	0.0037239043481590147	46.60211873411428	0.13336888006766076
3.9368700697592134	0.002038583333332158	46.56488221299508	0.13404519792401376
3.9409920810974857	0.0023734373362446445	46.503648080398946	0.13404517066566368
3.9475539185051165	0.003726302593050944	46.64992694006955	0.10726741944699908
3.9580926308889888	0.004005584240827104	46.69829856759954	0.10850992502686194
3.9664339798040613	0.0026035236550801147	46.5590271379769	0.13507956478806155
3.970737172503296	0.001718569405909105	46.74082864244747	0.12933067164025755
3.9749260426602238	0.0026643083021831463	46.65987015569327	0.11841353710722644
4.039380356742509	0.0029743958291391166	46.620717664153446	0.13298083505860991
4.044159663545248	0.0027211064793341557	46.383872081408214	0.13298080778713955
4.050292353492574	0.0038834418501628868	46.326431271813675	0.12262536293257999
4.060284956051716	0.003495902415969439	46.233716459076085	0.13355101332518954
4.069170274834671	0.005423068264251431	46.29145644157868	0.10882481718026499
4.123789366928249	0.002346205104982662	46.62378772341848	0.12454789068351123
4.128333749321696	0.002590376976627218	46.2863689497768	0.13491141692940123
4.133075941232761	0.0022337537028983365	46.352341489265186	0.13355107171112388
4.136913272778906	0.002100137019117511	46.3786547045471	0.13317008120855034
4.146599934605773	0.007021154689123661	46.11548921821969	0.10882482300373808
4.199095058268094	0.0061220536177636	45.861141475046225	0.13498836960046076
4.210437722461921	0.004357058268026619	45.98458661260365	0.13438396715511525
4.2169345908680596	0.0033038761114187365	46.15125326555057	0.12805614112997793
4.260794450135717	0.005129985532532373	45.875995842318346	0.1375537598279748
4.270145676084625	0.00700778601308647	45.91878755059054	0.11253973849427541
4.312392859400887	0.003922588023866882	45.91069311481809	0.13555985354833813
4.323044771088626	0.006817704044591049	45.61830086675138	0.13579142446557824
4.380854182923963	0.030007094078257975	45.61164152986922	0.10110194734308156