-0.6923627048183845	0.0302644238036626	51.44106723872482	0.0920962767159322
-0.6446424657187447	0.018076773306880716	51.494576437170736	0.09655975494113786
-0.5855785363513697	0.03944545691495374	51.21306165153184	0.11264993374144591
-0.5130885589567099	0.033381589610208706	51.297155154769825	0.09354432853841801
-0.4509851634181886	0.02893367628061146	51.31431910295102	0.08848843710468149
-0.41758284279818164	0.005358352658324684	51.79254011911608	0.09839468694600965
-0.40699622345561837	0.005229313440307428	51.815011989774476	0.10802033716875638
-0.38160649961118454	0.019729448308414794	51.41447670919907	0.1644015707721222
-0.34383849076755874	0.01808618348525857	51.860960404408615	0.09913634445646063
-0.27306529356748416	0.04994098413006385	52.1169419715023	0.08679632942784002
-0.2223611919091072	0.0034182958069263725	52.965472947287864	0.10838424639596668
-0.18945682065868552	0.028519885688276736	52.58419055941515	0.10666618995493313
-0.13586408985825893	0.02520896699551718	52.27879571197957	0.19448953405917888
-0.09575922405871895	0.015323533594894214	52.61547622585185	0.09883756802571209
-0.05206252283881485	0.027713553729650602	52.416433243165095	0.10319198024718866
-0.0060856886873484894	0.01869720322379594	52.48113746156295	0.09116370779350193
0.014207396727251131	0.0019826271707895156	52.86705920756969	0.10484055290610174
0.039245712113547215	0.007486222479913842	52.546497316784425	0.10185755905289295
0.07858333869456735	0.01025690568454038	52.407123337291154	0.10091023215152048
0.10187995093556668	0.01296159616788686	52.23292050900921	0.12155485455217539
0.12705893285084124	0.012231493940839609	52.27545317030162	0.1029925354415895
0.1636928872597332	0.023889358317179712	52.035008872012966	0.11238319413316898
0.1935577314215139	0.006559348765599195	52.27787369404443	0.10843823105220399
0.2917645574362755	0.08266296604518437	51.754517460306914	0.06873312111386104
0.36831320379862353	0.0008772739764135295	52.58592530396591	0.10779169199067015
0.4952104185713819	0.10938417684938705	51.572608111204794	0.1085572523724403
0.7396357743053541	0.1246117923935942	51.779352937939606	0.10587554309991884
1.768789884450263	0.024996244304342198	49.57433534035517	0.07516850349457066
1.8214115519642087	0.023471242734742683	49.18487858535379	0.09142176114121137
1.8487785854933938	0.009095016670154058	49.13538930557674	0.09559786257423289
1.8714696692939106	0.0138110935860076	48.969881643027904	0.0939032942007858
1.897171761437621	0.013016802772811588	48.938674025494905	0.09954774405975463
1.933782056115372	0.017947324835395437	48.83944451307721	0.0914217942234743
1.9799862105420594	0.025548469295671332	48.5898766359783	0.09791840159929159
2.0301632532219003	0.025156868227520453	48.565591032617256	0.09899879615862377
2.0642575020676075	0.01771982405928317	48.70873524601903	0.09845575743826417
2.115878860604158	0.028517778326984013	48.50554133551361	0.0962983105927005
2.166013080123162	0.024532591233513566	48.495095680519555	0.09762495435631358
2.2084229747972692	0.01589284985844113	48.616544988668124	0.09899884476799174
2.233841664999412	0.013490603354420424	48.663950856916614	0.09845576156795942
2.266059654694886	0.017396891281540774	48.50829804302923	0.10123063026222208
2.298554955118095	0.014851434141896415	48.54822369303241	0.09899876658631834
2.335860329332415	0.020147090094311235	48.35251912479601	0.09954772376193252
2.3698282422130417	0.01581177929981811	48.43515573347762	0.09899880993394351
2.395991973562766	0.011866738584000815	48.49424785733004	0.09845572595664012
2.427874059591308	0.017259339164431457	48.30298396008436	0.10010260388401353
2.4577230508413708	0.013427432059370494	48.39516667532814	0.09954772983542252
2.4893587460281097	0.015813293993809777	48.321669070936494	0.09973757763469024
2.5191565874963615	0.012044761081507427	48.39847318143785	0.09845573991563987
2.5351074400872893	0.009737825773381963	48.468057521693304	0.09954775882475039
2.5590205524315044	0.011342958698444419	48.37748384157662	0.0984557533800106
2.5764565324056194	0.007831894279580491	48.51403595859402	0.09899883634046779
2.6058709538506246	0.01813824729950975	48.27089665507037	0.08335033891765366
3.0801782610545283	0.004484018943664633	48.05546341210397	0.09905943964265934
3.088450366036289	0.00387565981174243	48.09812609877178	0.10022699948074666
3.098249096974679	0.005427775284952809	47.96159693938603	0.09737660856093633
3.107198446351311	0.003310631005756801	48.15987153733369	0.09791847890749215
3.1134522873507757	0.0034610907858228907	48.128027237205806	0.09867618718600207
3.1203986819902605	0.003114212339546785	48.17861434410649	0.09791846298723826
3.1273487223861993	0.0033520586381542068	48.145123795632074	0.09867620933235413
3.1331950361387735	0.0030237916751731132	48.22167276012012	0.0970156321348067
3.1401238795628803	0.003998929674972965	48.0563154306061	0.09829587580128317
3.1470375208014607	0.00311200460891708	48.0065653466511	0.09907527165142478
3.1523683317981455	0.001898678778617696	48.11038665307314	0.09559782329323935
3.1558843611379777	0.0017039887942885369	48.18309448929162	0.09704523351735451
3.1593130351566563	0.0016905890839441658	48.22627224478412	0.09559786118700879
3.163738906706981	0.0026422694759154867	48.05026161956598	0.09869191944514234
3.1677288721628694	0.0016581439223554912	48.236914088413556	0.09791847429475514
3.172130528362767	0.002418944891525263	48.04349832314774	0.09947754213236921
3.176463868597252	0.0018817274540818875	48.14208474838887	0.09869190545425652
3.181039053388898	0.003046906795287798	48.15946391094146	0.09791845147809468
3.190314978964735	0.004639470593554018	47.95784635490635	0.09867619404270814
3.1957762646652847	0.0024543683943898174	48.24161432500558	0.09829587622430824
3.2019858468360995	0.004032542165627732	48.02954695863733	0.0990594545226112
3.2120386498890685	0.0045707334480873385	47.84734374004112	0.09944561563318154
3.2178278417559847	0.00248836250404151	48.027928008276504	0.098303676476933
3.222976204703749	0.0021516929555486937	48.08865031283622	0.09791842467748955
3.227106703696057	0.002207434601174574	48.034510219519824	0.09830366235596419
3.2309365058404884	0.0017353490524307479	48.1244924975932	0.09559783218138387
3.2352202796022773	0.002390678691880334	47.952300600119955	0.09869192636377631
3.2406897990598447	0.00295097107061969	47.90380278916086	0.09631617144066609
3.245693101380497	0.002042006946857009	48.07875816263908	0.09667934158315207
3.2492756186967675	0.0019528813068550872	48.25722917578053	0.08048616952244039
3.4085576957707167	0.0015037100154792833	47.968028951352466	0.0966788774733081
3.4116879858913487	0.0015426676730519028	47.942132687746614	0.09869156638892922
3.4145048420706834	0.001730455503543723	47.900959372941244	0.09830349342362672
3.4177121266655623	0.0013251107307313108	48.01596005764323	0.09947686215114551
3.4206174038700894	0.0014625286563030736	47.98326534718512	0.09830350963310866
3.4244896921903516	0.00202934556893808	47.83579050381651	0.09830353251806603
3.427902510956157	0.001677887225405911	47.91631575320872	0.09830351091470764
3.4307525222468254	0.0014350991334315705	48.02708910926631	0.09869158851345992
3.433951751609839	0.0017019487222739741	47.895778928412355	0.09791844076439946
3.437515587878737	0.001781826868150777	47.85261335459872	0.09947687699470012
3.440515112514616	0.0015357891338554687	48.00434051144387	0.09791843507692159
3.447469812490189	0.006352902292602631	48.08202571704944	0.09904474703227162
3.4653477018069507	0.00857728056833763	47.80197115583619	0.09946887466867047
3.4830982268010686	0.012907884821790686	48.01411006326958	0.0804818563960649
3.5986277525823045	0.005769732288068728	47.69784474470064	0.1002759770671234
3.610167652387191	0.00492077542458037	47.77074315046795	0.09704546630300995
3.6206808901046443	0.005204764350924457	47.72502641586942	0.09741417865723252
3.631218728217898	0.006273431522471758	47.7868369295681	0.099067516489878
3.645540045513232	0.008300390991842488	47.79134983464267	0.07122958675007161
3.727694737552129	0.004673215167466798	47.68197922143102	0.0994769111400643
3.7377588725398656	0.005523134103569123	47.64606592883983	0.09631586941574377
3.747898205567754	0.004261623139958189	47.73906871937792	0.10149527370274711
3.757228745356687	0.004680082287033002	47.72755974256428	0.09908275327776746
3.7641639854298736	0.004093679886729702	47.8112728225337	0.09377160049689988
3.8265220295866422	0.003670873860536925	47.6894138093169	0.09869160210891226
3.833262640079117	0.003855875061222004	47.67463223367109	0.0986915933125143
3.8413792323995803	0.004207206075532485	47.60290075593308	0.09987422977555534
3.852475102387274	0.006921351344823822	47.671789072629	0.07062160618774248
3.907824387540443	0.004505584961963377	47.540765808490555	0.09947704293840666
3.9169097433235125	0.00435376214244775	47.39210373206977	0.11587151912485902
3.926062548549714	0.0036437277381291986	47.479628650359984	0.11283416623520275
3.931751550065572	0.003012689912953029	47.76209504776621	0.08831176764203415
3.9752162336140575	0.003716895217232703	47.499806833120736	0.10589925847096812
3.9836273082118705	0.003815368119719695	47.540037246088474	0.10190835085750573
3.9934182402424785	0.005850760129429745	47.39577303633837	0.09723938410159902
4.03436491081983	0.0028313392413410626	47.46216218333835	0.11463746909985062
4.040163656132771	0.003411449499273935	47.38955032806366	0.11525123349071015
4.049110167286247	0.005509490216127263	47.4093447704815	0.08651337836115634
4.086766371624988	0.003964597438611848	47.449048633712096	0.10253606508467909
4.096648448007465	0.005768420999949008	47.21633763545233	0.09652568446906581
4.132005282518084	0.0038506299814716877	47.41510744794063	0.10542766679880368
4.140409747040774	0.003108891385488435	47.368350375645825	0.11525092164279116
4.17548550814091	0.0034399069093186616	47.305381589551956	0.11342854545658161
4.182713609498587	0.004937715097073513	47.24330916611366	0.10149211372525477
4.215938390402023	0.006844099248971754	47.20486690323704	0.08841748921137044
4.250701156549375	0.006757013632877517	47.099632776832465	0.09222251400997282
4.2831307967790755	0.006743783718757678	47.09927338683089	0.0875444714438441
4.312973961060412	0.006280315858196874	47.0964393361181	0.08638438919420334
4.349840186550202	0.028354937366015208	46.90546461950721	0.11775398604542801
5.100052319880969	0.1537182628384282	45.694774229032554	0.1578958318850955