-1.9782806941152749	0.42370187874318704	52.52296505590307	0.165921228470608
-1.5867432322186679	0.08599890710456697	52.610637271125555	0.17187988608330435
-1.4418454734420405	0.06160205120201044	52.60101518260865	0.17276902482614664
-1.2878685458712182	0.0864267618245691	52.33583949183811	0.18684178824819306
-1.1744240804473076	0.03327926916952808	52.57533366332082	0.16905865714959772
-1.0845595658316882	0.054117691353683856	52.43799392181303	0.16621644939865304
-0.9667825080754963	0.061894700064786305	52.258907575784555	0.18166573490013058
-0.8912268757857192	0.01733710485148573	52.553792874260424	0.16941235031375504
-0.826888467626314	0.04484968759656427	52.214087886367025	0.18088277422886942
-0.7708631458177387	0.013140528901062983	52.531351770686854	0.17328295017211554
-0.7453465833730517	0.012390712588201513	52.52456538517488	0.1737551981680897
-0.6984135718013167	0.03336449274433058	52.20129859586484	0.18181320190576972
-0.6560614527467339	0.010088141209689695	52.55263511320235	0.16774181588529094
-0.6363398101864621	0.00964027693767542	52.58707202262267	0.1686298830230967
-0.6174749818386664	0.009230488419610541	52.53006387670624	0.17400301444760688
-0.5906305268577307	0.01735442474380827	52.321774276856345	0.17542981916949382
-0.549277286001426	0.023667274106263233	52.248735011342006	0.1648887626701875
-0.42641438942671134	0.089177511342456	51.76488799169405	0.16707589600753492
-0.3355508934308183	0.009645629786276606	52.10416175018014	0.17559494392407807
-0.2854982923641227	0.03868035949337569	51.84562514693086	0.16675775884200583
-0.19995299217313756	0.045882391302600606	51.506901229269715	0.21595671867815178
-0.11379861085859783	0.04052064469338782	51.81304283115312	0.1676828892282323
-0.06718813076336472	0.007799362130109223	52.27682734768667	0.1727929354009927
-0.05691153182748798	0.002538991411220713	52.52649574525823	0.17424768650574346
-0.04687249549250361	0.007442921698959533	52.24578408402495	0.17630277849340917
-0.032236081489837365	0.007196263151343851	52.377601270708276	0.16375309667555146
-0.01345792915733579	0.011486233308559215	52.0712984301355	0.17545759805901764
0.015424243986267516	0.017195525120836747	51.97303948531902	0.17285884249109718
0.09744420114726127	0.060504045757526846	51.63180890669732	0.16346109324993954
0.20557909714725842	0.04855552420703201	51.48797228662791	0.1723373297141364
0.2675327382693178	0.015637247641123536	51.76653127904234	0.1628279611767633
0.2898061259452466	0.006856379131123735	51.816791146967034	0.1746847563098645
0.5463211574848096	0.18991085856391374	50.31507554170474	0.24825928056207416
0.7470132081042357	0.041074635347062544	50.95636491356671	0.1648990065191879
0.7884403322541956	0.002175006794915191	51.65354570756035	0.16907107225355078
0.7913307017072272	0.0007201931625387576	52.01087182550777	0.1637726209854416
0.7924096499957186	0.00035920307839302313	52.10285058771142	0.16899836586035827
0.7934859246856499	0.0007166279967902648	51.96837288711154	0.17455365303377515
0.7945595384625065	0.0003574293089549639	52.24349698118461	0.16541304868950482
0.7952738095054218	0.0003568419388922737	52.01836304362999	0.19314342421144917
0.795986907471475	0.00035625649635188917	52.212149404557366	0.1670842254687653
0.7966988367370952	0.0003556729714272255	52.26842085528781	0.1665382012425669
0.7977645469241524	0.0007096025192621873	52.008323010517785	0.1687763658299362
0.7988276486412919	0.0003539338100953697	52.23247086791599	0.16466456387605033
0.7995349398544201	0.00035335786324830075	52.127492921621396	0.17452600560415785
0.8009460763026589	0.0010566347230921522	52.02517082518169	0.16001194927451656
0.8023526422709425	0.00035107269866909444	52.24199281735393	0.16301378039245115
0.8030542207976	0.00035050601813786555	52.11929754745552	0.17513255231128783
0.803754667530212	0.0003499411642721395	52.22962930653905	0.16729477423119218
0.8048032243625073	0.0006981945769836155	52.09144904566264	0.16445906801403334
0.805849255405198	0.00034825747310599165	52.23455062068221	0.17001960750949205
0.8065452125317641	0.0003476998372546724	52.147587737771374	0.17577627263838755
0.8072400559121685	0.0003471439845474407	52.13725620178488	0.175299312159072
0.8086264167689402	0.0010381127807175497	52.09936102544155	0.1583446740572853
0.8100083659727207	0.0003449382327389534	52.35362090048998	0.16216878428527465
0.8106976951965409	0.00034439116753264096	52.32130644366341	0.16525943284361452
0.8113859320236646	0.0003438458348477512	52.27717579968935	0.17465058054843213
0.8124162463222727	0.0006860621330781879	52.170681622967344	0.1697685074489832
0.8134441221012773	0.00034222015041075965	52.30235423197172	0.17419386445281237
0.8151518609400329	0.0013635084393547505	52.1286768251452	0.16211945484010182
0.8171923227126537	0.0006785586215738695	52.32416221688036	0.1684550741936766
0.8182089696873355	0.0003384860152440405	52.52201126900405	0.17092448612693553
0.8188854147491177	0.0003379592091732958	52.214718847312284	0.21889387329210214
0.8195608075857049	0.00033743404054945215	52.47588589138615	0.17226969538359432
0.8205719317841483	0.0006732986812124695	52.36205553726038	0.16478825854036025
0.8215807073507552	0.00033586828182140027	52.440895888967006	0.16983621297527612
0.822251925061647	0.0003353495862703146	52.300412340098575	0.18651601519485506
0.8229221067326499	0.00033483249052803477	52.463577177646975	0.16621351657518307
0.8239254443605627	0.0006681196597049522	52.30010551587778	0.16576706512488573
0.8255925397149589	0.0009983398685490304	52.169886362583654	0.1625845144072703
0.8269216236341782	0.00033176309684806424	52.32195353652188	0.1688546580479524
0.8279157743556552	0.0006620090419818348	52.115986578066	0.16945883072200135
0.8289076543006492	0.0003302494063724597	52.23246425340026	0.1689681949368977
0.830226646997681	0.0009877437893891783	51.8100877462787	0.2264355146385531
0.8321976551737017	0.0009832711561110867	52.242552377914265	0.16467790536267046
0.8344859156219823	0.001304138678855848	52.27242314794078	0.16857745654265738
0.836437731073529	0.0006491453710048328	52.59202096601504	0.16740930116835653
0.8377340850740763	0.0006472105836081205	52.57358929246946	0.1855356321024933
0.8387038176484082	0.0003228835223277572	52.83915856878498	0.17341291496337904
0.8393491049275924	0.00032240412890520626	53.041207106259534	0.16539402555655128
0.840315241915142	0.0006433754035828988	52.86535285188933	0.16689974115763476
0.8419207092622948	0.0009615021183421278	52.76899928420129	0.17137367649193974
0.8438394686049223	0.0009572634697256633	52.74984748572694	0.17995655206123373
0.8457497879393084	0.000953062028075516	52.86375498478235	0.17492707475055327
0.8476517411901908	0.0009488973056269351	52.87877108657155	0.1853354453498419
0.8492303642036635	0.0006303029378730858	53.10715720236282	0.16927507236871223
0.8514308403532881	0.0015677935157794515	52.869039620728906	0.17492822292016608
0.8579661534569926	0.00494200896776274	52.6955149425798	0.1643551543717211
0.8637954912120084	0.0009142720925064952	53.0178081223875	0.1714037779555066
0.8719469598675457	0.007178174004871805	52.47584345542292	0.17547267122536717
1.5373249675098561	0.0044852246767540455	49.7165166105041	0.15324697067248222
1.5459284974114134	0.0040883608019502094	49.74798149161356	0.15324697204548574
1.554280994181842	0.004243560659464824	49.70587915162257	0.1547525776137996
1.5631249603380444	0.0049375521648410345	49.646965959808234	0.15324695350070516
1.5741292513259015	0.0048971428525489205	49.63070537286187	0.15324695086347995
1.5814799473458638	0.0030460162109560637	49.829520143947235	0.15324695737806282
1.5890583996044225	0.0055907895377739466	49.55817971826079	0.1532469573681847
1.600495386587622	0.004906240455883724	49.60339197064249	0.15324696409100275
1.6094083174193692	0.0040634188298734235	49.67042618171655	0.15372869813413073
1.618651423248442	0.005222520100135355	49.55221047953731	0.15372868623140476
1.6288367495038396	0.0048567294746987046	49.57928222125015	0.1532469523847226
1.6390750888066221	0.0055795460695780355	49.510498547292684	0.15324695854650586
1.648385034430675	0.0038197195587999187	49.6631183518966	0.15372870698435293
1.6558400117318972	0.0036526339060761128	49.67776515984159	0.15372870219562218
1.664096897525201	0.004207699907744865	49.61684049186009	0.15324695995167806
1.6731911018922787	0.0045222760479417526	49.57994748493887	0.15324697802442364
1.6815427260943268	0.003838010541775654	49.6311116652095	0.15423021735278358
1.6889261123960897	0.004356802710993197	49.45816204058548	0.15788653042147066
1.6978058725735372	0.004658307311110681	49.524422656933716	0.1537286912971381
1.706993354073882	0.00445147689822097	49.54072545674471	0.15324696418735695
1.7166816664384803	0.005015029304805	49.29707053091601	0.16098667504014105
1.7266394512394188	0.004230561707821532	49.54856576901083	0.15324696878681252
1.7335161945851496	0.003827805682454956	49.60322559096675	0.15324694846111328
1.7424914793692032	0.004441588582701869	49.54903173164459	0.15372870124276283
1.7502769151539925	0.004121238983124049	49.52098338405807	0.15533659794055776
1.7591795336610496	0.0042702773970835104	49.541872579948574	0.15324696467485147
1.766950234221377	0.003769857863584282	49.48060181827165	0.15662846020574442
1.7744814047158783	0.003639537906835178	49.58276736946928	0.1532469658387202
1.7821840276909064	0.0038853949702627667	49.540698761530024	0.15372869196315414
1.789389048103386	0.0033702339819713565	49.44265480168357	0.15993847095918864
1.7968997453456645	0.003766612259807674	49.57272608923674	0.15372869554948781
1.8043753693427607	0.0037530004108711395	49.57049699257301	0.15324695414396602
1.8116231206691786	0.0029013334732367444	49.49320829283691	0.16098667537686676
1.8170735585860358	0.0030450162060458915	49.66396432601505	0.15372869965339073
1.8232869208158116	0.003810539809941946	49.56336244961235	0.15324695467979657
1.8300142300386808	0.003077503648105954	49.62233618295171	0.15324696042114513
1.8378230673753255	0.004147769920101085	49.264170478958334	0.16453282316327653
1.844618938339853	0.003832539432488477	49.48686163570042	0.15388171239415185
1.8525206560105487	0.0028517064368453675	49.44688358903292	0.16098667572550626
1.8584847545554553	0.00370054080713596	49.50475303065644	0.15423022544094545
1.865996348403049	0.002949542042961887	49.586134772987045	0.15372868061937198
1.8715849093119399	0.0030959242087924116	49.37760581001852	0.159938483822453
1.8774496140242225	0.0032692467960742963	49.52924072287021	0.1532469671330128
1.8843305204948657	0.0028777586900319216	49.40265675007026	0.15993847337448652
1.889909074339708	0.0029708851624713237	49.55778925336993	0.15324696545526986
1.8956845681068315	0.002909691614022928	49.56913812284419	0.15372868872413142
1.9011046835710066	0.002409352245399056	49.488863657794674	0.15993847657565685
1.9064773240615644	0.0029480750775895503	49.3748589268641	0.1609866776476355
1.9128812507219242	0.00279604784832452	49.37622485154456	0.1599384918508271
1.9176805224430487	0.0025405406142452974	49.389875919352164	0.16098666423779395
1.9242487942311612	0.0032892559905059503	49.307230465337305	0.15993846795591893
1.9292315425777322	0.0024777919827801962	49.44269415516011	0.15993848183110618
1.9346874589889262	0.002829969317713399	49.38935994351991	0.16098668489227602
1.9400910235312394	0.00282885114056017	49.56913101940049	0.15324696278905733
1.9451174522752201	0.002107017266625368	49.4955899978095	0.16209845360032135
1.949675188536864	0.0023776112416477604	49.44769058083991	0.15993846814572998
1.954451563865991	0.0025871989160250555	49.56393249472021	0.1537287086747637
1.9592139010866205	0.0023180084643933015	49.43224123094179	0.1609866864116494
1.9652065268955008	0.0029769417627280694	49.331914487950826	0.16098668209634856
1.9701310226156563	0.002681544377232716	49.55738500502501	0.15324695295917745
1.9755531653999077	0.0022930891896300308	49.42976600943753	0.15993847246176163
1.9801759123708287	0.0023206788911088474	49.412874404170914	0.15993848497564267
1.9850117081316325	0.002224092159227976	49.42609648237767	0.16098667099522027
1.9903502408918663	0.0030821780209005652	49.28829673088255	0.16098666139733764
1.995675686367837	0.002867470998851028	49.3150266098329	0.16098668159337579
2.001323137349985	0.0023896798801011005	49.37825301127457	0.1609866786080285
2.0055170956113577	0.002271055815576164	49.39254609360683	0.15993847458019775
2.010099814915245	0.0019181042236893827	49.45034247182487	0.15993848769091337
2.0146615974750874	0.0024433646925177553	49.32886829980812	0.16209846254263008
2.0197041161144154	0.0024939086756258747	49.357221637721096	0.15993848637166866
2.024295118168805	0.0026993419738651925	49.32220476436796	0.1609866810014942
2.0296719628332047	0.002401439635599203	49.38726861087113	0.16098668307644196
2.035366100631221	0.003049180686981454	49.309798825857875	0.1609866734251881
2.0410260628495456	0.002858733664980765	49.334555802493384	0.1609866914511608
2.045362102653348	0.0017454477386228961	49.54535830475964	0.15993847350375115
2.049159357136517	0.0019957572684493243	49.4500940362764	0.15993847399263528
2.052885249353895	0.0022917329313334473	49.34046645200559	0.16098667132746788
2.057990694203336	0.0021748194098176583	49.33783544633312	0.16098668618405138
2.0625299178326837	0.0021281004306443144	49.35573624717211	0.15993847718436252
2.067242581821393	0.0029511917748537508	49.19583971541057	0.16209845093755515
2.0753372965610355	0.005560268106182283	49.26213203547594	0.16098668542714684
2.0836257204759927	0.002130992732904576	49.53207003525447	0.1532469621650709
2.087709538927012	0.0020696461813668387	49.364656157661116	0.16098666400365633
2.092154493069655	0.002132784172966522	49.34846250104625	0.16209845917488036
2.095795007307265	0.0019448354433816571	49.38524002022019	0.1609866806383506
2.10065679876864	0.002571017962963707	49.247804629044815	0.16098668001355892
2.1049517279793846	0.0018015038585949541	49.399339887890186	0.1599384740879833
2.108158083173531	0.0015204486689817437	49.493045526415685	0.15870531545616087
2.111392641154961	0.001471685223906375	49.475581730642446	0.15993847307161985
2.114670849761512	0.0019159924912951372	49.362735213064255	0.15993849246585456
2.1186385840437976	0.0019307682703718738	49.34829817116341	0.1609866573507116
2.1221679708691408	0.0020403795964337506	49.31298022497942	0.1620984536388947
2.1262671473197328	0.0018538528392014271	49.37767959011603	0.15993848680984057
2.129552738831872	0.0014733920039301347	49.45790809150963	0.16098668052182757
2.132923549626468	0.0019240515922544557	49.32886322481538	0.15993847586070994
2.137145468747998	0.001734910728570569	49.35597473217835	0.15993848736186547
2.1405644433494437	0.0021696596600787633	49.25727033295803	0.15993848422189352
2.144739416431829	0.0019410339733428512	49.29041951079306	0.1609866747625428
2.1487592231483177	0.002039369938850426	49.27744501811195	0.15993847645415993
2.152183247773573	0.0015295760254582021	49.441297181116695	0.15870530273732306
2.155640411939089	0.0018979776440796057	49.32434419760223	0.16098669118037567
2.159769193898126	0.001797156633140757	49.37965004621538	0.16098666141924797
2.1628277860685197	0.001917342276698165	49.383658029489006	0.1599384793800342
2.1664407408832167	0.0014194515387019368	49.464864905420384	0.16098667674558595
2.169662378945952	0.0014952314684440137	49.40943809582956	0.15993847774585995
2.17308461471711	0.00450580412843455	49.219292536030565	0.16098666523782648
2.1813641929006016	0.001396807275207032	49.40498242687098	0.16098667097118652
2.185285658913616	0.002254632893899064	49.196887142366926	0.16098667682144543
2.1888946066771733	0.001620757311680542	49.33901342476206	0.16098668089448917
2.1922013486811784	0.0018241415511791842	49.304666095893744	0.15993847795256277
2.1959258951176204	0.001789414942820545	49.30193474006896	0.16098666948175563
2.19947599062145	0.001731583958230173	49.28525919040847	0.16327870497166594
2.2054764243718137	0.004822703567860641	49.107511918239595	0.16209845365917783
2.2126191566528757	0.0018195361678401676	49.241742459257324	0.163278728674156
2.216412240626065	0.002145377421453982	49.19001215113043	0.15993847775256353
2.220035632499812	0.0012871995382785337	49.41696918001806	0.15993849188423379
2.2234067392561183	0.0019110432511823421	49.25015359771031	0.1599384651101432
2.227102540655629	0.0020734095761556107	49.203956991931285	0.16209845792025082
2.2312159557417175	0.0020728267792579453	49.22151421914743	0.16098667800724045
2.2353374137357838	0.0019191721909297247	49.24665482966569	0.16098667145460327
2.2390311111550925	0.0014706999425617932	49.34923476706343	0.16098666722964633
2.2414762379235587	0.0036455702521060404	49.29442986652157	0.16098668172959907
2.2490916919828723	0.001540249401559836	49.3348557781448	0.15993846924251895
2.252397408077883	0.0017054344889528268	49.284470331889864	0.16098668230577412
2.256304428849288	0.0023076542524709857	49.15463256488128	0.1620984505813571
2.2631752225967032	0.0038676327146894463	49.243190022558515	0.16098668118465415
2.2685941712256836	0.0021709714391827738	49.18703318444517	0.16098667710609355
2.2735716419705514	0.0027488494114136777	49.09971365296528	0.1599384768262697
2.2776767875130215	0.001360172255999713	49.39411289470158	0.16098667280255988
2.280576035821771	0.0017407007674562144	49.29160851597494	0.15993848186328152
2.2841767064825516	0.0019303623392797713	49.23874281825369	0.1599384813525179
2.287960701058073	0.0016333159056723962	49.292334941508514	0.16098666413111035
2.2909200001956926	0.0013429725879664548	49.35387379406662	0.16098666387958457
2.2940064209323925	0.002020988944591197	49.148331264065675	0.16098667006606857
2.2977526570944513	0.0017012488973146978	49.202181914145235	0.1632787222397273
2.3018804908837938	0.002475914603450337	49.05138727675954	0.16209845939002657
2.306176945551124	0.001578054164642963	49.25823918842846	0.16098667395869037
2.3089954023727226	0.0012950584282584712	49.357245671627496	0.16098667396728117
2.3120736925392187	0.001685146551281976	49.23761796610506	0.16327872147200362
2.3154153550328616	0.0017091273397327913	49.25233117696138	0.1609866790234839
2.3191808253357182	0.0018308089749109163	49.23621291785468	0.159938477801244
2.322064427089553	0.0017462849201736208	49.22343878300534	0.16453283247473052
2.326842452356174	0.002410284138449365	49.06697987301776	0.1645328392318953
2.3307352383256976	0.0016953863042290188	49.23826378275757	0.16209845827356442
2.333781993265651	0.0016035010350167857	49.26388514008003	0.1620984605421297
2.3409903892893453	0.003720456484840206	49.142871771160706	0.1599384842936884
2.344653708886966	0.0014505539130310406	49.296978059908604	0.15993847245243548
2.347723717257545	0.0017118524125003109	49.23301155616151	0.16098667647312792
2.3509578395172657	0.0013718287599389142	49.35253252881769	0.15993850001311177
2.3544921082922543	0.0022505378432503107	49.11119526244256	0.15993848084968915
2.357885026287387	0.0014082485747657458	49.26920908706883	0.15993846845414492
2.361435302882705	0.0017492494688861738	49.14081598996933	0.1609866735392181
2.364124596908618	0.0013038984449423767	49.31060174970678	0.15993847482292278
2.3673726482342747	0.0017838029279205567	49.220129916923256	0.16098667540188563
2.3707886678566723	0.0014433633867411775	49.30144700410732	0.16098667067627073
2.374813182280699	0.0029728499709918647	49.263558398276345	0.16098667502965544
2.3798134202762413	0.0014719634969115488	49.216465626447366	0.16209845673954734
2.3823773034681133	0.001532320646167552	49.186694332224924	0.1609866721817402
2.3856814219923628	0.0017346780851321614	49.12442079649717	0.15993847591144175
2.39200707075407	0.0030443976757374923	49.123381548148686	0.1609866727390803
2.3955580087942656	0.0019708960577345205	49.025423083654665	0.16098667617436122
2.399119686027933	0.0014457203497298967	49.20931300519246	0.15993847606217024
2.4019053333738674	0.0013062692851035821	49.29196718980762	0.1599384792793538
2.404792942056175	0.00179021891779763	49.14884609193122	0.15993847969101446
2.407873113450799	0.001054437225311111	49.323200841722546	0.15993848244405715
2.4101882608342406	0.0016055084776643337	49.10589997642441	0.15993847924720886
2.4131681788470964	0.0025422162169017846	49.239911495611025	0.15993848701770588
2.418087874406506	0.0010977512978907669	49.25669308446262	0.16209846905296163
2.4207548396140623	0.0017936604821552201	49.04732730883906	0.1620984515459926
2.426100670936731	0.00300073125465779	49.11279975468516	0.1599384748506401
2.4323932191584476	0.0025045504650834283	49.26282308540643	0.16098667129900499
2.4353505689080444	0.0015960473723083228	49.1249234691658	0.16098667547537424
2.438267214566243	0.002816554001493368	49.12125982730052	0.16209845404009798
2.44497231850894	0.0028929169261574907	49.10416711088251	0.15993848459599053
2.451176492003132	0.002844002703020475	49.10753143182047	0.1609866750077619
2.455436020097524	0.0014964046616655052	49.134684489783766	0.15993848544195793
2.459351113361858	0.002709185383769805	49.136234198921265	0.1609866711676545
2.4640873428801706	0.0015129819616986253	49.11951223479289	0.1609866769843954
2.4672304260026965	0.0017950430994982502	49.03683955840587	0.15993848256078594
2.4704964321117284	0.001352496726781689	49.150131610517754	0.15993847978825956
2.4729727365678085	0.0012336921299029187	49.18111748536856	0.16098667579426337
2.478418116823181	0.002689778427142106	49.087824971306425	0.1609866765394005
2.480829913669167	0.0012859162700142213	49.15433038474021	0.1609866820177666
2.483736845082459	0.001885297929621367	48.990529520031984	0.15993848186019935
2.490735844681642	0.003765356350278884	49.075477126982044	0.15993847528370364
2.49520087894429	0.0016188105301341146	49.00066472053771	0.16327872288451473
2.4977463293165973	0.0010521925882259963	49.221897962069306	0.16098667956727103
2.500452519504292	0.0015367369183170514	49.08971324223063	0.16327871921419723
2.504642308834511	0.0024191112173478544	49.244006865195715	0.1620984561177277
2.5080073192336476	0.001318884995089231	49.202276118831364	0.16098668087517357
2.512183408758245	0.0023072758916165732	49.176201845345865	0.15993847910299036
2.5151878421013736	0.0013769978604968426	49.09687546051043	0.16098667448776466
2.517829057311646	0.001242582455273193	49.14819127563437	0.1599384798583574
2.520655825643301	0.0030751373475737124	49.260598902856174	0.15993848177767928
2.526671234640661	0.0012488348281130901	49.119459217997566	0.16098667446013407
2.5312800655290157	0.0025412619912740363	49.02931402237916	0.16098667360024577
2.534460899154422	0.0013087684310345415	49.07899583998126	0.16209845472468562
2.5389238405290118	0.0022250345381428153	49.13042126624652	0.15993848525926962
2.5412802676099564	0.001183828761906825	49.13969329407698	0.159938476595031
2.545689878155435	0.00233518071813461	49.0830505945638	0.16098667227741048
2.5484691094420096	0.001142032319446104	49.13700906522591	0.16209845209407645
2.5528674910604505	0.003103174638934702	49.13596200935186	0.1609866745169681
2.557571050438645	0.0021173331417753223	49.12698406691493	0.15993847963883648
2.5620346822621793	0.0022242018053209656	49.06195488965808	0.16098668046491943
2.5656289822559977	0.00107962283289798	49.10930062019582	0.16209845317127905
2.570086493325775	0.004556376837358063	48.901305242837196	0.16327871403035668
2.577166443218517	0.002604860032785495	48.951470259398754	0.16098666786160612
2.581815507052951	0.001192964458836294	49.10349396334565	0.16209845674760595
2.5841273109714664	0.0009845556002441617	49.2105176038115	0.1599384780325628
2.588427148543065	0.0029310312066012285	49.149133397242466	0.16098667809552533
2.593662871575543	0.0018509911031777471	49.25027940519635	0.16098667283764945
2.595738936080352	0.0010242561208989578	49.23480487632982	0.16098667286885912
2.5994533775274506	0.0023478253793017575	49.05246826285772	0.16098667927257934
2.602338296035918	0.0009677728092892129	49.17944260692671	0.16098667572838785
2.6060642662224116	0.0025579916021021983	48.920970305230355	0.16098666994694455
2.6110153794053272	0.001860168879575712	49.16777205973608	0.16098667353699989
2.613610103833584	0.001368721127764525	49.04424765439506	0.16098667338422468
2.616147376636397	0.001119403195781861	49.13519653173418	0.16327871985875256
2.6182889915486487	0.0011727628225815516	49.143194953509045	0.15993847550288126
2.6208572770869494	0.001097997869689953	49.09873763893934	0.16327872500677437
2.623428486066884	0.002023751286900663	49.01988388646181	0.16327872136181004
2.6267674228671885	0.0010370007213273975	49.090646661703936	0.16098667819159934
2.6306838958545153	0.001894308583104681	49.08524912204523	0.15993847612666034
2.634218306019619	0.0019605191526588578	49.055553028857744	0.16098667935126007
2.6366732812618436	0.0010816096358503486	49.08733162871792	0.16098667286153093
2.6384956567672218	0.0006774791685103113	49.29859116431848	0.15993848478549208
2.6399768496527423	0.000791124111364416	49.18544083930322	0.16453283607152674
2.642297324892564	0.00144668314089147	48.92783014950038	0.1620984568063659
2.6443800028546622	0.0007332659723889097	49.20416015498646	0.16453281902913625
2.6463132230659125	0.0011252474635902623	49.044607297326635	0.15993847914471543
2.649480897322015	0.002099981680010465	48.950281290639246	0.16209846507149236
2.6530887655249256	0.0019553771785663933	49.003338784609895	0.16098666968026928
2.6563744185636966	0.0009598175727877916	49.06589208134226	0.1645328318949112
2.6584798246614287	0.0011870631901223752	49.00942137071439	0.16098667340573886
2.6606424624953777	0.0011821397698901811	48.99998184252523	0.16098668147582135
2.6656865634305076	0.0029664887493379066	48.90167265535947	0.162098450163653
2.6704868229789	0.0018900070226890802	49.012010056365085	0.16098667075665854
2.675599521947641	0.0029767510917053028	48.906997465022215	0.15993848105833666
2.6791613021507246	0.0017483149268054145	49.04835043198001	0.1609866692306689
2.682188367071898	0.0009190134003145426	49.081542020032956	0.1609866774714486
2.685455558726982	0.0017307411237734165	49.041403261602625	0.1620984460013375
2.6874537254639974	0.0009494476438141234	49.09015903491722	0.15993847777791487
2.6909301918561144	0.0018570975851001771	49.02903401220559	0.16098667786888424
2.6936225668461318	0.0017112375549634994	49.11595181027289	0.1609866822772203
2.696664137389256	0.0017436271650914398	49.02925392226521	0.16098667285351836
2.7028662473001797	0.003509432745326731	48.922086797717796	0.16209845595814942
2.7069631809328234	0.0010407908752694706	49.08625878989625	0.16209845873579312
2.7126764611465326	0.0032010088810428524	49.0119691192865	0.16098667000337635
2.71540288279763	0.0008656090299331107	49.113045559456545	0.16098667843657538
2.718565986178094	0.0026035289996950094	48.91597915726011	0.1632787116502875
2.722514745158412	0.001566289983844	49.025152421672175	0.16586668529593
2.728156832227711	0.0035666200629654973	49.024991322794406	0.1599384838122034
2.7326730949576845	0.0009541740481371461	49.020682455949256	0.1609866725743553
2.7367184004084164	0.0031035530804589865	48.937615103920656	0.16209844964505407
2.741194240034302	0.0013746559452475326	48.881483819753754	0.1609866687627675
2.7438113706195315	0.0010172903132642825	49.027921726372476	0.1609866740309894
2.746189738738472	0.001860256937517689	48.95243959073433	0.163278723426853
2.750509779401388	0.0022757021595039154	49.053285339956005	0.16098667440879527
2.7543399053914204	0.0015805042107006697	49.08796028381782	0.15993847719005475
2.7568880035990078	0.0008322610608631954	49.107635708990806	0.1620984493460027
2.759470454877016	0.0018193440787905562	48.91233255905919	0.16209845835009043
2.762717604433009	0.0011438604909795285	48.9149794008842	0.16327872342644914
2.7656194629745823	0.0017248045704706296	48.93384469900681	0.1599384780880369
2.7688814261687344	0.0023197557067725924	48.91625883067745	0.16098666847678297
2.7735659235323875	0.0023982170201289166	48.85028520027361	0.16327871376226338
2.777885952781474	0.002105943939603662	48.96950697471833	0.16209845108023144
2.781883278962855	0.0015968203957539182	48.952034677729245	0.16098668074791508
2.7859952796551206	0.002313966833439846	48.90618201897385	0.16098666922164323
2.7901069914912475	0.0015077356132582763	49.006030882036534	0.16098668030592533
2.7933845098355827	0.0013039403604690556	49.104070961021684	0.16209845185321745
2.796016653844698	0.0014175365676634387	49.0449084795073	0.1609866759721381
2.797879664622717	0.0008690327025456403	49.01649172219877	0.16209844898040376
2.7994787522417073	0.0005996375286085931	49.17030855086266	0.16209845704087705
2.8014890229901765	0.0032129051897394085	48.97936502268351	0.16098667030685865
2.8078779849126616	0.0014853285925213121	49.080988333928644	0.16209845875781734
2.810097006078862	0.0006163650426636132	49.242264701217614	0.1609866735760249
2.8133481187143308	0.003355611385455004	48.89901840567795	0.16209846834285496
2.8185025070386462	0.0014752247003413823	48.93392629737124	0.16098667870470035
2.8237221212632253	0.003336063181557449	48.80737733184434	0.16453283952568387
2.8289789822615505	0.0016237347538514953	48.89753549348555	0.16098667696876065
2.8330895488309835	0.00207903174832279	48.882280895022795	0.16586669847711746
2.834912485334093	0.0011776211052846285	49.09886217903879	0.16098667298130614
2.8379128401674456	0.0013031074501553886	48.99693442157535	0.16098667326602928
2.839942245639924	0.0006534261486084861	49.103817395012	0.1609866747032014
2.8415391457701924	0.0010440665689026994	48.920766600063146	0.15993848058582671
2.8452930310451197	0.003347813773737898	48.859081048867324	0.15993847218618593
2.198049834386959	0.13646731474866064	49.233520308649666	0.1697776263594789
2.4261520159738317	0.05969947819215434	49.005231256364496	0.16978346139481534
2.5513965055138543	0.0425292804642307	48.99354058666647	0.16402216924089197
2.6087539002212194	0.02649550221554255	49.134136180327786	0.16978345745541085
2.6715853108313654	0.020682999595458083	49.128474203255166	0.16581245879016146
2.72126912653036	0.02867141743095728	48.78603538496426	0.17016547021008174
2.7695710223026917	0.015238960808158395	49.071155057658416	0.1687073895313467
2.7981002364948835	0.016480636360491675	48.97428905886035	0.16986591629406728
2.8327626682890132	0.018309664195783584	48.90799680816247	0.16725747091550935
3.285558924554854	0.005182463451948236	48.46532399395459	0.1714715459036511
3.295147234125245	0.004882940715389956	48.51271178846295	0.16934449476620236
3.3035203690698953	0.0036004199344207067	48.62421894753165	0.1674722865830194
3.31245479341804	0.005328652027502176	48.46223860113114	0.1707882754574402
3.3235101296955936	0.00545023944027923	48.37669602469734	0.16980071659491566
3.335892209396544	0.005935591408017794	48.379277769835554	0.17112734644076136
3.5378918103134294	0.007255682848300785	48.0643694441629	0.19666920112094063
3.5422703585933406	0.0014418799863036146	48.14430607419394	0.1685525719799717
3.5447070845193287	0.0012745036049855343	48.176619824249464	0.17014362167323496
3.547269611879002	0.001148222855102926	48.25536038895112	0.16236169713284956
3.5521778413360043	0.0008612636634037982	48.179930204393614	0.16897906994645623
3.5543949384928433	0.0011684828040972122	48.03097959432624	0.1703876971787713
3.5560280723598123	0.0007372661128810289	48.23221840755303	0.16992969662046165
3.5579020178311356	0.0008499863438992864	48.16189897664576	0.17062032694269294
3.5611173527637106	0.0030810800128798347	48.070759242084904	0.16238087248888636
3.6730212381278844	0.004752363459678725	47.808813023304	0.17508804186990706
3.681840414715119	0.003398128735988285	47.84606493386369	0.16835466395403376
3.6897828378441857	0.0009695965679888749	48.022093922633076	0.1699281049787274
3.6914084563286687	0.0007102710234805566	48.15608108995862	0.1701551207642834
3.6938184598670616	0.0016952306653056966	47.99030235898499	0.15845898862762417
3.699089919870753	0.0013398293648533024	47.79868863258272	0.17027748857689257
3.702477772460377	0.001966429103660148	47.82155301988279	0.15907939527876255
3.7073916179441	0.0009036887090227978	48.03746485371631	0.1703845054158793
3.709123605525027	0.0010364638924888184	48.027812135074406	0.1691876262571269
3.808987858215779	0.12945347654314648	48.12278773438764	0.16361684680143554
5.072207442001083	0.06563295585328018	45.918702722723495	0.19253257921642222
5.148074811735221	0.014382223038531977	46.13571761280276	0.18888023154055614