-2.1090269390632614	0.42370210973047806	51.844271154636836	0.10764972539626086
-1.639025259015717	0.14356842843731335	51.85078314416353	0.1066854939892959
-1.3051701134283427	0.03327927106952713	51.96597940518876	0.10865667901873913
-1.004972900574802	0.2000588824099955	51.540183181161396	0.08846411400945853
-0.7768347109923996	0.05915475406517405	51.64841982343195	0.09334665985334173
-0.7043598928138141	0.01668758843477639	51.90216811743938	0.09439166833094365
-0.6645249738797753	0.022837571515619378	51.712791785792874	0.11003772356671357
-0.6210955332103955	0.020664289602260858	51.63754264479677	0.12922652927379524
-0.5816169393081126	0.018868695926608944	51.79695221009491	0.09603209382261722
-0.4962429047399787	0.06200516143297868	51.56462051095925	0.08714875337994897
-0.4249261406671001	0.01315379554456393	51.756014680955076	0.11035345854666839
-0.383154952061875	0.027877683542585636	51.61989320873303	0.0933730607430804
-0.31680595191809935	0.03760125399646527	51.473195749008035	0.11081149078140166
-0.2445446214064647	0.034731981354643594	51.39671732590707	0.11884233768457048
-0.19534210394455942	0.015505902401835484	51.60248430624439	0.10850421567210607
-0.17023864321750026	0.009756685955236375	51.73902981161313	0.10275395708865577
-0.1262041814591881	0.0330597170526894	51.49638716782504	0.08980754297809648
-0.08422083018483295	0.010004480136241374	51.639712938868215	0.10642477459034909
-0.010763012246094661	0.05913365842495305	51.220600203429626	0.10822559029360336
0.05496318656148458	0.010165729402405265	51.582437987577045	0.10659595097897608
0.07621817741465864	0.011063065949501537	51.411851634676346	0.15148634302852607
0.09383353298544983	0.0066395731973279415	51.643104439161235	0.11100316117480287
0.1069137114039942	0.006442582442152534	51.319044430810436	0.21802343579574257
0.11710141170831667	0.0037759265241708783	51.78633211260653	0.10726015265167728
0.13558219506369185	0.014474472408207125	51.29716722106601	0.1545599743938532
0.15330854945859185	0.0034738926758673366	51.815822385061075	0.10287228603678167
0.16810706770333805	0.011191714532239997	51.22714955229129	0.20274904706808206
0.1899327619899711	0.010643168301842074	51.50892322848968	0.11062673490857973
0.22469077486124223	0.023578933554071285	51.31839508168328	0.11032784865213713
0.48880215086093837	0.18504512140287008	50.68571181190974	0.13108191612570316
0.6466808139749975	0.0037181155098798685	51.657763918233876	0.10165059772683258
0.6518552276301841	0.0014696315115339145	51.888872416787756	0.09285627737507196
2.7386284966161423	0.007166436842544866	48.751270834376015	0.10201086283794468
2.7544044803447223	0.008729491034402417	48.67429176745925	0.10672387171813479
2.7689990338229435	0.004923869387553591	49.01395687775793	0.09925424599671757
2.7796523394916752	0.007035330036870174	48.85043218661635	0.10287315360971332
2.7942355880164538	0.0069689179791719465	48.85643956290468	0.10287317825430149
2.806713372165234	0.005642962286016172	48.90499163577008	0.10182695998726836
2.822128858941757	0.009803128962732907	48.62983343509683	0.09954851419450476
2.8370794332964726	0.00631424614598729	48.780294282001485	0.10448647280404996
2.849840811413763	0.004963547499410821	48.87933283067032	0.10340498336364548
2.857389949891477	0.0037302224504444357	49.04092019240534	0.09743308073590462
2.8675963932443267	0.006446324931256513	48.744687421783354	0.10340496998437101
2.8784404691307195	0.004920542587770219	48.84397346458877	0.10394268089338932
2.888494303019286	0.004273737480084881	48.894125155660625	0.10234718902168273
2.898783758656232	0.005869223946353765	48.74330653434868	0.10340494792940726
2.9102377009884863	0.0055893871128638835	48.74533699060784	0.10287317028979621
2.921599518071389	0.0051975828775257	48.797587185610475	0.1028731240652344
2.9335408790893673	0.006501378458235624	48.72848355675295	0.10287313766042835
2.943569034117612	0.004705928111984824	48.86477139849574	0.10287317580016418
2.9557131201726916	0.005605799446464492	48.75826359694206	0.1018269375781381
2.9666332347136013	0.0056896993695445645	48.75122479446094	0.09907133499971635
2.978785207013309	0.006292084979704968	48.75417474076111	0.1034049682082545
2.9887677208300163	0.004346794353642981	48.82972657754653	0.10287316683655644
3.0017650664274713	0.00895166844342507	48.79274176776292	0.0765918251661455
3.216745383045808	0.0011916835761638	48.60502327578327	0.10205994305038638
3.2192904787046714	0.001434128648634347	48.53102091458777	0.10168464911279607
3.2229600763182695	0.0021640158809361335	48.64536838765159	0.0973038091240589
3.2266013235170785	0.0019620082131402285	48.73809341607918	0.09975032948429058
3.2304750975087284	0.0012153598895434622	48.90762466550365	0.10131242451843993
3.23339380381456	0.0018711827918236046	48.69283459405354	0.10204475627659874
3.2371918797619914	0.0016155769904604832	48.73729705608158	0.10278875072362102
3.2410386891655847	0.0020757824256439315	48.65614051777672	0.09940954898231745
3.2452482235707167	0.0021144880767744174	48.468575360546566	0.10167712401320216
3.2485602999932564	0.0016904000264733334	48.43568471950291	0.10131240426372586
3.251407506815709	0.0011581704765584082	48.8183032030255	0.10131238854904327
3.254458963716849	0.0018400845038444608	48.6047133264522	0.1027887181744089
3.258192483515942	0.0017673295344694533	48.63296337225658	0.10316520940499747
3.261396373136745	0.0014713917217972123	48.71119516095927	0.10316520684730389
3.264301520572083	0.001349166334961031	48.6432922119988	0.1016771055484869
3.267587671424729	0.002175846576515404	48.375258623433325	0.10082429202794801
3.271448731027972	0.0014377254166784558	48.752737112733044	0.10131242573691478
3.2744136795848435	0.001757472203943047	48.40209743863385	0.10243822064692301
3.277685962966742	0.001199195163410074	48.56658412976339	0.10205992053911381
3.2798605010421698	0.0013016868438613651	48.52534921096829	0.10131238274553879
3.283159307830175	0.0017811704549415362	48.53540536507323	0.09941656479570814
3.2863787411329275	0.001389139755042561	48.49470729618903	0.09976443497773885
3.2887709901429085	0.0011158455335144308	48.63763398140544	0.10131239894266673
3.2918354987068925	0.0019521826096943623	48.55507426811381	0.10204473674564989
3.295423831027641	0.002145423256346281	48.503217047726565	0.10316518057137031
3.2995390536729046	0.0017623572116779304	48.61783496041943	0.09940955352662248
3.304148903721071	0.0022566121553389746	48.43787906976222	0.09940956515589222
3.307493074433217	0.0012723318518985574	48.53192190873512	0.09907133245532203
3.3101791316651523	0.001669111441585352	48.58100052486846	0.10279643757474365
3.313777441482179	0.0016051835598479254	48.59261228468706	0.09940957993492064
3.3166803914806255	0.001295540374299535	48.50221110981376	0.10168466221276715
3.319328130853644	0.0013867035049587074	48.46342311522007	0.10168466241834632
3.3215905707070403	0.0011824130891679467	48.52311663707497	0.10205992797231933
3.3242648405433837	0.0019095991700494193	48.376249064147586	0.09504802824938438
3.439632618281105	0.0016143074134990264	48.26538858031488	0.1024382051179424
3.442923538374094	0.0016393900259296405	48.25013656998806	0.10359166613414751
3.4456170222342015	0.0010738231651956315	48.422615349883436	0.10205993100963087
3.4480466365569162	0.0011783136827947004	48.37132892225692	0.10168467678250669
3.449744689771194	0.0009169566072511646	48.470692171653155	0.10243820913767426
3.4523453782334723	0.0012031626357657701	48.38351004551887	0.10011498889581333
3.4544998782588054	0.0011246457020599751	48.42965282508649	0.09907132586458489
3.4568314798994555	0.001046449587044281	48.45778455776575	0.10131239216322964
3.4589153992158526	0.0012569127181165387	48.40180984375519	0.10168466609055046
3.461286473063816	0.0013215069921462723	48.40422659377323	0.10281957032705567
3.4638257257196914	0.0010652352517891812	48.456504494207195	0.10168467261700015
3.4664735387023375	0.0012705153763567679	48.33329386001504	0.10243823139244339
3.468456017968756	0.0010188113460658185	48.41793963504915	0.10131240237414421
3.470303603013096	0.0008745465734078476	48.48552625005941	0.10281956809449881
3.472216321935936	0.0009403657476700842	48.4583742235238	0.10281957528686153
3.4748129031896227	0.0015579567076686694	48.26378975803282	0.09941656157633626
3.4775089250193885	0.00123865212068094	48.32997075528816	0.10205991240295594
3.4805535260067586	0.0015374850921515645	48.21630333086354	0.10281955491805818
3.482921996092096	0.0011893194567313217	48.31466707046047	0.10320404347510288
3.485756300709439	0.001586700195083204	48.200471179658216	0.1013123920331887
3.4880297034368155	0.0008395832594681531	48.46831698451092	0.10205992898892312
3.490498601261552	0.0013023322059616857	48.298082645779715	0.10011500161007353
3.4929647466104425	0.0012285453480849655	48.32439077927757	0.101312413611476
3.494934901062459	0.0008263396139569451	48.52795696977711	0.09976442121839252
3.496845393941598	0.001217616555642859	48.347460712951026	0.10168465927494301
3.499624176140526	0.0011117542991890327	48.37429875904518	0.10243821838904976
3.5016174375946623	0.0012043105775543092	48.33829576580903	0.10205994147821693
3.5053222300952758	0.0024847990725756553	48.30536490872918	0.07542966185233084
3.5872118600895044	0.0020973284449162842	48.25067112849234	0.10243829617583783
3.5895867026460113	0.0011961282202136417	48.227726744495385	0.10011507859399657
3.592035880804092	0.0011629632991236583	48.23108688497581	0.10205997726803163
3.5943729437631875	0.0009989951708926032	48.32313617073631	0.0994165647535121
3.5970678641613922	0.001672107812693696	48.07861835482647	0.1028197224807226
3.5999661769369133	0.0012976491682978452	48.187754471270495	0.10281968057346715
3.6018699356110524	0.0010594168582310536	48.27793801044382	0.10243832859918056
3.604656231301413	0.0014120861168978537	48.149076757017916	0.10320420814176565
3.6072698182329237	0.001378086596700417	48.15655741913223	0.1020599902730062
3.6102305967226975	0.001191298456579739	48.2110253315157	0.10205997633199124
3.612712557188079	0.0012097088181120457	48.19763131844634	0.10243827766557784
3.6156659376428975	0.0017772419651800732	48.02627269429946	0.10398263659947998
3.6189249542042834	0.001639729204366909	48.059788104255205	0.10281967200402592
3.6213685396036865	0.0008646731637467518	48.34669759013832	0.10243829613903319
3.623514722637781	0.0012045710433485255	48.2061555615234	0.10281969567673223
3.6260461091339744	0.001564187235448185	48.09405565849543	0.10281968291622885
3.6289625430462387	0.0012138385516390628	48.21240997783587	0.1020599903475843
3.6327959967113808	0.0025505896152988833	48.10938816772699	0.08120868053706286
3.6950405986242565	0.0013426828121851446	48.15824650208456	0.1024382530232833
3.697076876230633	0.001037639733368591	48.295427849035725	0.10281963846104308
3.6994622992094026	0.001486016276464355	48.07788259476624	0.10281966817958746
3.702909861736808	0.0016175878955231623	48.097575420972326	0.10243827516913671
3.7056878117022665	0.001505552074715281	48.09984355743319	0.10243827018584577
3.70908260145615	0.001413083788804401	48.06523048383067	0.10281961636197187
3.711880654693151	0.0016446899692394944	47.929323535628754	0.10858763868243032
3.7151865702697933	0.001632225808149025	47.91028007789366	0.11066580052796857
3.7179167755439693	0.0012461685864953837	48.09970579752831	0.10281961031741288
3.7205867555121586	0.0015137642511994496	48.07235391455147	0.10281967434384445
3.7238982731020416	0.001365698136755373	48.19133057409559	0.10168471359711444
3.726614976286477	0.001395945565822684	48.04502424739551	0.1172683709693285
3.7290709011389103	0.001291683849338968	48.15551288306426	0.10243826523244907
3.7320103743763706	0.0016084141286569673	48.07962364054741	0.0992884012700501
3.7825415103005584	0.001680200260501678	47.9037473803974	0.11921616185055352
3.7853267818207987	0.0013549186048665701	47.95695160654935	0.10952265844694788
3.7880925322994132	0.001161200763275241	47.93411092692361	0.11728737870002687
3.7904732211093277	0.0012385409556901895	47.88501577514936	0.11766778839710257
3.7930535391696845	0.0012811182315030753	48.0077681430933	0.10178907997907795
3.795776314890034	0.0014880520421987657	47.85753248482369	0.11728737029256177
3.7980367442539125	0.0012336102931999856	48.0070786003078	0.11404463021030016
3.800739166413911	0.00117691933880318	47.984079606222224	0.11690960362450642
3.8030260695332734	0.0011544800369791628	47.96247098097414	0.11766776903270933
3.805647002825337	0.0014061318117881657	47.972596064031755	0.10202923705863041
3.808438851055125	0.0013168246866002017	47.9997103186096	0.09995976545770945
3.8117175700751487	0.0020718634387640153	47.82368783217591	0.09760745482182337
3.8542334122352226	0.0013151016225116747	47.81510217493342	0.11728739596752912
3.8577182958861815	0.0016916658930314443	47.695302918258484	0.12000685715327185
3.8606508200690213	0.0012815737845285331	47.84263079539757	0.11766780206192472
3.8626724499597556	0.0009354587378767109	48.117379327532475	0.10275739791449305
3.864742417096789	0.0012131330990305127	48.00446138863627	0.10251346919865545
3.8674846960899174	0.001387722960984437	47.84171677494337	0.11690961625671523
3.8700727777205923	0.0011425995088103682	48.00367211058338	0.10300266069713683
3.8722800453247466	0.001344755400759372	47.79710235399522	0.11766777147140894
3.8750775250944107	0.0011019569495255303	47.87224798666389	0.11690961769070034
3.8769446324086028	0.0011109432753028691	47.861837105321456	0.11653443751508577
3.88002535268169	0.0015796976677275424	47.93355453350663	0.09170019775582722
3.9163852191503308	0.0009894469884711835	48.043957289689985	0.10251124202983658
3.9187907181861767	0.0010960822278519072	47.86216428000117	0.11728465624397218
3.9206154697511275	0.0009798560543678	47.93903269705766	0.11690756421306456
3.9224262315933975	0.0009615126616100164	47.86821021022086	0.11728467320181744
3.924829536166362	0.001302051886371635	47.717269093185976	0.11728465948030477
3.9270964085690867	0.0014174683600746898	47.785387752072054	0.10503124487518288
3.930621059374583	0.0015878244501759799	47.632097239397936	0.11843167531338522
3.933052003078494	0.0010847819045348768	47.88446003877119	0.10776990236218674
3.9355876500054814	0.0014020097235773916	47.69049222324225	0.11920983790658607
3.938375875178715	0.001428709144130725	47.75810154796845	0.10922320192691706
3.9714594600875923	0.0014373732622661106	47.64621656754894	0.11804343509753606
3.9746053210859866	0.0017306228148383758	47.60931931962897	0.11138716488002767
3.977221280362768	0.0011976308665173486	47.715612953398576	0.1180434809786088
3.9802118460557434	0.0013407949160694304	47.66406292607773	0.11842793411378924
3.982611147960208	0.0013656638124830102	47.658124038126886	0.11842790976206165
3.9851855979856863	0.001357596517993093	47.66387766939627	0.11690601429263751
3.9882523369266583	0.0012312817579757701	47.693903540668224	0.11959745474151587
3.9904881592950545	0.001161556541173173	47.72580389485418	0.11766170701134367
4.021139607632942	0.0030603466003646194	47.49057175889359	0.09738353120084668
4.065228176463785	0.001609170366797404	47.52538559744471	0.11706283763150462
4.067304080281943	0.0008228658816471479	47.816655857854236	0.11684891493754103
4.06978325744426	0.0017155472634916276	47.487070144206065	0.11749330684602739
4.073222230248026	0.0013790744363793418	47.57526488713333	0.11749332149051839
4.07623066544767	0.0025310357065948573	47.50895863576195	0.09499724190165096
4.103496025927312	0.0019537395148902497	47.450929543746135	0.11902672434804906
4.107785831365727	0.001894235077719386	47.4553163254267	0.11792687277079004
4.111166546532843	0.0015596253537068843	47.520030201013725	0.11814509742079805
4.114733902819756	0.002459090089885391	47.59462543875303	0.08696913322346074
4.139073964798103	0.001353046263566988	47.53454111259837	0.11880526479260085
4.1420444172980275	0.0016760617942963413	47.41701410381707	0.11836437454870774
4.1446828082641645	0.0011698388332198047	47.573189145282775	0.1183643846446528
4.146800565177166	0.0009799497620780124	47.64972846499925	0.11727754580873714
4.1497919844352325	0.002258991304370252	47.391379893950734	0.1055141406093138
4.172736116225438	0.0016172284286626534	47.447035165331755	0.11749317384205595
4.1771061127018285	0.0027760474348780947	47.21011891594401	0.1192496584477998
4.182372980377546	0.002504989297748628	47.32865563163173	0.10879210113272395
4.202938091036139	0.0009258684385766083	47.66470524710033	0.1179270385216713
4.205245186249232	0.0012172164428532856	47.54150669008599	0.11836437654203606
4.209993754389077	0.004293540638453757	47.25483682407263	0.09017188491421275
4.232144281588191	0.001483110710854445	47.44404894793787	0.11749319228307017
4.237952380373977	0.004550787222956658	47.17198167192008	0.09683875450429617
4.25972807392404	0.0014827373459855829	47.35746843479504	0.11858447934671558
4.263210005910093	0.0018597562829758786	47.24133169864473	0.11969779508749927
4.266834384981866	0.0023137358811305335	47.27085233635585	0.10509780323526728
4.286068770761975	0.002657292285978201	47.06116978458328	0.12083375165121409
4.291477956808641	0.0026771821432423387	47.129186486391966	0.11205715586574809
4.312699346666596	0.005062251107209985	47.04346310035794	0.09113919806931522
4.335042696787346	0.0048043642406336105	46.99747391247753	0.09660162869797813
4.354594346439928	0.0019525040415627746	47.18395211864102	0.12106395180631704
4.358690994093695	0.0026144830255222583	47.249910414708104	0.09281703925083498
4.3771300076942685	0.004357003058826357	46.823584150113525	0.1188271457602591
4.403681789104053	0.012556188702658221	46.95451987318019	0.08058779282876019
4.946308577688958	0.03886915812146455	45.91306794513867	0.1143955075958305
5.301924538710768	0.026599636869922352	45.41570822334492	0.18467183885487892