-1.8835258961319792	0.4136134588825042	50.026673825788585	0.03889095157519964
-1.420415644824039	0.1423916133755411	50.24251682075208	0.03827240139134357
-1.2014241661348308	0.08599890710456697	50.23890267368606	0.03697214784411122
-1.05652645325531	0.06160205771223835	50.18956346118325	0.035565061217124105
-0.9480669340378062	0.04798833700194272	50.37121997174908	0.03510713337858275
-0.8613532574185412	0.039302667155134995	50.51013176286351	0.035182424970602186
-0.7891050391584583	0.03327927106952713	50.390759718896014	0.035428875109826445
-0.7271790192048515	0.028856774469055508	50.26181322061051	0.03526420320324633
-0.6729911495006076	0.025471816390246056	50.31803611354401	0.03564837879928151
-0.6248205636364311	0.022797610512999486	50.40778109224963	0.03533536783092751
-0.5814634522394698	0.020631567175093967	50.39665137481474	0.035493639888177726
-0.5420446018519813	0.018841408598794768	50.3646338868712	0.035652876417489286
-0.5059078097018821	0.01733710485148573	50.47235708921999	0.03589148974207019
-0.4725482775586338	0.01605524893256166	50.67340669918013	0.03584601837548543
-0.44156939411678287	0.014949895609903738	50.56085358533324	0.03587608144138121
-0.41265393309616516	0.01398693958883527	50.555184723145345	0.035629161606548936
-0.3855440797339016	0.013140528901062983	50.71206356220358	0.03568061001310109
-0.3600275265210149	0.012390712851590963	50.73856018288949	0.03593990923640758
-0.3359273237408029	0.011721848115539025	50.65421731892109	0.03568660074948001
-0.3130945029554257	0.01112149751071231	50.663287014761835	0.035337066511107816
-0.291402384327698	0.010579646343671825	50.63427333092628	0.035308540694762906
-0.270742379146646	0.010088141035096181	50.62637216429978	0.03540976436578028
-0.251020744102625	0.00964027693767542	50.62207602722387	0.03528024965644571
-0.23215591575482938	0.009230488419610541	50.369608732236514	0.03458464539660633
-0.21407653556815048	0.0088541179186277	50.482951001076295	0.03428730216664943
-0.19671979165534506	0.008507237506422037	50.676329231151065	0.03399899677246234
-0.18003015352805102	0.008186512316493522	50.64343974315511	0.033967902236194954
-0.16395822187686449	0.007889091404345249	50.72779589135662	0.03396209636832604
-0.14845989960989087	0.0076125238385397935	50.712216869713004	0.03396722933053621
-0.1334956384193618	0.007354690550270386	50.81553807927764	0.034067524132273576
-0.11902987521692684	0.007113750698155594	50.79098726127527	0.03409085890017378
-0.1050304555191556	0.00688809647982279	50.65477911065258	0.03410202070149432
-0.09146823833239526	0.006676317845573732	50.577795137433895	0.03413409701339971
-0.07831675992529286	0.00647717343381777	50.640534062886694	0.03429056734212789
-0.06555186191416654	0.006289565263626177	50.535451545603664	0.03443385396897783
-0.05315146512833302	0.0061125191276058055	50.60444231319598	0.03427929518114095
-0.04109532068517932	0.005945167386448539	50.55840913615722	0.03457033984647406
-0.029364846905827857	0.00578673524463275	50.696896327108774	0.03476851910185748
-0.017942902828977453	0.005636528001401511	50.84977664690954	0.03554299420950618
-0.006813665705550115	0.005493921272591383	50.97770159446709	0.036037227193359445
0.004037476844172494	0.0053583526090676395	50.93746623617179	0.036170643171663554
0.01462409219445221	0.005229313440307428	50.92385354391921	0.03648064660204856
0.024958771208969333	0.005106343131854079	50.948709751154084	0.03723543247691699
0.03505323409994032	0.004989023296702821	50.87537685289722	0.03687790237197283
0.04491838032286202	0.00487697338687222	50.67616585725645	0.03833289027194281
0.05456440462481496	0.00476984604207243	50.81718622644704	0.03757421451148691
0.06400083697304523	0.004667323773436985	50.81866035131086	0.037601576911829686
0.07323657870065511	0.004569116034985563	50.581560099704305	0.0385039967223509
0.08227999529923144	0.004474956012877085	50.595702403446055	0.03784990677984556
0.09113893360278433	0.004384598514854643	50.48713362673806	0.03861575428698348
0.09982077621025462	0.0042978176968395745	50.812549065937034	0.0379575920019939
0.10833245264517763	0.004214405435173458	50.86581613239162	0.03876525427348504
0.11668051151257389	0.00413416927038523	50.809932632929076	0.03898055923327557
0.12487112470745534	0.00405693118680591	50.78037232377701	0.04017687917233147
0.13291012729466115	0.003982526173724244	50.58874884941721	0.040860343318791244
0.14080301858483993	0.003910801269015972	50.64995149199566	0.041613338004688305
0.14855502076155905	0.0038416141755364033	50.460084181234926	0.04154052112993677
0.1561710811459436	0.0037748324944223335	50.333480873365374	0.0414724324844607
0.16365587456741718	0.0037103330208440566	50.5968522182205	0.04026276969407291
0.17101385472314287	0.0036480006857818287	50.81381858173809	0.04011754511890878
0.17824924725876798	0.0035877280722309336	51.11847263240871	0.041985364415080384
0.18536607532664776	0.003529414704077565	51.06227379949062	0.041802877793615634
0.19236815186426556	0.003472966659950633	50.87191551609588	0.04279419696614096
0.1992591237409634	0.0034182958069263725	50.70061348685613	0.044795610553704984
0.20604246685074243	0.003365319478138056	50.83913708455287	0.04330921812090466
0.21272148182118986	0.003313960168531097	50.896629099525235	0.04588601479906867
0.21929933403675403	0.003264144919017095	50.829968964457635	0.045470525875698456
0.22577904232473892	0.0032158051301244108	50.43776750752692	0.044717175909029384
0.23216349709004933	0.003168876172273176	50.57900248847789	0.04421483543019444
0.23845544907570873	0.0031232972365986367	50.856276519845515	0.04291081608642263
0.24465754506588613	0.0030790108617516467	50.65543646042069	0.04355231476440279
0.25077231997506966	0.003035962801753112	50.61216852688869	0.043508774090072
0.25680218968031865	0.002994101896469735	50.5650215285295	0.04424722875439178
0.26274948412772003	0.002953379675892138	50.52493049455054	0.044163383496808775
0.2686164344300115	0.0029137503023361887	50.599246782906604	0.045515421535341515
0.2744051867641222	0.0028751703374362654	50.760804284213485	0.04204840963030722
0.28011778987243796	0.0028375986977163432	50.73604109613963	0.04175059772833859
0.285756225328055	0.002800996335826257	50.717951053158785	0.042462291538998276
0.29132239433502416	0.0027653262211020076	50.819195168238785	0.04415723530172358
0.2968181299875421	0.0027305531598894118	50.69907388610736	0.04511644037292602
0.3022451845521057	0.0026966437828511353	50.719879593908054	0.05030872683448244
0.3076052574187642	0.0026635662824151017	50.464355517128794	0.04580336989053677
0.3128999857715735	0.002631290393937157	50.574861139007545	0.0447612127310922
0.31813093596613606	0.0025997873728379824	50.585370931705704	0.04784907526815143
0.323299630006858	0.0025690297646820503	50.448977204718254	0.0480380194854665
0.32840753236465337	0.0025389914222800286	50.816348664696534	0.048604286965884994
0.33345606017642215	0.0025096473856012435	50.995079004409206	0.04549625626622925
0.33844657059133354	0.002480973899653178	50.478203358580025	0.049517699501820986
0.3433803855522759	0.0024529482189574975	50.366269637914215	0.04950873749343964
0.34825878241133845	0.002425548615253584	50.826914400611585	0.047144883842011306
0.35308298518973646	0.00239875438049083	50.71565648004757	0.04702763844300478
0.35785418824998083	0.0023725456519647086	50.80264333707571	0.05171333613464805
0.3625735434809947	0.002346903445418572	50.28226445668856	0.053682201871241696
0.3672421690822998	0.0023218095700427424	50.42318143029321	0.05898524193762211
0.37186113726881864	0.002297246659901119	50.98573541469174	0.0514553884896591
0.37643149663735265	0.002273198021521308	50.69293089337466	0.052354098489071285
0.38095426298772583	0.0022496476539596638	50.236599085555	0.04916829601710462
0.3854304107228177	0.002226580264288969	50.27145080831422	0.04914181968064967
0.3898608943433173	0.0022039811290681323	50.496566258200005	0.045307344400163735
0.3942466361472554	0.0021818361336218652	50.244613405274556	0.04832498672496312
0.3985885339885542	0.0021601317089029923	50.07338436529236	0.04748738939077661
0.4028874494652719	0.0021388548681869233	50.447923451363394	0.04355386578451147
0.40714422837007114	0.0021179930840185476	50.32353378991786	0.046701949519095495
0.4113596887095612	0.002097534328681027	49.92851943838606	0.04970212315843311
0.4155346279946114	0.002077467019930127	50.516338973257575	0.043317711772828296
0.41966981172688966	0.002057780058697504	50.665355179732074	0.043034191072222366
0.423765992917586	0.00203846271881463	50.277871769555404	0.041497591047349354
0.4278239034410818	0.002019504673674028	50.264740894210405	0.04143891718872248
0.43184424587399173	0.0020008960190062096	50.28285961299387	0.04198742318157151
0.43582771237732176	0.0019826271707895156	50.492362494121295	0.04242311737899292
0.43977497328400517	0.001964688905598093	50.29002867178369	0.040551693880197
0.4436866837148198	0.0019470723178093995	50.21772094664121	0.04133745563666287
0.44756347259393703	0.0019297688571656589	50.318605087026455	0.039164439337909494
0.45140596075308626	0.0019127702361086548	50.42369855700321	0.03856764606536788
0.4552147526642557	0.0018960684569850146	50.63203225724434	0.037564375413556776
0.45899042860677564	0.0018796558358473016	50.438810315339076	0.0377145615765623
0.4627335622342875	0.0018635249159360127	50.66951645837004	0.03677235130897414
0.46644470971696794	0.0018476685064108672	50.72520704324023	0.036723943112638296
0.4701244158177409	0.0018320796475925136	50.546181647188675	0.036799747477202535
0.473773203424506	0.0018167516470691196	50.786129708284776	0.036922473120495826
0.47739159045443447	0.0018016780003698907	50.81957832794423	0.03625864642261632
0.4809800819637611	0.0017868524174917536	50.73114333224594	0.036102321734285424
0.48453916264744934	0.0017722688464630481	50.74202908926429	0.03604559989768317
0.48806931328205183	0.0017579213987773915	50.74136573205626	0.03602685493840086
0.491571000394754	0.0017438043858591414	50.83780610709788	0.03528876904069026
0.49504468189585826	0.001729912290137735	50.74528846982464	0.03524470364698841
0.49849079710265576	0.0017162397991176504	50.753377848925055	0.035113700285509336
0.5019097826088236	0.0017027817364554125	50.916231738907015	0.0353890812733588
0.5053020622395846	0.0016895330970162967	50.77108937224528	0.034871070028157924
0.5086680524636362	0.0016764890205909079	50.604900524232704	0.03513188291628788
0.5120081526845295	0.0016636448246955596	50.69332567736632	0.03501273760441908
0.5153227605789573	0.0016509959406150595	50.70301409545395	0.03532664709730653
0.5186122647682642	0.0016385379378183438	50.831638710220986	0.03526491687995133
0.521877037821326	0.0016262665459966332	50.79247920339314	0.03498699923880572
0.5251174512192867	0.0016141775944538076	50.654899862668174	0.03492621714445144
0.5283338657840172	0.0016022670446676508	50.72322815624545	0.0350334214615041
0.531526636749478	0.00159053096775922	50.74668791820681	0.03503206183472161
0.5346961044964947	0.00157896557503676	50.64648821163826	0.035088229067139716
0.5378426090490598	0.0015675671614200823	50.53333611716988	0.03536401801826398
0.5409664830767849	0.0015563321282940881	50.64137281195646	0.03490150556394159
0.5440680451976366	0.001545257004290663	50.57485893107316	0.03528816920585651
0.5471476141431295	0.0015343383914575303	50.583753428082034	0.03556175909633882
0.5502054996255717	0.0015235729954013325	50.56986839050514	0.035522205529281314
0.5532420071153242	0.0015129576056885027	50.65347796006975	0.03554406393552497
0.5562574289876966	0.0015024891241930752	50.6598924736995	0.03534448490372724
0.5592520582710667	0.0014921645146002524	50.45733559822958	0.03688121718359442
0.5622261819582834	0.0014819808236953595	50.847444726751185	0.03587299820976056
0.5651800745912258	0.0014719352008417657	50.73245565852272	0.03613596231535391
0.5681140117128842	0.0014620248497707203	50.64559110799393	0.03574838611642815
0.5710282611405145	0.0014522470564527074	50.76652178140114	0.03602356512357398
0.5739230874854816	0.0014425991718394157	50.79094685902501	0.035773907845232863
0.5767987436823587	0.0014330786381397166	50.76167106805496	0.03595814815261392
0.5796554840666971	0.0014236829434069172	50.61510482274504	0.036178732682527796
0.5824935558662294	0.0014144096481893123	50.776851045070465	0.03531151713990958
0.5853132035872731	0.0014052563694067044	50.65488151620044	0.03602779713881524
0.5881146607495367	0.0013962208055094763	50.60820993955907	0.03612392360179378
0.5908981626109236	0.0013873006936105496	50.77131003592443	0.03610746573158858
0.593663939921367	0.0013784938284537357	50.71129810959182	0.03592932802650406
0.5964122129137992	0.0013697980799045955	50.749730292110726	0.036112447945820705
0.5991432037770906	0.0013612113518441952	50.728512788248565	0.03536222710492399
0.6018571285061837	0.0013527316068241723	50.5723647873748	0.035890454598772485
0.6045542010750915	0.0013443568516504165	50.652358465023944	0.0363440262899632
0.6072346255109299	0.0013360851607110912	50.79569339642987	0.035853539290613794
0.6098986080468333	0.0013279146370454725	50.780908840593824	0.03578935973990848
0.6125463511317679	0.0013198434299614575	50.70784068165942	0.035688453360294255
0.6151780476580355	0.001311869751348351	50.54479372005085	0.035451700417579106
0.6177938928851894	0.0013039918382592984	50.64143164856709	0.03523440969306762
0.6203940766224043	0.0012962079757472022	50.741135992562796	0.03577378843583071
0.6229787872099102	0.001288516483873226	50.81969866282203	0.035669122327083705
0.6255482039077085	0.001280915739359654	50.804151582086085	0.035685917551437296
0.6281025085277655	0.0012734041400497644	50.78668445663636	0.03551592263438153
0.6306418796816315	0.0012659801212807722	50.86059082985658	0.035687138127938646
0.63316648722855	0.0012586421710999516	50.95332313551023	0.035736699260295185
0.6356765036983809	0.0012513887960367903	50.84325944316617	0.03567931693398466
0.6381720967819179	0.0012442185422863895	50.81423053510061	0.03610791525014548
0.6406534331391023	0.0012371299839229806	50.77600225288331	0.03666180367104059
0.6431206710800283	0.0012301217430260324	50.78210448620028	0.03647291193414967
0.6455739717206648	0.001223192457086805	50.87530069283092	0.03678549066145829
0.6480134916391097	0.001216340799317319	51.017821222203466	0.036502992476734566
0.6504393865919796	0.0012095654674718834	50.91902104566643	0.036908204103114156
0.6528518043531549	0.0012028652031633488	50.995713919506805	0.03651100358895417
0.6552508956148898	0.0011962387607847283	50.971281401701624	0.03749125411160683
0.6576368085759688	0.0011896849221350733	50.97476410097023	0.0385170688973594
0.6600096837070891	0.00118320251008024	50.91007484265927	0.03795607134034238
0.6623696644687255	0.0011767903585397136	50.73113006656993	0.038734936166046126
0.664716890241626	0.0011704473313782068	50.85287773914291	0.038065883960553173
0.6670514998934951	0.001164172312174489	50.688728045707435	0.03825099189178706
0.66937362487881	0.0011579642222219644	50.75018151326763	0.03830974536295915
0.6716833997219804	0.0011518219918494339	50.99975559038402	0.03960247634327102
0.6739809568032402	0.0011457445740586376	50.97310532219299	0.03908938946184725
0.6762664213089823	0.0011397309572976407	50.93625934394511	0.039928696799581435
0.6785399215456857	0.0011337801377224361	51.05385295473966	0.03938886490625874
0.6808015821257513	0.0011278911368028677	50.987884696600844	0.04063653274373427
0.6830515273968369	0.0011220629919143092	51.01611634905525	0.04131663577803116
0.6852898747851742	0.0011162947731415658	50.78366637539594	0.039526470282318
0.6875167448923726	0.00111058555672218	50.827323998425655	0.041437632572259714
0.6897322564658313	0.001104934437782656	51.0192783817824	0.040091808853693574
0.691936521522121	0.001099340542298161	50.70731474245559	0.04226955756000574
0.694129655286975	0.0010938030013716792	50.829049066245894	0.040888554641958896
0.6963117696193024	0.001088320967672607	51.237205551908424	0.039620927394213766
0.6984829763139623	0.0010828936067490483	51.14746333901667	0.040731048472626916
0.7006433806725904	0.0010775201127424148	50.701673442216055	0.04041790376035733
0.7027930912420789	0.0010721996837192202	50.718074138719786	0.04171354288350239
0.7049322133676036	0.0010669315374909507	51.12420721787982	0.042279107009978376
0.7070608524274014	0.0010617149032990604	50.784052902565485	0.04125418725419586
0.7091791075269822	0.0010565490369511153	50.87992333701767	0.041629047381318014
0.7112870810442544	0.001051433197140125	51.345171348010275	0.04254625270851339
0.7133848738659505	0.0010463666569214638	50.84408454075972	0.04224474683872131
0.7154725807612556	0.0010413487145289157	50.818179951811715	0.04472590499095856
0.7175502997869693	0.0010363786703952375	51.131696203214794	0.04445769550279908
0.7196181260548579	0.0010314558419661163	51.151863844536805	0.04363587563519125
0.7216761548542611	0.0010265795559786012	51.129954251619864	0.04042768743187908
0.7237244755515123	0.0010217491626551389	51.00488262872004	0.04517228302903413
0.7257631808148468	0.0010169640136104912	51.210121490194624	0.04615790992020002
0.7277923620064404	0.0010122234726159048	51.05704120089771	0.04225900301411753
0.7298121047028419	0.0010075269257644398	50.753502323856075	0.042777829532255895
0.7318224977892276	0.0010028737600086479	50.81390581314339	0.042420277965342465
0.7338236274276337	0.000998263377057482	50.79073592454567	0.04369352349350071
0.7358155800752296	0.000993695186183345	51.31089041303639	0.04474429709239005
0.7377984365763386	0.0009891686175554162	51.318185379957825	0.04203576248228088
0.7397722810882242	0.0009846831015762497	50.86478212745833	0.045816639034659865
0.7417371966191966	0.0009802380789940453	51.272651201899585	0.04273194976105125
0.7436932606871169	0.000975833010470682	51.076098122534596	0.046028938267596645
0.7456405541229236	0.0009714673564879968	50.91312221959757	0.043908571507218795
0.7475791552274683	0.0009671405904070965	51.25701081673077	0.04407648653452162
0.7495091426924625	0.0009628521917488242	51.372116261759615	0.04440701888178498
0.7514305898735714	0.0009586016587393544	51.0023118031849	0.04194401933363152
0.7533435734361072	0.0009543884889394011	50.97414891971737	0.042296558996169784
0.7552481676145418	0.0009502121918573105	50.94727481665091	0.04459803107825614
0.7571444470807004	0.0009460722824783368	50.98256716152585	0.04436463675877947
0.7590324813155257	0.0009419682933899576	51.39279857482867	0.04483549082274141
0.7609123431025667	0.0009378997560949805	51.6769936305357	0.048553536944112144
0.7627841042782513	0.0009338662102078871	51.45371364328451	0.04467399689642468
0.7646478315914179	0.00092986721218022	50.994629659829094	0.04553565068149068
0.7665035950861591	0.0009259023171027102	50.86496724837237	0.046725882327469444
0.7683514625327371	0.0009219710905890746	50.84078848033128	0.04462669481967879
0.7701915022080495	0.0009180731027072205	51.035742926109336	0.047538355663985975
0.7720237774322656	0.0009142079394166898	51.22298011100102	0.04932574873290041
0.7738483548085955	0.0009103751849930292	51.03913211521171	0.04858903817715302
0.7756653000986098	0.0009065744307021566	51.17997199944308	0.04943266499012603
0.7774746742005054	0.0009028052830437318	51.16990542704599	0.048797508588364936
0.7792765412847678	0.000899067346621172	51.075813605780084	0.051090261135378984
0.7810709633867094	0.0008953602353559769	51.345062111313354	0.05415023779615452
0.7828580031045619	0.0008916835667830647	51.81581093745449	0.0554211967097978
0.7846377182917447	0.000888036972855697	51.44508977343872	0.06314583229982766
0.7864101700577825	0.000884420083383411	51.23643917954445	0.057156326702753155
0.7881754187616542	0.0008808325342261886	52.09778215926487	0.059839249376678005
0.7899335201023141	0.0008772739750932183	52.2737946958401	0.05543266470200959
0.7916845330214627	0.0008737440533881867	51.496889411302654	0.06398841900020778
0.793428514448715	0.0008702424248078538	51.369640349754576	0.06070340001896711
0.7951655219221812	0.0008667687479685296	50.883347965620025	0.0643587982093723
0.7968956084278769	0.0008633226946282727	51.149535457719345	0.059229118007012256
0.798618830175339	0.0008599039340520774	51.40444278351607	0.08246194911254842
0.8003352414262788	0.0008565121432805537	51.21760473516901	0.07800936689003223
0.8020448970728518	0.0008531470019324556	51.084095353034485	0.06254231479706501
0.8037478475576185	0.0008498082021142956	51.791630518874015	0.06078250611497791
0.8054441465260536	0.0008464954332804359	52.53811959433871	0.07164615242819143
0.807133846992566	0.000843208389747235	52.10523396622969	0.07738912366464876
0.8088169975954802	0.0008399467778603992	51.69804809515084	0.06806783846993722
0.8104936501598226	0.0008367103012106851	51.881027055565866	0.08917947719204593
0.812163854665882	0.0008334986703606112	52.279324786217856	0.07850313845022615
0.8138276617567586	0.0008303115979341746	52.478858571184524	0.07671679677415168
0.815485117793411	0.0008271488080123438	52.404939129953554	0.07886056596933473
0.8171362723009605	0.0008240100218037374	52.324573305655214	0.07780509847167202
0.818781174237142	0.000820894964768169	52.08305700080594	0.10254338935472157
0.8204198683450448	0.0008178033734201997	52.03804282054897	0.08100682450581422
0.8220524025144735	0.0008147349813271092	51.66990567056639	0.11231227068323563
0.8236788228831298	0.0008116895283346904	51.73001059784267	0.10027629704814865
0.8252991762772857	0.0008086667559203222	51.922145922528856	0.09113904328252952
0.8269135053949959	0.0008056664161126384	52.05044683775304	0.09314701766447651
0.8285218560570873	0.0008026882579087477	52.218622219350685	0.09455338451443562
0.8309232700092835	0.0015965241476018856	52.06587954305964	0.10046729796052442
0.8341046367928338	0.0015848717522759623	52.033598972596224	0.11040559346700703
0.8364754621147741	0.0007881217334837081	52.02394375356807	0.10705912104279751
0.8380488517201201	0.0007852716419243261	51.46777837377979	0.1152076834907589
0.8396165617200124	0.0007824420897107019	51.15081701683895	0.08933686969616288
0.8411786329713797	0.0007796328556130416	50.322510600865684	0.18343456482012488
0.8427351070494375	0.0007768437194967432	50.490929606022604	0.08435917147450228
0.8442860216195214	0.0007740744705631761	50.60881920580768	0.09024585832138574
0.8466020585665395	0.0015399148359851573	50.44191190291541	0.13922654282284544
0.8504348824540655	0.0022895763914348357	50.983926419929944	0.08061353468844701
0.8534769721381277	0.000757864900710499	51.37677655335155	0.10397336092637899
0.856497900376894	0.002257834580765134	51.15725361240865	0.18011335699824335
0.8594979606536663	0.0007474304818748596	51.9865241164312	0.08904945118298215
0.8624774385601235	0.0022269608499115396	51.936658685012624	0.10726276847349876
0.8669086767203051	0.002204354022028519	51.853667148769865	0.1303338345572733
0.8705671473251706	0.0014572417804287461	52.02928256040135	0.10151827571389498
0.8785089182339525	0.0021462539255639543	51.97091639595919	0.0966150917554403
0.883488190684105	0.0028290496320617733	51.714324316504886	0.13326100946454605
0.8877111664599211	0.0014008369712096515	51.96586363328477	0.10732626919383095
0.9161752448432428	0.026239376583664945	51.22747961248716	0.10959788125821034
1.1156664571595682	0.1433766429980994	50.131869099400724	0.10135381767296409
1.4966936124248378	0.194049953994113	48.682990437095306	0.1389144905371729
1.6930838149592018	0.020618558002980725	47.940249281195456	0.05857005120311876
3.5662430545055885	0.004088363833984601	46.592238575405545	0.1032746004538542
3.5729607448776073	0.0028703092780198868	46.696913260612504	0.10274200959942542
3.580395311037607	0.003982654052832041	46.59552085857164	0.10381339769827078
3.587702929208839	0.0032822744593952228	46.67308627778487	0.10048271127205669
3.594661648400299	0.00439070867673994	46.527067855509216	0.10327466012411146
3.6013919460758963	0.0026900134907755615	46.785940883420096	0.10221536827632394
3.6084383047395145	0.004120107718348776	46.577095038602295	0.10097616850256623
3.61653789892575	0.0031612033682034938	46.64929882778435	0.09999457921007147
3.6256016143362815	0.00496982217558062	46.49077926973226	0.10121204227899262
3.6346824522507215	0.007289267649640088	46.465808376490926	0.10782437614426492
3.858467639382422	0.002659493262946659	46.13623965614465	0.10258309719955916
3.8633405296690415	0.0020920579240571425	46.21722637123241	0.10221541337157325
3.866695867356992	0.0014889071730524674	46.3361052894558	0.10258309597057205
3.8698080625499753	0.001754778336445111	46.316984463955635	0.10295381203991909
3.8738520300910344	0.0020344917697030468	46.16927328968341	0.10295379241899523
3.8779036464567773	0.0021832948811786506	46.158301754304105	0.10221540026545235
3.882454676795805	0.001840091018627433	46.27866817317671	0.10295381835357373
3.886279324714162	0.0025385649560651364	46.07589321520392	0.10258313691088528
3.8905771869681005	0.0013177103530087712	46.3939148915326	0.10221540532989117
3.896723359689991	0.0058953442531835204	46.081405885058786	0.07729089642045164
4.035339331240281	0.02156598333308994	45.885981097680784	0.11473608071021132
4.048434087563038	0.0034824688889090656	45.92988226171032	0.10258308897839459
4.057556311835947	0.006349820568179908	46.001633667032145	0.0911014295618192
4.1643733775827	0.023663704350593652	45.699443899053904	0.09826764558776097
4.254368572647405	0.01923794777564556	45.553072270887135	0.09604760823303088
4.353138967193301	0.05006007224707544	45.43983044441001	0.08286234821015748
4.683206405300839	0.02255812739693872	45.10979212673352	0.11106504998833683
4.781080033547342	0.05579820606724853	44.854054141754396	0.13542210554681042
4.984835575164108	0.02769707116869146	44.40991421762772	0.13080414799177473
5.026655419678647	0.03150640367777838	44.4287809675165	0.11251937930100665
5.375755463920791	0.11284249155931009	43.74970514449883	0.1131226216188182
5.757587589966068	0.03460620996482471	43.50123984125109	0.16752164895347393
5.826177486381016	0.044612827796814164	43.57294857270093	0.1524522740070087