-0.6168133778315459	0.4339328676813038	50.986998302228756	0.1060992646138074
-0.27458798559223063	0.03946636697939334	51.32921714443391	0.11361395836181452
-0.1910707133438262	0.04341588060309934	50.982266191118825	0.21281494752203894
-0.1399332664347238	0.009648308380470509	51.59944592402634	0.10815205760076771
-0.08346661851886872	0.014825951557346556	51.60153182035198	0.08879129079761684
-0.027877284895223564	0.03913402317507961	51.34749423547221	0.09095723084615596
0.021397305248005205	0.01164551376337257	51.500046501325	0.10912124577676456
0.0487965072466211	0.015619294407487822	51.29629163514277	0.15182250324015212
0.06714647697523057	0.002994618042835967	51.74631738832322	0.11215080235138443
0.10853235658741711	0.03675270644893319	51.301990120246714	0.09444535827909173
0.14756124960925732	0.0037326556215475258	51.69965876192691	0.11152772897788304
0.1856555735183122	0.0011397309572976407	51.93602904900812	0.1114245207589284
0.20461123567434414	0.017456881554164538	51.15998867084833	0.16273408488766675
0.23819255950916196	0.016157915826602653	51.332447255515206	0.11075585592768757
0.26936258190025675	0.015038873940530542	51.28913307998702	0.1234318557444231
0.2868638264098353	0.002708415849131195	51.76515280165867	0.0973722171124477
0.29491400104458276	0.005317349021370513	51.55909466646192	0.1107736938120291
0.31736538971651496	0.016831488479971613	51.14508479862749	0.1439956306773547
0.34190601868907033	0.00795338305257089	51.39194432026521	0.10334292086398753
0.37703199274037225	0.026407569184376485	50.97541253930868	0.11935659425727319
0.4108875092076121	0.00814238540503927	51.165692170031754	0.1129243134080869
0.43078081879856867	0.011666742285100118	50.863274516438196	0.15906620027656054
0.4535090645793096	0.011071879709799143	50.96768951827647	0.1099234954706979
0.4855157705629025	0.020570490544338686	50.62636045157739	0.13976260363274004
0.5110355894603229	0.005387934764444944	50.9735075901352	0.10366139367173557
0.5371727387945866	0.02029294932043472	50.55183319807566	0.1109961922144516
0.5665927862068478	0.009481894693053865	50.74278299657967	0.09814478052750718
0.582876957041851	0.006849710557250533	50.75804973348178	0.11288907256099462
0.6033905449691765	0.013502962672414551	50.611698005417864	0.11980287196026854
0.6183743454111819	0.0016832303923396	51.11307748372811	0.11254992869311886
0.6299999574890831	0.003277539600699751	50.99334707213746	0.11121630523537095
0.6397229208971573	0.006409954990421922	50.74078100616118	0.14137553457596508
0.652357258933312	0.006226165232086173	50.89803700291381	0.10397008888357828
0.6653903294221319	0.00679735722014375	50.682166350139354	0.16468747637669737
0.6787766049664363	0.0065910380430602815	50.91114614394139	0.10695310484025004
0.7012534308191751	0.01564649267666764	50.737506347150806	0.1115096101551712
0.7314704009122666	0.014594863282777301	50.62053180453938	0.16417558356083478
0.7597210313564831	0.013675694817382924	50.8705150209281	0.11007734267212735
0.8261008865799275	0.049818471529007285	50.78870855400676	0.09506631126683876
0.9158020576409673	0.040521846571145	50.91642748765776	0.1279844433229857
0.9901100615093028	0.03414925424633679	51.12791314358692	0.09243942598700237
1.0536966454493664	0.029652581039042322	50.97035766250353	0.102068879013282
1.0888381532258635	0.006409619941433781	51.21174642331943	0.10330693180318912
1.1373069779972371	0.04012929167361785	50.70385794445484	0.09642344721004072
1.1780152468823863	0.0023199181733777234	51.12947419617256	0.10837584592071585
1.1963002059125682	0.0156811108540347	50.667620905122234	0.11157654304628788
1.2119194750366564	0.00021456972216507702	51.65841595432313	0.10068901721928826
1.2262704727532994	0.013908882677842072	50.69129058145004	0.11795790281569281
1.2400618386765652	0.00010055324247139066	51.81769390393848	0.10577574397860845
1.2455573501528905	0.005361598980382761	51.00191256990826	0.09900920703611425
1.266585629563668	0.015419130818145837	50.682359333551986	0.12739881453817545
1.2823763493821059	0.0006385275040226394	51.45507510214624	0.111881018752803
1.2930088757148004	0.009880342994304788	50.68984575572622	0.17094248069314089
1.3032134467899512	0.000434724859487196	51.569362976482594	0.11267693225531854
1.3207646358319487	0.016783763058290217	50.75005537752635	0.1311394362163699
1.3373125934981613	0.00008037950451481237	52.01781011976095	0.11244743877863603
1.3467739416569715	0.00928038479550186	50.97480798488596	0.13716974574315763
1.3649490387197314	0.008900018037403187	51.36125651822012	0.09982544987736792
1.3740546259997692	0.0002954359108339941	52.19898401444615	0.10569038059332818
1.3882949459935652	0.013723478331927498	51.50809705293468	0.11346366074827484
1.4297815150317732	0.0028194612667875015	50.02626085558891	0.07388588411863337
1.433771443188837	0.001544890550435472	50.321346513676446	0.07302058051306899
1.4382796422555322	0.002596007178542145	50.13855430920127	0.07239399333802547
1.4428171831536576	0.0022853290803903255	50.20284148128526	0.07388588491203706
1.4467771232825732	0.001814792315667582	50.277085076384935	0.07388589385277268
1.450524804636992	0.0019416487108329034	50.22812903803663	0.073020593705394
1.4547191326528448	0.002264953496268124	50.121633098891635	0.07477425984319991
1.4598079659638865	0.0025022865076541594	50.041497351468536	0.07388589112051004
1.4646010861252539	0.0025048013614944247	50.0344105545534	0.07302058292719113
1.469647214413354	0.0020980409753780277	50.12518271201931	0.07302058426954237
1.4734326275348073	0.0021826500453474124	50.12006701879254	0.0738858896603136
1.477901177206699	0.002068719698155988	50.170902431703134	0.07388589357408491
1.4820708714589397	0.00215406423001036	50.17257092845654	0.07302058114000715
1.486280775477636	0.0021332843382736335	50.13486221702969	0.07388587969274928
1.4907382889974097	0.001956243303232088	50.138874553147126	0.07388589677411908
1.4943282054065377	0.0020129296990087932	50.1714232141351	0.07388590280007597
1.499499002110239	0.0028882143346264256	50.081902939395874	0.07302057228816683
1.5042944192669025	0.0022244571735580186	50.213081407086456	0.07302059760977486
1.5094080811951474	0.0025878063794318555	50.07078899350198	0.07302057858378543
1.5141574260371244	0.0020889186648423053	50.09278709813027	0.07302058737454717
1.5183841696861837	0.0025150042422718666	50.002912088926884	0.07302059270261384
1.5230657050708103	0.002020303403850699	50.08804932210647	0.07388588214759387
1.5279098517237746	0.002551137057547279	50.00441931075916	0.07302058187930868
1.5323082650159001	0.002343301708880649	50.04787068697427	0.0738858788618605
1.5378570861052625	0.003151851427155335	49.92402996223915	0.073020568629878
1.543720869502036	0.0024874153922058275	49.99205163490117	0.07302059384242898
1.5481854349140944	0.0020910099509085594	50.050911597176324	0.07302059133338674
1.552937380625831	0.0025526013544406763	49.95902278560202	0.07388590339487743
1.5589112908489218	0.0030328568303669354	49.87426565737263	0.07477425737217212
1.5641872166493604	0.0024658758138339275	49.973020056357875	0.07302058671928854
1.5691524509941088	0.002437844310575626	49.97666839818775	0.07302058472883982
1.5742828584424535	0.0029972544318221236	49.84072506455263	0.07302059380549007
1.5809020398480598	0.003137704063141473	49.7564065750527	0.07302059572425557
1.5875099597401363	0.0036799256750085674	49.6964704757552	0.07302058267701028
1.593985460791078	0.003250453990610231	49.822958838045736	0.07388591161466329
1.6011524430792747	0.003666825905123607	49.80146480873073	0.07302058656023162
1.6073579199203782	0.002340451031723696	49.92076535654243	0.07388587870841333
1.612513097558942	0.0028811785578256714	49.803458423609264	0.07388588370292948
1.6185300160197469	0.0032085596566485083	49.77661495485687	0.07302056539895722
1.6241201680448627	0.0025300743749927684	49.88935471739051	0.07302058468119603
1.6306058792436422	0.003433550101620341	49.76290728989706	0.07302056417624621
1.6355990287848694	0.0019362778457092471	50.01433392772446	0.07388588927468562
1.6399932565250184	0.002395230807795712	49.948763469355484	0.07302058458267388
1.6448861728578585	0.002406995756641222	49.98001640230402	0.0730205849744178
1.6500572262084472	0.0028430580839899676	49.90532775144667	0.07477426367220387
1.6544438405559967	0.0017378750139695853	50.130254854452474	0.07302058563867536
1.6584912589019714	0.002021981950774245	50.060867189054875	0.07302057555221422
1.6614984492825593	0.0012278700181026583	50.24082941934115	0.07302058745432058
1.6644603621165468	0.0018061070721104829	50.01370791629766	0.07477425746963166
1.6673683802730423	0.001218904057449402	50.1826905497546	0.07302057714102934
1.670055360748491	0.0013243988561829792	50.147095252019234	0.07477427025460072
1.6730951115709607	0.002043230263132539	49.97436474838294	0.07302059149799868
1.676894084785183	0.001416793255709343	50.0719327856014	0.07388589360630562
1.6798938121861962	0.0015120440626180721	50.00419728839324	0.07302059300725748
1.683099610008471	0.0019459441042275149	49.86299879750596	0.07388590253935912
1.6872722981804673	0.0019264393751124002	49.8356236479337	0.07388589709468937
1.6907236253237399	0.0014623369519352724	49.961202585740836	0.07302058254751068
1.6939108745936917	0.0018927956082005317	49.85368552687959	0.07477426908303429
1.6981373185576267	0.0021520010896489716	49.82171490381717	0.0730205692940522
1.7026801309822244	0.002518621043786813	49.751647331388654	0.07302057389973726
1.7077055132918006	0.002247275123376808	49.79079521241044	0.0738859013272994
1.711690136743259	0.0022691812850435256	49.77494982876813	0.07302056798011382
1.7166330541615091	0.0026663598776897283	49.68413814185118	0.07302056723389012
1.7214456743906463	0.0017964293965978854	49.84314211292911	0.07302057814956207
1.7252409578672252	0.0019132277854720598	49.797344714693125	0.07302056905903981
1.7294125221148213	0.0025450506510477796	49.65810787883116	0.07388588995041066
1.734708091684104	0.0024940859247818445	49.68717186572026	0.07388590205385923
1.7396773825830312	0.002865125603812138	49.46659182784898	0.08784344413608426
1.7459587248597865	0.003167473974624378	49.589898418487955	0.07477424737751712
1.7522278169802636	0.0028067023536700836	49.46728648848906	0.08499929765607192
1.757292134246286	0.0026840088434960095	49.61983506942295	0.07302058092304647
1.7635078363845944	0.003224299072583999	49.513889563070734	0.07302059980650527
1.76956304995452	0.003112066724314503	49.5267024011996	0.07302061204606176
1.7758703956300328	0.0028219668884920945	49.59138655081445	0.07388590410526273
1.781665815697745	0.002982476250617096	49.58586203369018	0.07302058904474083
1.7874105791263146	0.002911206962132058	49.50023522400214	0.07987396763960754
1.7924832912519089	0.0024990550563923912	49.4739324764731	0.08784342623830636
1.7983059771940175	0.0027869424838732515	49.4215242010917	0.08618406438910861
1.8036631592061136	0.002894225373641398	49.5705528768236	0.073020590219176
1.8098021522566932	0.0030837854567338932	49.497549715406294	0.07477427050275331
1.816139896965719	0.003272631013023837	49.43577415552189	0.07388587497247516
1.8218560724789283	0.0027623189297787576	49.53625924170952	0.07302058222152688
1.8271494591007988	0.002324893246741791	49.63419246693081	0.07302056297879712
1.8319662840227886	0.002765018580456387	49.57141163813441	0.07302058222906449
1.8372441034239435	0.00266107297459341	49.5859928785357	0.07302058915251254
1.8426205390147168	0.002504040934652813	49.609759950513386	0.07302057734399822
1.8479014628641848	0.0022585848230511274	49.652182361360076	0.07302057810722408
1.851997399819356	0.0020610714694917114	49.69203489882164	0.07302059182589865
1.8564431907143872	0.0022456085017259608	49.65710284671756	0.0730206104815649
1.8607789171583569	0.0021486494061574947	49.665108750138906	0.07388591302274852
1.8645743457038282	0.0018029110747212827	49.73164410838474	0.07302059377526395
1.868083594214448	0.0016924992622337467	49.73910596386963	0.07388589391756939
1.8711734200337269	0.0014694828285323927	49.78482493046181	0.07388590030256914
1.87453664748506	0.0017690238565841562	49.68655033309005	0.07388589745593521
1.8777675186026521	0.0014652865171391842	49.771860400147446	0.07302059128738778
1.8806652454707742	0.0014791208045943408	49.7671609021036	0.07302057625354845
1.8832180104274456	0.001240050776095005	49.83960178363127	0.07388589612402546
1.8860013306075947	0.0013360844629380186	49.809145750477384	0.0738858907087377
1.8884134324714739	0.0012603293926009068	49.83497767518826	0.07302058812118396
1.891288360968179	0.001383893400251484	49.78049514415078	0.07302058487621503
1.893634518843473	0.0010309326723104823	49.90046274916286	0.0730205883947389
1.8965982915557322	0.0019064780575812708	49.64089267873756	0.0730205978364625
1.899398789383883	0.000990350271363586	49.932273593989095	0.07302057930106422
1.9014769598208054	0.0008935288336315976	49.97493373631769	0.07388588310335843
1.9029982249430961	0.0009220875203170301	49.96275288655487	0.07388589571041766
1.905076680528157	0.001016629839993041	49.92802682132015	0.07477425199964935
1.9072772371420748	0.0011153453235810322	49.919321520466994	0.07388588683413029
1.9091662889372951	0.0008972358853016818	50.019540382387355	0.07477426481378119
1.910927027452766	0.0007734569742422799	50.07838255807816	0.07302057697685702
1.912859047964904	0.0011587736548218427	49.877931348871684	0.07477425707316135
1.914967482034626	0.0009528197145205988	49.95923937003194	0.07477427972131616
1.9167059626951846	0.0008426263338272973	50.02535994975079	0.0730205801593496
1.9185092027638049	0.0009192533150948748	49.98061121270827	0.07302059174806555
1.9199783636265584	0.0006240738770255212	50.138883204240535	0.07302058585086654
1.9213828828479966	0.0007320187671968581	50.06086172961312	0.07302058533584185
1.9229957710758174	0.0009525832243702526	49.92634291559254	0.0747742779454695
1.9250317936689803	0.0008795884931087561	49.98486331222111	0.07477425706075079
1.9264718455862535	0.0006474159445712486	50.15204901499405	0.07388588381182606
1.928054635255844	0.0008889565886627558	50.00418241070503	0.07388589999018313
1.9296039330696309	0.0007367890200048069	50.06481918037258	0.07239398340426469
1.9310238075347999	0.0007425780737896802	50.0324613702035	0.07388590263730328
1.932478868805778	0.0007947081569343557	50.012603824566646	0.07388588162422546
1.9341965694978416	0.0008683388334165499	49.99223085787196	0.07302058450463293
1.9356663916773742	0.0005933192380127304	50.1636716681836	0.07477426098699587
1.9369575113115312	0.0006046924776003931	50.17950496641911	0.07302058156455966
1.9381742832659634	0.0006589180243838384	50.15487886290368	0.07302057708583347
1.9394429111637164	0.0006358998483619739	50.19000469393951	0.07302058936845941
1.9409471746770623	0.000758338988694955	50.11749274921923	0.07388588452823432
1.9420849434274026	0.0005486693193865917	50.26994153852908	0.07302057905455951
1.943468638562454	0.0006847747250984033	50.14123924251308	0.07388588021013794
1.945004671508024	0.0008812125694154169	49.98682605279989	0.07302058452117176
1.9467358712278358	0.000914751305611271	49.943108817696356	0.07302059404100204
1.9482928956927592	0.0006156903417173617	50.11379876115929	0.07477427332890665
1.9496746451086906	0.0007481576577001252	50.03938416263357	0.07302058046592289
1.9510715735240043	0.0006689789472753368	50.096794424493666	0.07302058193725958
1.9527788044270664	0.0009254921159010064	49.95777070040352	0.07388589509711709
1.9542959069982377	0.0006664576495771419	50.08236887287277	0.07302058486370987
1.955586130058484	0.0006872268850628474	50.03936537852389	0.07477427358402329
1.9570269139519427	0.0007775638302579227	50.00244404591463	0.07302059606135121
1.9585609992785449	0.0006748450014301143	50.06616840103698	0.07302059015017942
1.9600197494898748	0.0007602476811538536	49.99628882038916	0.07302058678848422
1.9615929614229384	0.0008515297303080672	49.936200166731275	0.07388588736018084
1.963209003028709	0.0006942913901801977	50.05344098105165	0.07302058227761715
1.964496761959636	0.0007064597663643784	50.06349806560798	0.07322903744859477
1.965906442897879	0.0007070059643237783	50.03155772782503	0.07302057932002753
1.967281413348356	0.0006176169484232665	50.06416489694888	0.07302059364083885
1.9685684441250657	0.0006636997355935796	50.054428431791095	0.07302059641968359
1.9700370887052856	0.0007780219641871531	50.019629500341	0.07302057771930434
1.9715623636195858	0.0008457331763232525	49.977966060729884	0.0730205838496569
1.9731297128126457	0.0006888369224206188	50.04870972377387	0.07302057768664666
1.9746247294557329	0.0007480760039865694	49.99637236235634	0.0738859002040447
1.976189393076545	0.0008252319772607141	49.94036569573947	0.07477426611354404
1.9780049799913393	0.001059409533149114	49.83314148266034	0.07302059145031024
1.9801250505050703	0.0010140014347844728	49.83566604933813	0.07302058071062148
1.9824323159292863	0.0011523935020133552	49.77854356793372	0.0723939753417302
1.9847310087691616	0.001119609599471318	49.81138184173297	0.07302059647599089
1.9867555185251657	0.0009612510417339518	49.8990870690903	0.0730205898575755
1.988811881789365	0.0011669714018438398	49.78867432401161	0.07477424806002367
1.9911324407468796	0.001254397611271932	49.75402489467996	0.07302058775166534
1.9936756920093839	0.0011597382324539944	49.76405453029221	0.0730205857256618
1.9962173588695806	0.001421380283888436	49.6462628447024	0.07388588692422683
1.9985084319102537	0.0009176112371425432	49.8314137556776	0.07302059102658712
2.0007525906851065	0.001315893211273516	49.658199417334586	0.073885899471427
2.003732652428422	0.0014918611937948085	49.62337747788135	0.07302057286047807
2.00664163405653	0.0012951581072851053	49.7208431070885	0.07302058626582596
2.0089555559845484	0.001165012249549774	49.774305239058634	0.0730205875946862
2.011154174226877	0.0011433732903636095	49.758481142391716	0.0730205899990483
2.0135374222753732	0.0012552744924885695	49.692793228379195	0.07302057589907417
2.0163614816773494	0.0016132012645467158	49.61543186285799	0.07388588588576366
2.0193110820151645	0.0012512342992258784	49.761138811829255	0.07322902910930207
2.0219559297100966	0.0013665889197027558	49.66274671723154	0.0730205676898866
2.0247242953568545	0.0014070211729452547	49.61018430397533	0.07302057652844986
2.027853922035435	0.001617376509729898	49.52743741535173	0.07302057500379536
2.0310539095793194	0.0017059741393025214	49.50202269240452	0.07388589360272498
2.034298324468245	0.001578211751555114	49.48097754557523	0.08080556666800583
2.037557953677255	0.001544771881343063	49.61807081017796	0.0730205893624752
2.040261587091498	0.001301024497942264	49.64307473096231	0.07302060288877524
2.0431637423126023	0.0015898355018719639	49.53074796791327	0.07477426147525018
2.046488883376761	0.0018623174981867822	49.47468734119955	0.07504257955818064
2.050108106448029	0.0019025328291888152	49.50763796427324	0.07302059981874073
2.0535182299225463	0.0012453021276640395	49.65292426659533	0.07388586633258697
2.05630655438764	0.0016902022784569823	49.50910983402693	0.07388589899862749
2.0594354097018055	0.0011206178648877274	49.718770825084974	0.07302057361612894
2.0616868030781994	0.0013176221640592816	49.66480124773163	0.0738858679839689
2.064467782060838	0.001393203241236953	49.48550469620107	0.08956762461695668
2.067508674440832	0.0017881666718161772	49.586779245402866	0.0730205718544891
2.070962028961234	0.0015532276816431214	49.575670603028584	0.0730205760631229
2.0740213205367635	0.0017556563488528114	49.47342110848336	0.07477426095826598
2.0776698025025686	0.0017464494550968014	49.48287305183599	0.07568655213023204
2.0808608486931526	0.0013883821048265757	49.4397828300639	0.08618403542809193
2.0830669273449915	0.0012099420016465062	49.510329064310575	0.08618407058222655
2.0862874828231464	0.0015642048783330504	49.582145391295725	0.07477425138764031
2.0892595591943905	0.0013866926144236711	49.43413479651093	0.08784342807963154
2.0920474561206097	0.0013378775143153697	49.41615476764313	0.08618403704566052
2.0950015713663284	0.0015928142587337104	49.47986043784198	0.07388591651805507
2.0977404075782475	0.0012464949849224733	49.579019267156085	0.073885889821324
2.1004489055168243	0.0014273480576591747	49.507591394577304	0.07477423323702828
2.103028277283957	0.0013434189943076222	49.534894485022264	0.07388591633871257
2.1058088982777345	0.001300943160385527	49.551307333077574	0.0730205907510659
2.1083219977980745	0.0012083199012487167	49.57030655990603	0.07477428040864721
2.1104894451373797	0.0010955911043329738	49.61410727486937	0.07388589191870458
2.113220831993334	0.0014310941284310424	49.48283894496368	0.07568657284556864
2.115855517261185	0.0011691367451240246	49.578520165410865	0.07388591609264579
2.11803772336381	0.0012215406259414236	49.577391455141694	0.07302061615240109
2.120438201247561	0.0010618390322746792	49.65085579464119	0.07302057631025095
2.1225771316897344	0.0012226770193460874	49.59655292090281	0.07477424527745538
2.124796060107741	0.0008627555301384399	49.79111985068584	0.07302057958197611
2.1264365203450986	0.0008738713791386962	49.797675865392414	0.07302057056849133
2.1284564801368564	0.0010609418888028951	49.68639460279595	0.07388590744423153
2.1304606174224423	0.0008829596251143376	49.76331112053513	0.07302058872930792
2.1319534826561926	0.0006597054525931522	49.906453275628756	0.07302058504274321
2.133153223064472	0.0006106180930035205	49.94387571970504	0.07477427163567414
2.1343464516755057	0.0005630876300043048	50.00739838599955	0.07302059596870411
2.135616989839444	0.0006615176372189755	49.95219764955586	0.07302057724720314
2.1368238839002913	0.0005633918918988901	49.96375744172582	0.07388588676137212
2.1380007239850727	0.0005955729715952488	49.887642754799685	0.07388588990254999
2.13936841776302	0.0007794495988638094	49.76222379953684	0.0730205813837097
2.1407457209811165	0.0006521716242366541	49.85581427733114	0.073020585082409
2.142169063526941	0.0007590072179760262	49.798363064835144	0.07388588738795977
2.14361977450044	0.0006494394154449582	49.84280264726609	0.07302057807352769
2.1448447293631476	0.0006134925156652019	49.83820670240957	0.07388590506958709
2.146281553299671	0.0007459263512976692	49.73226461937587	0.07388590131765266
2.1477242113237187	0.0007431416741953111	49.721368750541124	0.07477425875102564
2.1490920475789697	0.0006754031931849191	49.76079840407935	0.07388588649012146
2.1504370495685166	0.0006461225674858195	49.76282542858611	0.07568654215152203
2.1520224211514662	0.0008666702820311507	49.66409793501545	0.07388590788077619
2.1537584448624614	0.0009328218102741235	49.657896828380544	0.07388591801882119
2.1555297038788144	0.0007833495395265165	49.74407923788945	0.0756865322810057
2.1574470385114672	0.0010635813015176818	49.601456601867945	0.07477425873067985
2.1594739906286966	0.001055905144262304	49.5988728192717	0.07302059262412801
2.1612896516131874	0.0007480145617636368	49.76978853959457	0.07302059522307477
2.163082146721724	0.0012056398989670782	49.58090962499931	0.07302058322334387
2.1654712361761392	0.0010912716623561588	49.624796731757414	0.07388591455963521
2.1674379900184144	0.0009431197928557889	49.660443305642076	0.07302058195590808
2.1693343460133914	0.0009026217380641051	49.637895928753416	0.07477426712067509
2.1711128669422646	0.0009204412746391525	49.62218950915886	0.07388587944984483
2.1728395295714886	0.0007304378911350758	49.71877527592473	0.07388589356752043
2.1743833503202783	0.0008562205537850242	49.64975407872434	0.07302058133298
2.1760603825623503	0.0007425186729381088	49.7065933681399	0.07302057415033857
2.1777205172378027	0.0011163479931109428	49.51780612512506	0.07388587354863256
2.179696827672444	0.0007975676050995911	49.65673663567809	0.07388588112479103
2.181650382121802	0.0010159940912537798	49.5777016064166	0.07302058203800021
2.1835762929782785	0.0009502303255523644	49.641096231075394	0.07302058526299403
2.1855512749877644	0.0009573189499072883	49.656301299256555	0.07302057463113472
2.1877657785707774	0.0012853395392520882	49.33741583150972	0.08784341222684611
2.1899064130427313	0.0009472025424698261	49.640223880824806	0.07302057505097007
2.191959046732924	0.0010901704632886105	49.56145473333292	0.07302058250266485
2.1940495384913286	0.001040218940454754	49.564801727542914	0.0730205964675846
2.195954193908867	0.0008356012196211789	49.64408291595871	0.0738858720736522
2.197818948604821	0.001076390860172896	49.53518469076295	0.07302059270846753
2.199976888609406	0.00101150666800167	49.557627323171275	0.07302061032818818
2.2017498113358434	0.0007973421586849978	49.65841290279528	0.07302061228485136
2.9069160872790345	0.0013573384142234637	49.112643858799125	0.10101463028734015
2.909307798647661	0.0008099411288220266	49.31680157624748	0.10369634578987605
2.911181196201289	0.000940846117143651	49.31628928039621	0.10008857711355762
2.9134974526152133	0.0012032477495792172	49.19004953497622	0.10101462036139287
2.915302141916663	0.0009319608122340953	49.29544542370233	0.1006088589534838
2.9172345054103914	0.000927823328107765	49.328552981445554	0.09807559802631831
2.918991858710336	0.00079208063002406	49.388501451337206	0.09931707706197557
2.920732900215601	0.0010518471962766352	49.234937586498276	0.10183749274171665
2.9228864136920683	0.0010466965473059906	49.22437935727709	0.09970113391400025
2.9246723325301716	0.0006515072009655275	49.429236851469675	0.10183747430578824
2.9263068292655596	0.0011682766090543035	49.22322120732596	0.10225462360765263
2.928491674670532	0.0009040826157675586	49.35347163139861	0.10414272785791442
2.930306345722747	0.001028965608811203	49.30062444951115	0.101424131437833
2.9324153691767822	0.0008959513412505834	49.360418184765926	0.09970115526617636
2.9339847204369063	0.0007652027660036678	49.40306647402283	0.10325427780594003
2.935638219500081	0.000762294931497282	49.45430645341834	0.09855909586154324
2.9370474228567174	0.0007597749306025336	49.405514551324956	0.10325426322787658
2.938785417661796	0.0008829058115048848	49.34863437689293	0.10183742947309271
2.940750712940699	0.0011300106896150106	49.21371475586403	0.10183744966748358
2.9425463991713867	0.0008753427477784238	49.24930362475934	0.105508290529474
2.9441103396165476	0.0006229901973363248	49.42772330761334	0.10142417544663376
2.9456736197347713	0.0008690128000305514	49.315755753857005	0.10325426947121014
2.947173368182707	0.0006185624352971854	49.503915325602165	0.10369636419279919
2.9483225226266843	0.0004935521357688083	49.56175330038023	0.10325426674999731
2.9500142984812623	0.0012291076708047805	49.11756657756919	0.10267567640253794
2.9519419382913847	0.0007342083398982191	49.32955945814736	0.10142414902488696
2.953339874587936	0.0007318488202257314	49.317247145248864	0.10414272641594907
2.9550078939479816	0.0007290433580998996	49.330116728838824	0.10459346868013904
2.9562502961733426	0.0006058167218014208	49.52661634886846	0.09319388984495998
2.958235567482248	0.0012060592950028568	49.2083449009887	0.09688199716634541
2.9599553607923577	0.0008409001546131366	49.307414714031644	0.10352966488911348
2.961842716198091	0.0010764894910956935	49.18838749479749	0.10325427992438622
2.9636693689689713	0.000595555423283914	49.43917678203605	0.10325426331143298
2.9648371516201975	0.0005939561741248662	49.45268136688016	0.09893642057610243
2.966021268926175	0.0005923389400095809	49.36871298327317	0.10369637545902262
2.96748761358843	0.0008264887064724091	49.16600942282939	0.10459348708291795
2.9692146593597695	0.0008232085601058983	49.269410845604284	0.10183743331726025
2.9709202888847246	0.0009370553940938424	49.33324780331815	0.09771451526595368
2.973116605191623	0.0011654803165245444	49.24315395212666	0.10225462762917671
2.9755020792563016	0.0010431588129020865	49.36203890046296	0.08926984832737289
2.976877832757901	0.0005777151012879305	49.44126107901697	0.1032542645126309
2.978072262222086	0.0006913357085395484	49.38093438663472	0.10142413880950016
2.9801955720777578	0.0011465913352333456	49.148923181803426	0.1014241370530241
2.9822989945216696	0.0011410969745648525	49.19964165767032	0.09931708791720562
2.9838691317960437	0.0005684894650379174	49.47088296349543	0.10414277228547276
2.9855030970542247	0.0009061131993646784	49.3065345026548	0.09807555321841939
2.9868173152731208	0.0006775540356643393	49.3672956968811	0.10142415674398304
2.9889826573148	0.0011236254574869113	49.25416670325781	0.09279876291379802
2.991013004602383	0.0010065596251506743	49.27684263249908	0.09880699987788566
2.992701768385688	0.0006683910317232784	49.493093129328805	0.09519473350188082
2.994387797166846	0.00099876821665097	49.33414215214226	0.09619884860050097
2.9960107798853173	0.000663361819728406	49.405441631972884	0.10281643532530096
2.9975090903416346	0.0009916157596917238	49.2424969417234	0.0984396707856635
2.999554116890504	0.0007676189300775418	49.427592478888954	0.09381405137570034
3.0012366323499586	0.0009831411595174467	49.31532103193347	0.10167344246762662
3.0028321844357153	0.0007618901391405441	49.44749933166233	0.09700160019294501
3.0047462289140485	0.0010835725601912257	49.18740790025432	0.10142414047226682
3.0068362514164244	0.0010783704438910302	49.125149704481856	0.10142415694569383
3.0086607360870277	0.0007516904921221556	49.219247519163396	0.10325428920349186
3.010011684179408	0.0006423172232888161	49.24626312011853	0.10369636196142931
3.0111770836721616	0.0005338015453010993	49.35760339188241	0.10459347146438516
3.0130311212062013	0.0011693945555843362	49.105693311705906	0.09970112950229829
3.0148445976499456	0.0008469172062558163	49.30947222442128	0.09586141471509321
3.0166408618741256	0.0007380043662606517	49.34477184533361	0.10008857455213632
3.0183557674233956	0.0009451413049305003	49.196612545624824	0.10325428693808937
3.020145772909344	0.0010458236404432362	49.15053317165435	0.10060886031616091
3.021915387064406	0.0007290954803502094	49.303281912859426	0.10142412572672042
3.0241375647089823	0.0013471357067834082	49.069692947473555	0.10008859349725237
3.0262828801958515	0.0009280051461626776	49.26497529412742	0.09735653839273645
3.028373204421106	0.0010261976674155913	49.162318291163814	0.10325429839203018
3.030329914834075	0.0009194383109468079	49.24156091842762	0.09893645130624465
3.03244987904269	0.0012199481373813728	49.060850489648075	0.10267566846791082
3.0345269414746276	0.0008093914499837049	49.23622584180367	0.10101463664299376
3.036352522339139	0.000906775940301557	49.208769054481905	0.09970112793437938
3.0380945855060535	0.0011038583563757996	49.06123743140456	0.10459350025842976
3.039967114060719	0.0008992602498538086	49.114081416915226	0.10504865927750379
3.0418715193197903	0.0007958581828329976	49.14853558417155	0.1050486749395957
3.043390983045306	0.0006939190497422417	49.227304491970074	0.10414279161836441
3.044855581525245	0.0008891948305034891	49.13359300858005	0.1055082811933472
3.046744994270238	0.000885334761266481	49.170809569308645	0.1010146464401077
3.048388025946781	0.000979977719096485	49.103378110434974	0.10550830038091509
3.050745397847299	0.0011696228642858956	49.04443582692312	0.1031006925072471
3.0526689414071972	0.0008733404373585458	49.15473414508169	0.10325428123039411
3.0544797246320154	0.0008697066405137136	49.177240417969976	0.09771450304207845
3.056407939337876	0.0009620469968711999	49.06314363188798	0.10008857893359158
3.0580904166749754	0.0011500079182313095	48.953271429798725	0.10225461004419154
3.0610343252345604	0.001237412751348049	49.06233285474667	0.09735655527665228
3.062893954992173	0.0008529809063619281	49.340014100164304	0.0919142549303024
3.065062094861653	0.0011316943624668223	49.12009668073265	0.10225462206033403
3.0669296122513305	0.0008451287937081485	49.21333345350399	0.10369637438544925
3.068891970998278	0.001215262970615356	49.106148068195985	0.09917738292666532
3.0712434185559188	0.0009297755679313049	49.229981300978395	0.09700157208552795
3.0728684643543733	0.0009262660859832629	49.16368291935548	0.10352970123286646
3.0744792077393592	0.0007382549135344798	49.23263865257995	0.10369634397903643
3.0763022789822525	0.0011027802213910858	49.054435827542974	0.10414275937320969
3.079134420694424	0.0012782262740810126	49.03965577984361	0.09955100132567711
3.081162285562897	0.0010905082657395374	49.155437170276514	0.09735655320040398
3.083095289509024	0.0009952052208579826	49.16778511769622	0.1041427635253513
3.0851409168011044	0.0009904926836613091	49.1381777181315	0.10101464154911104
3.0873624332304646	0.001164625993690449	48.96322574425838	0.10459348847094366
3.089696265124668	0.0010692887119917987	48.99441735396686	0.10101463109871651
3.092008431467046	0.0010636109893199005	49.059064916076586	0.09931707768235883
3.0936329038072765	0.0011479315927667832	49.00967300454044	0.10414276619690996
3.096083350689722	0.0007902584712908202	49.28744350413986	0.09735655570876589
3.0981482486340894	0.001136058416840295	49.10738704083134	0.10414276432862604
3.10036680010732	0.001304170763854859	49.03660900234954	0.10267567366699146
3.1028846752093084	0.001296631551034729	48.991110253675195	0.10459347998503109
3.1050838883004337	0.0007740493003218512	49.173549414480966	0.10414275985138602
3.106631490098869	0.0009426721978145334	49.07179257203229	0.10142415184249896
3.108655596089341	0.0007677094996725407	49.128032082980546	0.10325428693293978
3.110102597668753	0.000935167899980191	49.080381816991	0.10225461559702415
3.112178596919783	0.0010153089534749365	49.06384207168742	0.1022546166028785
3.114576888682347	0.001346323686773368	48.96791086537028	0.09970112626870653
3.117148875224733	0.0010874268123272253	49.08283310809181	0.09735656074700184
3.1198161480473967	0.0019116956649573365	49.00198099912371	0.0829379752143605
3.2923213363493637	0.0007823632685971694	49.09928092340587	0.09664957660473356
3.2939412993808768	0.0008907877789659024	48.979508525670894	0.10143867280500711
3.2955254194965162	0.0005547263657506204	49.06915872294442	0.10371205083116095
3.296720750062617	0.0006638508218571838	49.01957843856242	0.09350824789099212
3.298267477836017	0.0007717245406952083	48.907315965868555	0.09933055992733271
3.2993912691854135	0.0004948359474691999	49.0817714553983	0.10326205104501505
3.3005038049557998	0.0006580713868937849	48.95020980839978	0.10228416932707012
3.302000262610692	0.0008197869445512462	48.77915455823862	0.1037120290458125
3.303381000870365	0.0004903108568444014	48.99849959995687	0.10326204190663958
3.3047237470658937	0.0008689656881689594	48.789456731739136	0.10051410289133604
3.3060772974444568	0.0005414108191398552	48.997356027064086	0.1010218310129326
3.3069996071439673	0.0005402622468840334	48.9904207470703	0.10371203313549116
3.30835356921546	0.0005386020216577485	49.012815734125894	0.10371202924448686
3.3095015580158176	0.0006445990918280454	48.990792032589745	0.09972155617716197
3.3106578875885466	0.0006428850991031447	48.96765193383078	0.10462543832540175
3.312077356748879	0.0006407872924011003	49.08760202423976	0.0938250992586431
3.3132698042687396	0.0005325181607092984	49.08801678874491	0.10371203378389518
3.314609512486486	0.0009024904554009699	48.82078901672029	0.10416647908600925
3.3161834321845944	0.0007405363080963456	48.84079801041451	0.10508899090028817
3.3176620691799963	0.0006325789612535459	48.87000600991678	0.10416648836612104
3.318862365763864	0.0005782898495608945	48.92985262284602	0.10416649940853451
3.3199307431634297	0.0005244130425809959	49.018635742733295	0.10060887492886719
3.321270400859664	0.0007842072616080117	48.879701219607135	0.09972152274164446
3.322659108763042	0.000521128852617006	49.06958148356546	0.10102183670437846
3.3235515904806974	0.00046805934466886024	49.096362781767134	0.10185943354790165
3.3244824380783804	0.0006227429350869244	48.923511279891144	0.10326205533825235
3.3259174154035085	0.0007241230523229845	48.85398640336443	0.10185945483963338
3.3273942563216483	0.0007216853754420565	48.85081895479809	0.10326205505653316
3.328931612730641	0.000770494685648452	48.861976334114225	0.10143866257613537
3.3305037605504957	0.0009212526408740568	48.8033144034131	0.10185941682661881
3.3321095713823885	0.0006118813857134063	48.99897486288965	0.10102183870134934
3.3333303152985403	0.0005593422433175873	49.01701735483225	0.09972154408760299
3.334597343310249	0.0007097941987553461	48.83303006009794	0.10416648882224225
3.335847862265754	0.0005561091910582222	48.95454499651511	0.10371204646050981
3.3371933340956073	0.0007055640666354817	48.88738766562389	0.10102180942080886
3.3383029045124903	0.0006032375157989724	48.91318401196016	0.10281644302298198
3.33948647315634	0.0005514494597534035	48.958206856007344	0.10102183677231076
3.340909510089012	0.0006495901070596052	48.93568960295315	0.0993305513987996
3.3421899805931963	0.0006476776812692006	48.98078616220712	0.10143867750743926
3.3432761315916606	0.0005466782601671044	49.05466810700351	0.10326203799663979
3.344293729056237	0.0004958045392073545	49.05296750921298	0.10371204461789046
3.3453584234361164	0.0004945905385822007	49.023125458373585	0.10326205602058029
3.346607728009757	0.0008384064116640329	48.81837248026574	0.10555715885815886
3.3480294991108677	0.0004915579546346621	49.10989265186916	0.10060886147464178
3.349282023671745	0.000686195341122326	48.94013484068742	0.10132122735421112
3.3510009283502136	0.0011716910093629834	48.65540648029037	0.10143862847781596
3.353211913999818	0.0009714541529981775	48.787287227839656	0.09894310276895782
3.355066547415259	0.0010156743864355737	48.74297089932192	0.1060300442800739
3.356934422782853	0.000722381869698834	48.88157944219981	0.10326204528496748
3.3586165521562092	0.0010074059131249269	48.702366645489946	0.10555712541996268
3.36058438565217	0.0009551021827545523	48.74305632756469	0.10271297641082634
3.3624376051068374	0.0008083780730898033	48.79444975267221	0.10462544602746003
3.3640372256575297	0.0007580348103986536	48.79832784780761	0.10326205329407302
3.3654372092729634	0.0008972704270649923	48.69256965227878	0.10326203246629007
3.3671387588785455	0.0007996747277934817	48.74583176521807	0.10326202148432684
3.369240988687527	0.0010298857972614386	48.66906211254481	0.10416647222074647
3.370728943553498	0.0006064848668556161	48.94992694873105	0.09972153253241761
3.37244977397087	0.0010687855502293016	48.64844447812456	0.10508897291166466
3.374188954675539	0.000786816328752226	48.77691463994687	0.10416647514644022
3.375871554573737	0.0007376575992246497	48.79359251598984	0.1018594189865983
3.3779472598693356	0.0012388721942116015	48.52903359284095	0.10358292994457893
3.379789886784338	0.0007310321692117411	48.73800050136489	0.10416648353077752
3.381365676449258	0.0008649577354587045	48.699667165371594	0.10011604593913484
3.3830391287739765	0.0009976792251467765	48.642013765607686	0.10102186011623995
3.384969780010663	0.0008578273717746841	48.742410280939914	0.10060884800561894
3.3868107416430435	0.0009890524339820359	48.72352068075717	0.10051411756207222
3.3887078120514182	0.0006714008717566458	48.876860423514486	0.1037120524628112
3.3901118240473584	0.000981545328308769	48.74497989260428	0.10102184833715289
3.3920207462667538	0.0007995797009863162	48.78743683881467	0.10462547935340032
3.3934559927005115	0.000708386673874957	48.86178606912049	0.10060887509038156
3.395105716421882	0.0007936562205540903	48.79916558448484	0.10102183108442644
3.494358692242458	0.00056152317255144	48.534033566886606	0.10374996379874096
3.495746081651233	0.0007346406679744819	48.41375863964828	0.10422394945442914
3.49753003409611	0.0008013140961166552	48.33222766322932	0.10518668624993285
3.499596565211675	0.0012135934735723792	48.16045942773812	0.1019125882292435
3.5013206439899074	0.0007598177130368636	48.39348512143184	0.10191263981690542
3.5030995322150718	0.0008942920617627768	48.37464766649909	0.09977094948518415
3.5047100542646907	0.0008909955102227774	48.34508557376542	0.10518664229273346
3.5066133359509175	0.0009894427744833456	48.40889450623307	0.09556693725466502
3.508150866165309	0.0005439707017162549	48.54374641043436	0.10281643455458864
3.50946453875539	0.0006101238015859252	48.468793117591886	0.10328083868648316
3.510765866310007	0.0008110644696843937	48.38246170170103	0.1019126178691031
3.5122856212948417	0.0006398452380851785	48.49224356155733	0.1032808410254184
3.5136171541279175	0.0007386061229352375	48.40733551888344	0.10328085246880478
3.5153822215716053	0.0010030977602893804	48.25947891259188	0.10103923174890446
3.5172379673353387	0.0006991704752400835	48.41626580686217	0.10281644394042261
3.518724799939232	0.0007963361718124843	48.445039273366234	0.0989593145527651
3.5206569465083195	0.001090101644072667	48.27473870889302	0.10375000355793976
3.5224470150645972	0.0008882195648019258	48.297103784097786	0.10328079880740118
3.5243239106740107	0.000884402282505317	48.27012150241295	0.10191261871671539
3.525890140065904	0.0008485851545721061	48.30768925355461	0.10147381345459126
3.527399350302506	0.0007480678619888191	48.339669621288664	0.10422397079871251
3.5291163689233542	0.0009070883760137269	48.241057225290916	0.1051867053002713
3.5309850240624545	0.0007741697879306447	48.30955994069224	0.10422397292336473
3.5323473824124214	0.0006109605675521986	48.427881359911225	0.10281641267026628
3.5337751518104064	0.0008333045557008084	48.36537160770101	0.10018252633812073
3.5357198216160786	0.0012443850551907955	48.20176641036663	0.10470282842202079
3.538040004386276	0.0007616825769377356	48.408726758775245	0.1032808584015018
3.5394057063426887	0.0008542167027989572	48.340969994828285	0.10422395447304683
3.5410824576422693	0.0007248536982454364	48.429558204230176	0.10328081001552468
3.542884187556864	0.0012240128564095603	48.21905484634848	0.10374996995356356
3.544933971868649	0.0008746453643718673	48.36930657947508	0.10147380305506096
3.54638554390628	0.0005603984978234753	48.52586848752765	0.10422394224937173
3.547607258791065	0.000714044959687914	48.4004628441096	0.10328082953731099
3.5490464084208266	0.0005879144776675615	48.490270368247394	0.09739958869572672
3.550669672345145	0.0011097951682789116	48.112179474999365	0.10422398613033247
3.5524758080810104	0.0007060972815591073	48.355515256294005	0.10470281128322315
3.553943824494242	0.0007037023351663873	48.40317408160053	0.10328081312313309
3.5552331928753977	0.00045758108889565	48.546452419701886	0.10328082448801504
3.5561198557608753	0.0007001852551348502	48.32263863514328	0.10328085603299889
3.557527122880882	0.0005765453059023251	48.380374061824746	0.10422395456400953
3.559241160630811	0.0008463009140883183	48.270069851119935	0.10374999037384512
3.56106160326814	0.0013542394846165883	48.40399842975327	0.07829553274313178
3.6338081417234624	0.0016546676450204106	47.974516259292386	0.10298011717526935
3.635830935975495	0.0007094716313448781	48.32875299522861	0.1034434113324186
3.637219663700507	0.0007829790987483493	48.244532804175606	0.10312882510960708
3.6387854753404554	0.0006039983714483592	48.30206184167092	0.10344344189292479
3.640021882243147	0.000602281274483511	48.061529678026865	0.10120360578109337
3.6411721145435676	0.0007758856471734542	48.04564480602989	0.10345083601478265
3.642838315619777	0.0007978540763130954	48.16652879328909	0.10344344589141477
3.6442821037475372	0.0005964020660114093	48.3238860887038	0.10344340454391941
3.6454806856334896	0.0006443149706791944	48.32469399984487	0.10344343063512643
3.647010053810032	0.0008396091568018462	48.275593716436845	0.09937199317276746
3.648761611209552	0.0008854133776545304	48.24308825158172	0.10344343221169669
3.6505081062752973	0.0007593844964354408	48.29405287930447	0.101490151185802
3.6517446586417677	0.0006350885008350102	48.170004004362	0.10313620843027366
3.652898539288352	0.0004628731871682855	48.2765897101346	0.10313623274803194
3.6540004416347003	0.0005832044127293031	48.16393626519786	0.09911209512622213
3.6550539819549517	0.0005817816833147918	48.07519612154418	0.1031361982611996
3.6562119588763045	0.0006044157066341997	48.09893914750482	0.10090521624926677
3.657476455024619	0.0006267617044333165	48.08856625658185	0.10090523864287397
3.6587135241114535	0.0005528652488384643	48.10258811199881	0.10313620141630875
3.6597708940313467	0.0005754970898103045	48.11764460149564	0.10090522299455588
3.6609838489294706	0.0007412863168465375	48.19765359388243	0.10376016101779521
3.6627954238249902	0.0009525178551275531	48.16087904977133	0.09937200361210731
3.664510899898736	0.0007590064580670472	48.18989286315106	0.1034434407593308
3.666106632808499	0.0007325937341224237	47.9831794402621	0.10281642447729088
3.6673856532191165	0.000636182468580178	48.016470827333706	0.10281643957406145
3.6684729723797798	0.0004935786020680955	48.17024287464517	0.10281647868101156
3.670168657724431	0.0010535468606207223	47.90388588010454	0.10378264883748277
3.671823257761278	0.0007230137803807675	48.05702458671777	0.10410933166270367
3.6730693084141004	0.0006511734158482507	48.04675470975356	0.10378262490608488
3.6742788671690887	0.0005102126128781339	48.13610018010447	0.10060888809808417
3.6755205769437636	0.0006012544878073106	48.05583519874285	0.10345825103227009
3.676578432499925	0.0005305842867238485	48.12082888712962	0.10313621635773143
3.677635975454953	0.0007134012355686047	47.99604168754355	0.10313620146749168
3.679287439234554	0.0006648482819855444	48.029922707097185	0.10410931374205105
3.6811882398749054	0.0013922843235901529	47.856272640132914	0.09009369230491014
3.7375444176140986	0.0010873357735397067	47.95444840933706	0.10410944382742873
3.739369756010478	0.0012377338790947718	47.71061328541386	0.10313620315365206
3.7420406804687536	0.0012103065114269138	47.672607420647786	0.10378270893133323
3.744375729487217	0.0010262027499635352	47.71835392608095	0.10443851164837291
3.7465525553143717	0.0011781641660471524	47.6717129780149	0.10378272248638452
3.748830395546171	0.001113392736679706	47.704804785947736	0.10443850887603494
3.7510264403873874	0.00106891999413561	47.71995488116326	0.10378273279135565
3.753442884107777	0.0012562498777667643	47.63065574411827	0.10410944445265823
3.755711663726032	0.0012304804074977059	47.65408002183077	0.10410939750625901
3.7587768993970574	0.001431831972180738	47.6689997393967	0.1002401135545432
3.7611473861841427	0.0014809922179629803	47.63602459746404	0.10313622911707994
3.7640032717799183	0.0012260785923955922	47.69980277390012	0.10443850734083665
3.7664709440736353	0.0011253494959286181	47.73347431397749	0.10410940115355598
3.7689360099830465	0.0013054829569521898	47.68044601922452	0.10345829680462995
3.77151294001954	0.0012977522843717901	47.68838493856771	0.10476995300191688
3.774757914947105	0.002005623687136996	47.762279157815584	0.08059997398544606
3.8212688920085442	0.0008762233052988454	47.7305812199481	0.10345829388097516
3.822892623566192	0.0008894221276625694	47.73347312716329	0.1037826078199842
3.8248145405191076	0.001000279825660998	47.760161202291044	0.10241771038064724
3.8275529989659187	0.0013524823821409286	47.71864032804509	0.1015040438204328
3.829617992668245	0.0009730616847977665	47.770362358249265	0.10410931984576077
3.83172893452038	0.0012265679720007128	47.59158749539449	0.10410931988693019
3.8344077047568828	0.001267145438162837	47.48534245626919	0.1047698146200302
3.8364705534037755	0.001181325577346242	47.521463182820874	0.1044383935992817
3.8385904734700045	0.0007307622500502275	47.7429701064254	0.10410929241825057
3.8412744838709436	0.0016419732624953034	47.2796148458375	0.11913717911941635
3.8436742462332916	0.0009734704845720274	47.63377704856556	0.10510360461432923
3.845928372287105	0.0013589356459641326	47.51310754559092	0.10241767368053722
3.848674993139885	0.0013193232526927607	47.530062450916944	0.10150405181202685
3.8521294357591156	0.00204789803740336	47.52434138958695	0.0848015180954685
3.8920221582200805	0.0010384592197510015	47.711179304631415	0.10342202903835679
3.8937681344000383	0.0010073304393819695	47.68138499643012	0.1013587802401643
3.8958451593944377	0.0008632859422166502	47.77435290263492	0.10362575410514363
3.897421083564679	0.0009572667799464557	47.730923917549916	0.10444995221836753
3.8996160392575154	0.0010766792518479707	47.633211743571366	0.10362573120911812
3.9017987302418886	0.0011124794904022808	47.60869976065718	0.10135875571605273
3.904139838564041	0.001161144772723051	47.43754753805501	0.11967451030988281
3.9059869415838806	0.0011154088747744573	47.47748924760307	0.11485112304017116
3.908673844194297	0.0011220462828438846	47.5582696989561	0.10321922013937397
3.911128379953837	0.0015458859620448148	47.26761127405175	0.11869835723792185
3.9138071707148034	0.001055424079700499	47.43765342158594	0.11602327936079845
3.9162015761188353	0.0011160551328892657	47.385070938634925	0.11869831614257176
3.918093600565399	0.0012037128475527422	47.47664638076813	0.10383040246818796
3.952654634346046	0.0011419940534653694	47.45555310965645	0.11869276518918237
3.9550917907674554	0.0013241616340300857	47.297917283913556	0.12099014422097443
3.9575019712787203	0.0010752137089668169	47.42997591356377	0.11933924701164575
3.9594465460749237	0.001010272699374262	47.51414259555715	0.11484709525640151
3.9619852038867114	0.0014348389470681784	47.300451980475785	0.11837242030856303
3.964473557218268	0.001105644901671325	47.38202751689252	0.11805396624886531
3.967414884780351	0.0014878628914500264	47.23190114661074	0.11933922054645081
3.9698782439368374	0.0012446115009002176	47.29799264263209	0.11933925772488964
3.9722545292635294	0.001401308741593188	47.23738893372992	0.11933923991779874
3.975176028704621	0.0013338414181195703	47.48563542435582	0.09433921239112512
4.006946968867895	0.000948726675426351	47.4631305347155	0.1178537129684005
4.009233426497144	0.0014263469472812808	47.269435049986825	0.11822951781162858
4.013049480058277	0.001966657880168063	47.06626221536575	0.11956634677342062
4.016278095487292	0.0015089147824063611	47.14521900139385	0.11956638115623502
4.0186107374745585	0.0008396297290082833	47.431261958220425	0.11785366551720325
4.0202142405343135	0.000920186396222156	47.40926130113777	0.11785369073210639
4.024101780136272	0.0028291643609881963	47.120250823319964	0.09849856166797614
4.056881418210541	0.002624136305494343	46.92647672034385	0.12074427397731015
4.061340429060946	0.002187734657853422	46.92386152700882	0.12004376663571392
4.06569085673929	0.002147093478141739	46.9283230949818	0.11981225408827517
4.069688684321314	0.0021926820744961194	47.026292994902334	0.10690929287604281
4.101700365669758	0.0028863582103382125	46.81385923011488	0.12121909921853626
4.108643892835497	0.00429921760747468	46.911292317599944	0.0916051677506715
4.143433911566991	0.005826423327304799	46.75105386087423	0.08969881657962488
4.2040961263883245	0.020274708653816306	46.35866744065626	0.11609692100121985
4.242106524207242	0.014737186750901245	46.47620089168909	0.1290242800158592
4.268003947439532	0.00599882561245065	46.6507560605165	0.09487641825276111
4.29455195525227	0.005875067301022464	46.46911362525752	0.11914037106808929
4.319323607829653	0.005519290921828579	46.50440043476793	0.11885555361905027
4.341797596250946	0.005252214086648731	46.644389088660134	0.09666303799033922
4.364631127599084	0.004954947170981075	46.459263590291194	0.11555861424989414
4.394635970932911	0.014856436134179354	45.980065319851754	0.12599747276710263
4.458177352362108	0.13597392025380386	45.93382644883814	0.10436379812616635