-1.7724179869762278	0.4271749792611009	51.91499736800138	0.11362180647744285
-1.3000692062448118	0.1439650347102039	51.550396708807675	0.18538198142360393
-1.1090414333436196	0.06182128021501539	51.75893556877839	0.11446052480766403
-0.9546033800599406	0.08664229285624073	51.585748476215365	0.10073937742150899
-0.8087848910442351	0.06193147844023961	51.39640537642046	0.10904552343416486
-0.7375462804327078	0.013140528901062983	51.60320528305061	0.1100071573210033
-0.6998124828819154	0.02409400764843984	51.42332043526184	0.10717799066846874
-0.6127718398698618	0.059154754398686955	50.989950058114964	0.1200006920215556
-0.5081421344191983	0.04649004324095861	51.03267306535603	0.11789979793444134
-0.43684492678993836	0.026300952894246724	51.45494146215971	0.10924960512034249
-0.3990837641687617	0.01205536392073656	51.74615650296518	0.11504157725856566
-0.3533564123522651	0.032551741501562655	51.755345871143646	0.10892957804372762
-0.3119883901722639	0.009864724279416795	51.926948876485895	0.11921758530501256
-0.283358949201259	0.01847079149445705	51.75393864535	0.11572112627778754
-0.24790473896735848	0.017022811717597747	51.677838564911845	0.11963368515022171
-0.21119918561049444	0.01955400650251022	51.60233263396014	0.11475547442965887
-0.17375295450926354	0.017938640405319287	51.31688291154079	0.16978369053945822
-0.13928072184052703	0.016569800955700535	51.420767544650936	0.12060818661712401
-0.10427651022072276	0.01834401200445373	51.25379651061592	0.13755482868459548
-0.06624597715952762	0.0196069744315412	51.285992916242236	0.11763217824836614
-0.041741512249518165	0.005294659956078627	51.575828598813025	0.11793765281996522
-0.011081717791695866	0.024668814718753974	51.21241198365286	0.1144337331054035
0.02442929458361487	0.011365990143066673	51.40465468280431	0.10515114433011008
0.05514202626857323	0.019061937817733503	51.06009377155633	0.15358734488035852
0.09168448043702382	0.01752365096434605	51.19748993144428	0.11778313847213762
0.14130911186291573	0.031262950182114134	50.72839304749632	0.21490137538198745
0.17633166508521103	0.004806801134002952	51.40072617990433	0.11806657756064956
0.21317787211684702	0.030910639344052356	50.88427667024537	0.15977547009968826
0.2525519986592156	0.009410497998759194	51.34540825127272	0.12137627354985465
0.2849238913739246	0.022460280671385294	51.175987714926734	0.13328659158858708
0.3185278464650677	0.011548849420943884	51.46753592869271	0.11670188784920216
0.33773005388533284	0.007734541097990479	51.655696411033176	0.1040084347350869
0.3676159251364821	0.021660572692239546	51.46772231548037	0.10612516077473991
0.3994283881359083	0.010544618271356216	51.57886062107732	0.11087018162260112
0.41450139383547224	0.0046295115913965144	51.62606322425821	0.11567807153784494
0.4209348229282094	0.0018245750761076301	51.870019775866226	0.10202889904198119
0.43085580122467804	0.008025152122872237	51.40615543628069	0.10989537153761034
0.4414263133176546	0.002610727277022024	51.527086846925414	0.11991397122138536
0.44661662904941424	0.0025797118046933195	51.51586035805428	0.11380577490437141
0.4593273542053078	0.010021216785290681	51.16946069829645	0.10268628322278457
0.4716766221843236	0.002435068585004071	51.35543888383681	0.1119823084476332
0.4773216022758129	0.0032048296829227936	51.26317078301913	0.11744159868604225
0.4860466501854943	0.005496901504049322	51.162705982031476	0.11989131181854902
0.5074957591062801	0.015696040150040984	51.01885751459295	0.11563064357159375
0.5257907091807654	0.0028663937451441795	51.449072057118066	0.1164411418677154
0.5321926764447085	0.003530562412126735	51.30256855587566	0.14496887890819557
0.5391970131296129	0.0034740779322383086	51.42607626896163	0.11949405770466118
0.5648285330402163	0.007204945788502064	51.39436186693255	0.11563645672712222
0.5745439738843883	0.0025620203958067866	51.678323735500314	0.11118178272717284
0.579638022379326	0.0025321447837121347	51.50330703671824	0.15369046911534248
0.5846730121566337	0.002502957898276546	51.65726613144558	0.1090392332327093
0.5902684663112125	0.003088645773347866	51.55625452547502	0.11375280277591776
0.600041344274687	0.006643820742591748	51.22170960374012	0.13726885974508155
0.6090078967575216	0.002366566213034531	51.49985247920073	0.11250022876618884
0.6172128809401285	0.005805687885297512	51.375830223474374	0.10907284005470562
0.6258352502753168	0.002845779977311341	51.54382569099148	0.12019019842180372
0.6326119743204015	0.003922406780784391	51.53007209898063	0.12637329441448156
0.6403867779249441	0.003852812084379451	51.65313979072624	0.11631542164468922
0.653399507849775	0.009080629970912631	51.47967177226841	0.1495498068896976
0.6634316787454753	0.0010439143852287874	52.17065916859259	0.12086904449026756
0.6691355864246562	0.00463632090629547	51.90322069467121	0.1195409536977608
0.6858111476926687	0.01189779986598742	51.81288990416014	0.11056080565248683
0.7089777251089158	0.011279765783707487	51.75617792943221	0.11026272176457688
0.7309708583776764	0.010722768964170506	51.63081605083468	0.12087370688061085
0.7636642560876346	0.021547934804354782	51.44841355522797	0.10185906621934142
0.833205019144089	0.04589917700437673	50.97663469681398	0.10386078439064915
0.9870765569737798	0.09736044690382867	49.787723125378236	0.14552247032516702
1.7976673781988888	0.00030654142653014217	50.81079670431489	0.10416307294166902
1.7981269470855272	0.0001531086085221709	50.98717576152185	0.1091441499628742
1.7985095500263109	0.00022946067440515131	50.914683008433386	0.1143880498779883
1.7988536047234178	0.00011463948207678117	51.16736124896179	0.10355080924795884
1.7991973870709055	0.00022909754146748938	50.95703293608948	0.12482439139219165
1.7996171962571825	0.00019073016013347897	51.09041785305382	0.11452529274618592
1.7998841364393399	0.00007624518535522975	51.37188311662607	0.1052604956060018
1.8000366000131494	0.00007621842339140658	51.14566550600164	0.1661804892810171
1.8001890101385918	0.00007619168019786357	51.39237310232774	0.1093434711829692
1.800493669967354	0.00022841475024739074	51.20342644826864	0.10505445883037337
1.8009122285849442	0.0001901622647782433	51.26165173783333	0.10965600214069735
1.8011403633476872	0.00003801247976578766	51.60712834514126	0.11779277582466754
1.8013303842008215	0.0001519834058178059	51.347491860051925	0.11190089966020295
1.8015203219204503	0.000037979237687121406	51.71965836729255	0.09662122443713365
1.8016722122941662	0.00011389787139498565	51.28234202588904	0.13176743033328156
1.8018999483064295	0.00011383816110984028	51.3518478326492	0.10714928679712726
1.8022034107053186	0.00018959774117849857	51.2079118639558	0.10402143315842914
1.8024308684063421	0.0000378996934243612	51.4958777994435	0.11124482640616179
1.8025445526104162	0.0000757795476254076	51.308717783326216	0.11237311301705512
1.8027339601781223	0.00011361975798196514	51.12212483638432	0.12493107750266892
1.8029989920577458	0.0001514005889553997	51.07034662822564	0.10899515693575461
1.8031882015742249	0.0000378336606185264	51.27491598887409	0.1173613357189394
1.8032638622886688	0.0000378270699926292	51.29818425796022	0.10696059877369606
1.8033395098805176	0.000037820481657598944	51.23346173871439	0.1168018947485526
1.8034151442416357	0.000037813895622053916	51.09979812973253	0.15132434721405053
1.8034907654329793	0.00003780731187988592	51.395343139227954	0.08710370047691277
1.803641968362228	0.00011338245380287099	51.09539303442864	0.09280239514979464
1.8037931186485814	0.00003778099981614524	51.149393116171595	0.12111258628888619
1.8039064468648691	0.00007554228446250787	50.989609804141786	0.12200258477341752
1.8040197455161162	0.00003776128978898106	51.24484031316477	0.09804111773036472
1.804133014617746	0.00007550288497060644	50.96274627170407	0.11817954355437549
1.8042462541851645	0.00003774160031620167	51.079721614394956	0.11883955906922217
1.8043971943408246	0.000113185456217622	50.82313500014682	0.12035035023246375
1.8045480820738056	0.00003771537960541059	51.04335566499679	0.11803758071384865
1.8046612134807742	0.00007541111245753944	50.9577861847466	0.10996791216063713
1.804774315425285	0.000037695737968004926	51.176828426816854	0.10726606493843463
1.8049627532169583	0.00015071754223780322	50.84195536301214	0.12726219214419865
1.8051511092820558	0.00003766304733209213	51.258697834727684	0.11824000845076019
1.8053017353722804	0.00003764998694535554	51.33491420436289	0.11394892354206154
1.8054523092016734	0.00011291080684980087	51.16216542139812	0.11445432179256121
1.8056780721153753	0.00011285212673910532	51.14075833082482	0.13842654306144636
1.8058661182929385	0.00007520218214113567	51.42846385460289	0.11000954814081082
1.806016496615939	0.00007517614722507982	51.500250184242596	0.10890898204231703
1.8063170971425366	0.00007512413143511248	51.46387130928974	0.12082133035013577
1.8065424110887416	0.00015017033360703155	51.236272586326535	0.14488782572712613
1.8067676081737019	0.00007504624257536599	51.523183657309275	0.11568409369377326
1.806917674753385	0.00007502031549615027	51.512372520919136	0.1204591464768819
1.8070676894688757	0.00007499440633021777	51.46726974191513	0.12518366132549003
1.8071801665164817	0.000037487493097913	51.64124246530252	0.10871153513970822
1.8072926144135049	0.0000749555761215096	51.42259744399096	0.10985639198140039
1.80740503325879	0.000037468088042501676	51.49140973002925	0.11290674945619078
1.8075548797256409	0.000037455162499195164	51.3750581777922	0.12013342894748977
1.8076672306838857	0.00007489094838042962	51.110401428242604	0.13524966874109198
1.80781698675443	0.00007486512847904593	51.11094562319502	0.1170129252719248
1.807929269963306	0.00003742288761382385	51.19177932044423	0.11783321354750675
1.808116344079027	0.00014962708409624068	50.92602742110164	0.1054266530205154
1.8083407267253868	0.0000747748988568215	51.004170868323	0.11909491176732956
1.8084902508046934	0.00007474915889490593	51.080534109388594	0.10454163596136806
1.8086397233661131	0.000074723436657542	51.046679782801576	0.10997115838101235
1.8088638358636704	0.0001493697729301998	50.86097875082114	0.11507411951491099
1.8091624727024853	0.00014926709609372032	51.0854982163809	0.1015286315939048
1.8093863156454315	0.00007459509052750093	51.479393065803876	0.11296597537024404
1.809535480203884	0.0000745694741921091	51.7064660602604	0.1065883159141289
1.8096845935472579	0.00007454387544423865	51.925861174782895	0.10351797823934007
1.8098336557384695	0.00007451829426101994	52.064008949906096	0.11727209133065203
1.8100571530842222	0.0001489599107976538	52.123779501718545	0.09960473096972101
1.8102433130572604	0.00003722401823430311	52.1981371391181	0.10585969641024748
1.8103921836362251	0.00011163378151480347	51.57351861860616	0.1578569392268208
1.8106153938192127	0.00011157642090914635	51.53970652043595	0.10940624581347551
1.8108384893583915	0.0001115191192154892	51.352323915620396	0.12063774422767069
1.811135771895064	0.0001857380140907641	51.17197141363393	0.11226948847205413
1.811395727294161	0.00007425074810444077	51.249806384214615	0.11805410413077055
1.8115813145126234	0.00011132853792580332	51.104235116568475	0.11596778772157007
1.8118039145217164	0.00011127149049677659	51.10552164949396	0.12451002917670435
1.8120634704372693	0.000148273345340393	51.13500871819397	0.11587937095620028
1.8123228712943842	0.0001111386069149708	51.311785216147	0.10506914025028397
1.8124710308527034	0.00003703356614896547	51.531027220262345	0.11669103731008483
1.8126191398468512	0.00011106281583994474	51.292456731053015	0.12112714398543414
1.8128782091271067	0.00014799544453234021	51.21075704260604	0.16980755443073664
1.813211071278639	0.0001848525723178394	51.71571489403304	0.09819820493669605
1.8135067347371816	0.00011083606158744442	52.03493005989159	0.09943406844049069
1.8136544910023824	0.00003693278640142111	52.254235521610276	0.11771791273296882
1.8137652752348061	0.00007384673282790361	52.09334153117429	0.11453288606903608
1.8139129435892958	0.00007382162780755017	51.98453676257171	0.13238870579634057
1.8140236619485264	0.00003690140511771226	52.17119643471156	0.11676400998990523
1.8143187728935448	0.00003687633846397941	52.09872222869556	0.11526799376297721
1.8145768305614878	0.00022112659837207762	51.677600823648355	0.11209902849201192
1.8148715660034616	0.00007365886031906092	51.78760040556772	0.11693146126144897
1.815018858713088	0.00007363388285797532	51.567085798959305	0.15140127258835
1.8152029044336468	0.00011040402725018774	51.5542738572037	0.11140929344610592
1.8153500848852278	0.00003678887271996425	51.682838751827454	0.11830035531023313
1.8154604374590915	0.00007355905199009702	51.475947868982054	0.11986905636758119
1.815570761999909	0.000036770184018257435	51.61613599027163	0.10925057451527469
1.8156810585766996	0.00007352169356267419	51.060673180736984	0.22152724432823492
1.8158648239244877	0.00011023588577395203	51.19778871707201	0.11847662477414718
1.816011780226812	0.00003673286351079266	51.38423411779835	0.11836176822077261
1.8160852397254406	0.00003672665079188627	51.36924044781933	0.11399168596606575
1.8162688341974929	0.000146844512716849	51.01826648700733	0.10978084536225183
1.8164890451227493	0.00007338503671772317	51.046856124196665	0.1185417833025995
1.8166724689728246	0.00011003107374512024	50.907908096642004	0.11507637963527684
1.8168924753756288	0.00010997534793877185	51.09386283813176	0.1069504673649806
1.8171123704014538	0.00010991967854449086	51.25154019420455	0.10400962495198093
1.817258905254803	0.00003662753230509249	51.515013079445986	0.11643173573316135
1.8173687739302253	0.0000732365347432786	51.35447962907915	0.13811559712547125
1.8175152223290199	0.0000732118428221387	51.65552243919321	0.09613101444635186
1.817698213376977	0.00010977150199522543	51.500583218207	0.1189850104013632
1.8179177008989171	0.00010971603873539402	51.48188387565069	0.11206937089304864
1.8183928770214317	0.00036532020131617936	51.214005417788364	0.09559896607197403
1.818940511906474	0.00018242991582838607	51.177523449441274	0.105859018139171
1.8192323017171583	0.0001093844325891532	51.19512647705019	0.11171311388530909
1.8194145708493599	0.00007289235643223123	51.20377136572503	0.12069802755530858
1.8197788798002952	0.00029132494458427395	51.04240356643963	0.11810213497559792
1.8201428833923736	0.00007277021827509962	51.53125397184797	0.10697392907723413
1.8203247708426726	0.00010910962149636376	51.453048431767144	0.11746433792243174
1.8204702259648795	0.00003635769477192014	51.73283220266751	0.11982886803650822
1.8205792853589653	0.00007269713165428399	51.65622093994372	0.11293384699875571
1.8207246552867167	0.00007267280206060436	51.752358827650234	0.10356759971897234
1.821015249264085	0.00021787257507585277	51.61503059930774	0.10444197234508382
1.8213056489209762	0.00007257564631165845	51.880006133666555	0.11889207848261774
1.8215958545170938	0.0002175814973684628	51.67743743741413	0.12063358766283096
1.8219221042031615	0.00010870905384131538	51.85240037245522	0.11058927340609882
1.8221756846037067	0.00014486079758707667	51.733474706503394	0.1176832949752413
1.8225014991515716	0.0001809402018683981	51.674503977022276	0.11572222738620816
1.8228632288687008	0.00018078955708557057	51.698592277367595	0.10612878029512988
1.823080122155349	0.0000361398581132175	51.994147621011734	0.1142983776073304
1.823333027528903	0.00021671291216540322	51.39608075095853	0.17103869565373614
1.8237662372168555	0.00021649684834531356	51.58610731889155	0.11505816193025846
1.392986981878065	0.004949758449488762	49.632910801358605	0.08648614497814584
1.4046831581300525	0.00725931373695861	49.46457832725344	0.08454940016397139
1.4199575771789497	0.007989069088445119	49.40375016661152	0.0845493750723503
1.4360410721772368	0.006861570861881869	49.44871492709739	0.08550056470883723
1.4500896163549721	0.008048572370644918	49.373273917959715	0.08454941220435079
1.464412463754761	0.007180808652175208	49.41681077351035	0.08454939113640059
1.4810472154772003	0.009027942615654184	49.312058703413356	0.08454941317383005
1.4975311799720377	0.007513943833446826	49.381751206022514	0.08454941623104231
1.5125709395264684	0.006646874533790073	49.4134434462472	0.08550055104754109
1.5252242275331311	0.006276626541401538	49.2575355504854	0.09756719371876567
1.5374425391405184	0.005614162920849467	49.47224533859074	0.08454938434218215
1.5532424122284438	0.008982283118074287	49.07596791279837	0.10003899420407897
1.568214722420314	0.0072091038257389856	49.1738745901149	0.10003898561886976
1.5816306735015404	0.0063360408231762635	49.39513065187564	0.08750778378486566
1.5926740244337423	0.0054320981621595495	49.282091294136684	0.10003900003770931
1.6046463785063967	0.005771449548971267	49.26864689330429	0.09804351079803808
1.6172361034272136	0.008861908682448823	49.07396549225951	0.10003900158374222
1.6347639578620328	0.007254039298448204	49.1160748682242	0.10214053721630494
1.6528195632705	0.00896706999576092	48.97565425116712	0.0980435342611734
1.6676675156876475	0.00691083393106025	49.00224635468822	0.10669245489710516
1.6810433029263265	0.007183650798200034	48.98577658858103	0.10669248464524257
1.701702782075031	0.011240900422982812	48.80997520970008	0.10214051442776206
1.718851911916175	0.006276894487467658	49.03257535104891	0.10435554718493023
1.7317074240288157	0.008290488530735022	48.85501046579096	0.1117686907911609
1.7496134943070083	0.00861368449154461	48.779104284025976	0.1174532113817015
1.765698251969579	0.008584056435236926	48.87516580798629	0.10214050074381009
1.7819719452043175	0.005992940068617151	49.163610220784435	0.10003900623704957
1.7893538430294282	0.0021228156011423296	49.849704228345104	0.08648614381637283
1.791671612765088	0.0007527255604993004	50.313401025201614	0.08550055556293082
1.792899488972635	0.0005094397506781943	50.48611879888624	0.08454939735370352
1.7938920519450394	0.0005111756925912365	50.483268981779034	0.08454937613252592
1.794911273804873	0.0005331144221510126	50.631654273264445	0.0769379040975286
1.7960435082988133	0.0006240332958912711	50.5286179712695	0.07844766095954897
1.797214994080167	0.0005465959828763134	50.65057947221134	0.07645085149214569
1.7983584621640465	0.0005786333840246899	50.619887369865154	0.07645084932751274
1.7994912961265817	0.0005208443058386793	50.66958630681572	0.07597583669147767
1.8004765385465746	0.0005110981643422943	50.817182116513756	0.07693790904612306
1.8017747083063287	0.0008065862075682566	50.75029710142567	0.07782551425146671
1.8034756422715095	0.0007864194716116219	50.7557369167407	0.07734632028321838
1.8050569414907622	0.0007722599007695384	50.75903718400874	0.07687853158613268
1.8064072367716033	0.0006562608745992526	50.845657765119384	0.07703755308989195
1.8076691029821284	0.0006889937547546437	50.830245434871024	0.07734632055635546
1.8089945147658835	0.0005450356456788751	50.949916039295076	0.07687852122300856
1.8101018387846608	0.000552956770733997	50.94698527073844	0.07782551604496844
1.8114031523338237	0.0007833319999280757	50.81496966394894	0.07734631622226962
1.8130058364630348	0.0007702748869935883	50.84817470588198	0.07642180107558028
1.8145510317132434	0.0007048829039619201	50.895261341397166	0.0768785214528416
1.815967698581518	0.0007788157535706288	50.83368858258097	0.07831646263007448
1.8173394783660353	0.0006042421697327954	50.95897222162495	0.075975838285741
1.8184604560229687	0.000495845010625543	51.04067956353012	0.0759758321350815
1.8195821909465972	0.0006949425779889961	50.873696694977646	0.07642180510686014
1.8207682568101373	0.0005004836750019695	50.97980136277455	0.07734631003290096
1.8219873247483127	0.0006901988329091419	50.82136252631259	0.07687853986304008
1.8233041315298153	0.0006583092701795907	50.82011089317582	0.07642181842203441
1.8244926978891352	0.0005763600230961686	50.8678400010919	0.07642181643360207
1.8256708353622728	0.0005379755782347677	50.890365929775044	0.07658212967382803
1.8268547423445094	0.0005857733103269826	50.833918313070996	0.07734633060006964
1.8278388720908723	0.000477209366136608	50.96113697215016	0.0759758459722658
1.8289295423193694	0.0005482165565896959	50.92706669112799	0.07658212647162167
1.8300832745875408	0.0006294432158861122	50.870089981215315	0.07933518998519068
1.831191386722522	0.0004841810968979211	51.01016519487074	0.07734631190803266
1.8321675188889488	0.0005176007788866616	50.974095063007695	0.07782552368553473
1.833227968332472	0.0005401694616454358	50.95265059543956	0.07782551923420518
1.8343685921745414	0.0005493164079694107	50.929168156569524	0.07933518033573983
1.8353639669396187	0.00044881101508793554	51.03560094989782	0.07642181329498458
1.8362115765257174	0.00045231886262676245	51.02124685924521	0.0768785333458375
1.837185248921275	0.00046092677869905073	51.005668577490816	0.07687852835528394
1.8382771549671246	0.000656065589375744	50.84712737330666	0.0764217996006573
1.8393384739686098	0.0004386303076827668	51.03412431233949	0.07586029671271872
1.8403069056421608	0.0005010435566174055	50.9583240429474	0.0768785270358175
1.8414550947757489	0.000668603706066555	50.833743608922084	0.07703754225693424
3.1126400691176124	0.0020933481428908555	48.85507494261334	0.11172589131281083
3.1171678431736023	0.0026471199469492225	48.74300732602102	0.11168400252514966
3.1231027263840128	0.002157081152297703	48.77932988781209	0.11045545569027301
3.12681541638244	0.0023638193235080715	48.70719209520613	0.11168399125357012
3.1320056642735854	0.0026694206065166976	48.62371249002609	0.11392301598032202
3.1369764113669043	0.0025290944725441604	48.671070464612924	0.110455467507987
3.1425767972493577	0.002388151683397929	48.6861703339856	0.11130055337608563
3.1468329942162483	0.0021499013708747524	48.732864019246556	0.11259046593213495
3.151416431994515	0.002552780407944091	48.67706150147761	0.11127022841570472
3.156233100943612	0.0021038257644672618	48.74066495690566	0.11302979084416037
3.1596287226859863	0.001669960888328514	48.8371084817541	0.11215582471012843
3.1627180241534245	0.0013472231447321653	48.91430728459111	0.11172589316359073
3.1656914285318436	0.002161415524073024	48.69172175328373	0.11172590974980495
3.170786539487545	0.002237959203152304	48.67244681251926	0.11215581672891436
3.1743126094325507	0.002018042279994172	48.728877148246625	0.11215583141800987
3.178110858746638	0.0014003608134261095	48.88625763943054	0.11259044500974627
3.1822012235417136	0.0021799045669727043	48.66957215449454	0.11215585702422738
3.186349256116376	0.002355447435070541	48.63051250746716	0.11005440197514944
3.1900677957045773	0.0013622933611269186	48.841926846502865	0.11172589976670085
3.1935263571461308	0.002123793795164773	48.65995649301702	0.11215583152925723
3.199751154167871	0.0035210132373053736	48.495057608109626	0.11000692664343079
3.2060389208705664	0.002532427823546859	48.589337304579026	0.11302978009791567
3.209710021186959	0.0019531154788545175	48.69916801805844	0.11172588824509205
3.214119625677969	0.002393690131681013	48.63660185181148	0.10965743895357627
3.2194121867864753	0.0024556712501074404	48.630888572330875	0.1130298092050215
3.2238555674309146	0.0020705508293975255	48.715555184814555	0.1130297911987005
3.227771788786271	0.002051963706216606	48.681788176007394	0.11437697995340829
3.231387660957355	0.002034950281221382	48.66487451655433	0.11259045304883225
3.235705130754836	0.0019272301180165421	48.71036760218982	0.11086072318811153
3.2391314619388933	0.0015644081458751696	48.77886552166753	0.11302981764349478
3.2434034827690623	0.002151522718706467	48.643481150469356	0.11347393960749406
3.2489919756376175	0.0038230021580610545	48.591093955618746	0.09668689073561369
3.4628455447797064	0.0023365859892930303	48.32039896342917	0.11212322015812765
3.4673511288841663	0.00215832484423793	48.347942330661446	0.11170976273118471
3.470974918424333	0.0015288300518752024	48.494037525321694	0.11212319326292021
3.4743395092428253	0.0024778242896190614	48.26667590279417	0.11469699622759244
3.4785690920568086	0.0014021856739016947	48.550905734638874	0.11040984767858013
3.482241605169187	0.002035907693285342	48.37215977936455	0.11212325833708342
3.4861964546743076	0.001968232557099952	48.38923084454662	0.11296318394718649
3.4904323575517306	0.0019004062784203845	48.41905572372431	0.11212316818396996
3.4941910488322563	0.0023188103402819677	48.363576402148304	0.1080841857856792
3.49809319566703	0.0014841755883449766	48.47468023280666	0.11254100556096619
3.501583169933186	0.0018047457853326216	48.357555201662464	0.11382089130129333
3.5043671343083123	0.0016988271903386886	48.39072077982381	0.11382092390321956
3.5083503150602695	0.0016365643194426605	48.42103434972269	0.11254100720272184
3.5116108749466326	0.0017171303154949588	48.39275226223883	0.1133898271856122
3.5148984664647607	0.0014278231719530969	48.48547794296535	0.1104098297535566
3.5181420675419126	0.0018743616782801445	48.31646668459778	0.11514205836336591
3.5221188952326354	0.0022196838384204395	48.25823542019389	0.11254098812367827
3.5261054688512594	0.0018403237030875676	48.33690325021565	0.1138208857404314
3.5306860469326633	0.0024428178899131305	48.204963726954546	0.11604660557216087
3.535312102574009	0.002285101251281852	48.24592583874794	0.11338979232074504
3.540844523286623	0.002776837658854519	48.18370565012888	0.11142551344683518
3.545026096764823	0.0016329336972200105	48.39286797000962	0.11280637771105649
3.549411908004082	0.0033605562947681823	48.260020981092055	0.09623024948793335
3.6527307125284727	0.0007377479175034997	48.1857603351702	0.1126209454522676
3.6542672563586764	0.0007685670090157489	48.15991163925807	0.11217595201492178
3.655714469921463	0.0006327829089148041	48.307811682704866	0.10850963421856535
3.6572907802879593	0.0008295939329501087	48.155968876856456	0.11173585934380355
3.6591844825272135	0.0010902920789119712	48.04510124316126	0.11262094303900957
3.6611660441484855	0.0008222111745870913	48.21669796289251	0.11048358316567536
3.6631001357188033	0.001211486771277672	48.06567694644641	0.11007298313295724
3.6648248163608406	0.0006522559567047112	48.35097911371915	0.10966660036383778
3.6662512014878947	0.0006501172188954147	48.33686744330865	0.1096666550173338
3.6677459468286724	0.0009718252585666949	48.11587235209896	0.11307090361436749
3.6695307562965667	0.000677483837163237	48.25951692860182	0.11130057027936399
3.671095566540952	0.0009322171703552759	48.122586654677846	0.11262094301831764
3.6729589974773065	0.0010562539400031854	48.0694429606905	0.11445132234386958
3.675000928200764	0.0007645779071976722	48.2634762326511	0.10926453062830913
3.6767579250977187	0.0009518668545470037	48.174858623275554	0.11217592717104152
3.6788307305237096	0.0012946994339648014	48.1116632871816	0.10928194673215787
3.681199503261758	0.0008793770241054732	48.18091834646993	0.11217593390506714
3.6827794668849156	0.0007510056530032007	48.22108340300116	0.11130053521404928
3.6847557960403874	0.001059107567673104	48.010559411601065	0.11262093590635375
3.68664537349955	0.0010544971233122577	48.03421430341839	0.11307090400456749
3.6881566508740082	0.0004945137498795902	48.4070033908944	0.11217594557854424
3.6896558820164156	0.0008932043090399835	48.14715549327944	0.11173583978583873
3.691287975658744	0.0007671167107036141	48.24102309724685	0.10926453076852785
3.692703660487238	0.0007952137751408925	48.18652232253143	0.11307090047235685
3.6942211952274358	0.0007314783519123127	48.24662270430796	0.11173584635414714
3.696030708602959	0.0010623134615669202	48.13501977781776	0.11217595280860271
3.697591253682445	0.0005443651033979368	48.4312658314734	0.11173582140045898
3.699552232197324	0.001144043178185326	48.02362640272432	0.11262097441199462
3.701232316463056	0.0007197643902371951	48.171988469997075	0.11262096050942703
3.7026693455276414	0.0008668487332628265	48.090869265519615	0.11307088206425799
3.7044978283409025	0.0008334328286993893	48.12117656287562	0.11262092862061326
3.7059628961255004	0.0006229813520886362	48.26878587179492	0.11130054394011545
3.707233619092901	0.0006803115506604502	48.20134005643341	0.11217594950545959
3.7088042173375175	0.0009136264726382279	48.07050704275853	0.11352591831800332
3.7107082315808917	0.0008509390615388724	48.14386139900169	0.10812929637474178
3.712463854428364	0.0010520890082030623	47.99435209888465	0.11352589975211998
3.7146182084837713	0.0011340777762805872	47.97031701555214	0.11173585014627112
3.7854955130478203	0.0007657428787949547	48.05980849513129	0.1116058558748361
3.786960351680615	0.0008123945247422713	48.04013790794264	0.11191355887756713
3.7886704894553977	0.0006865907404080153	47.98300972374476	0.1116114631223658
3.789928536687337	0.0006601670980877934	47.94662619684624	0.11042663004345943
3.791432500739683	0.0007553460787434997	48.11562992909104	0.11160587747380508
3.79336060667203	0.0011886374477981499	47.9517900343285	0.10983069490600561
3.796005545415417	0.0014225260286313231	47.82520049299099	0.11253621906640224
3.7984513778760682	0.0009590159238116094	47.98219622288726	0.11160588520206205
3.8006298599640456	0.0010257839540160063	47.93633680145712	0.11253618737644974
3.8020257212940543	0.0006420225408039585	48.176850336996445	0.11130054652789154
3.8036302142426983	0.0007818026266012342	47.974236317253514	0.11191354420137357
3.8049844937025155	0.0007321303296361578	47.903886508848295	0.11013278578521501
3.806315557121531	0.0007063571505774342	48.05781622475196	0.11160586392759646
3.80779402130098	0.0006335515765958043	47.91848664651613	0.11224076468795974
3.8087832060579174	0.0004682397991175349	48.03325096035764	0.11192486347754889
3.8103299619644666	0.0011197635210620964	47.86223508429244	0.11191353719324355
3.8124570874951935	0.0008589378177163065	48.09116916730996	0.11130057955500453
3.814333135993821	0.0010632663971501478	48.005593170996704	0.11191355122155842
3.816033654124192	0.0007137478706312289	48.146581233572604	0.11191352768877517
3.8176102592184646	0.0006882145818172112	48.139244582127446	0.11130058177199349
3.818922706398655	0.0007318749771381911	48.08559399827882	0.11160583514267836
3.8205070184255296	0.0008431544028099944	48.00801508499146	0.11222363299558531
3.8219676871511945	0.0006132087032429926	48.1364840226428	0.11160586894777999
3.8234435370700677	0.0008827450217240358	47.864067343119395	0.11161147099569371
3.825070330637132	0.0007441440417789067	47.776325687751175	0.11130055826626453
3.826441423279518	0.0006743614038928112	47.81626287642134	0.11161146024163579
3.8275707656943183	0.00044840671190102846	48.19465076193422	0.11130057370085353
3.829038868789892	0.0008044100149176977	47.99984895876301	0.11160582568494408
3.8311332811040018	0.0014454207419566912	47.94445733246446	0.09464948760475828
3.887035429851676	0.0007732983402857759	47.98278405321136	0.11220534099879992
3.888688823972057	0.000934904937057994	47.85008532627273	0.11190141777002106
3.890320036198844	0.0006985480771309951	48.00483407571688	0.1115998578220614
3.8922945655544074	0.0011976058529599306	47.799206494205215	0.11313125940791663
3.8940624336425733	0.0006925544179622623	48.07931361320982	0.11190139455369758
3.89557000201485	0.0007093307871205628	48.01800658077479	0.11159984029690638
3.896752776848998	0.0005544468080201467	47.97340248202683	0.10954714829054733
3.897967242753552	0.0007626154916928521	48.070576282874256	0.10981951660666514
3.8997216670204518	0.0007595409596692548	47.93722760166629	0.11251157881600124
3.90081411808461	0.0005114089149490562	47.921656826113995	0.11130054418181415
3.901894288181021	0.0006234951093414428	48.01136220601485	0.11220531874642378
3.903677786319916	0.0009031886905860449	47.8446680599009	0.1122188574916188
3.9050775115989715	0.0005064055837834035	47.87139401865848	0.10983188504811728
3.9058729892237674	0.00035571012017718826	48.03479894069426	0.107642098489317
3.9064951387586273	0.00033650848139883335	48.01801891656452	0.1113005595521182
3.907309460234453	0.00041050776007659184	47.92959898762632	0.11130053034789615
3.908272949962333	0.0006702601320523739	47.715751742671316	0.1116064976812682
3.9096021520268867	0.0006496526905668763	47.73620500258583	0.11222561134693318
3.9109809652199328	0.0005920849920834092	47.785468295762655	0.11160649296293075
3.911986376016616	0.0004984132982404311	47.85633802467294	0.11160650327837451
3.9132121649606715	0.0006442749241853721	47.74061249667805	0.11191485013974073
3.9142594228045615	0.0004958114757854547	47.872931578405	0.10954714472995371
3.9154540478554525	0.0005676999348650101	47.78672907024779	0.11160647950858305
3.9163596145399655	0.0004203217360808846	47.917313811194624	0.11130054700363058
3.917124612823856	0.0004743107220361274	47.907908401028585	0.11130055252459523
3.9181758741540778	0.0005277603878759795	47.90922294160613	0.11222559708811954
3.9192356316479167	0.0005446261597353169	47.89869730674789	0.1119148271202515
3.9202792301025697	0.0004346537619717266	47.981653187852075	0.10954715396811891
3.921173806836263	0.00045183057117370964	47.910235577218124	0.11160648519224461
3.9219557219162198	0.000360817130561144	47.97677401273918	0.11160650873020264
3.923334545321306	0.0010610171756143664	47.77301559938717	0.08985942808964711
3.968650329554169	0.00034024175789613807	48.071459769613426	0.1092645534666505
3.9695073186480228	0.0005982896547105145	47.78287082563395	0.10955174651783975
3.970917354739308	0.0007736400110244067	47.65098179167581	0.11161146236492658
3.9722245906546796	0.0005142098925261311	47.83810947155241	0.10984112355108908
3.973112913309647	0.00036883196340012055	47.978494540457255	0.10926455811940719
3.974073953905215	0.0005440288278227479	47.80886226154404	0.10955174595287903
3.9750599338579526	0.0004470010030665722	47.92111037562066	0.1076463362235302
3.976415412222548	0.0009230542959087487	47.569101180222496	0.11130055268445171
3.9778201888097664	0.0005869466431643835	47.79437066087079	0.10984112431300129
3.978965441268116	0.0004429992493014756	47.919862535268145	0.10926453448538741
3.980134806143533	0.0006627183692635771	47.746042227296186	0.11320374057223458
3.9812002088226226	0.0005036917172127763	47.90528012117514	0.11192485558294735
3.9821263989756828	0.00036125599659211655	48.036885370709676	0.11224071461441479
3.9827980880642597	0.00043911323757976666	47.932962005481315	0.11161146137432232
3.9838710362791874	0.0005006036154672113	47.84528089864302	0.11161144963746071
3.9848335905221868	0.0005775441928924329	47.78224258380525	0.11161145902669765
3.985845520722023	0.00032703363558168067	48.0163617151332	0.11161144226360878
3.986791281565197	0.0005594095388914023	47.776576536492115	0.1116114618390351
3.9877737594417004	0.0005426372886068957	47.783671420007515	0.11161146331216495
3.98888082221806	0.0006185745441752661	47.72771404455628	0.11130056373570738
3.989826317643784	0.0003857714024727502	47.95364351747454	0.11130057533174167
3.9909537894877234	0.0006156290097275035	47.78643978043278	0.11072270790778391
3.9921362567930476	0.0007060495859040931	47.691914602809305	0.11255916151079758
3.9932890408819777	0.0003061637928688652	48.04585788313793	0.1113005565574306
3.993994148061782	0.00041264999980216165	47.91311702660255	0.11130055139231966
3.9951403396934078	0.000624964177036239	47.71604847543205	0.1116114548645492
3.996403663985001	0.0006535488714925269	47.66729966366278	0.11255914913812473
3.9978480940650627	0.0007271235037345196	47.69829429881746	0.11224073054020373
3.99926392556295	0.0009210448356603048	47.80669160947107	0.10843716278014046
4.037998204858973	0.0006076737769830276	47.63404358223495	0.11222561767662886
4.039046665762486	0.0004133209925398547	47.803736863214546	0.11191483554759915
4.039862891201179	0.00038504521122581406	47.83506154429901	0.11285456322092054
4.040726479219422	0.0004117253905384809	47.829822630974284	0.10926453159953611
4.041763161779707	0.0006571932821392919	47.606979202530525	0.11160650604713081
4.042806701895559	0.0004370773650461659	47.79240592386091	0.1113005537418081
4.043599541684771	0.000422648116619199	47.81667444684031	0.11130054522385402
4.044380092042731	0.0003810610200173701	47.870856783452794	0.11160650730638566
4.045581064078388	0.0006514411869833226	47.671730477282175	0.11099255783024443
4.046599497264698	0.00046035331574116676	47.82475564304679	0.11222562112197215
4.047463851084395	0.0003783648350494692	47.90667124299202	0.11160648249195958
4.048286005801333	0.00043159759136277134	47.820293931597554	0.11191483090206907
4.049319213569962	0.0005785841705778237	47.65919736798281	0.11160649634050403
4.050509673691453	0.0006575069404696651	47.60581725100968	0.11160649782136518
4.051611337872546	0.0005621503389082338	47.6772281156825	0.1116064905451067
4.0529130281829255	0.0005604679548093001	47.69324630664529	0.11191483736454526
4.053755634505396	0.0003995567711295875	47.839480159120406	0.11160649416506224
4.05464705663603	0.00043861177115934276	47.80305859705102	0.11191484354170121
4.0555868748067825	0.000450924568127163	47.81492801893848	0.11011878362471965
4.056462809799064	0.0004897239241092866	47.76979496024123	0.11191484621947921
4.057379104856647	0.00042265490485766764	47.83828378207027	0.11160649545050975
4.058335480246986	0.00046126225010389993	47.83062090913356	0.10926453893696962
4.059086633710792	0.00047361964071240093	47.81587201754707	0.1098318985062533
4.060175427732356	0.0004593121837873872	47.78561486071258	0.11160648736810495
4.061323414345148	0.000602071465918037	47.6455598873559	0.11160649330006518
4.062427929180274	0.0005352685901225497	47.695566875179054	0.10954714672589454
4.063835848210318	0.000949907116463075	47.67070448855871	0.09160078983157134
4.0974017425571	0.0005179454457065704	47.69788712798427	0.11160365621393298
4.098585414352779	0.0005525684000141011	47.652590902814936	0.11190913386117346
4.099743067882988	0.0006469431707031666	47.5585091458173	0.11315515377446346
4.100732754600655	0.00038250072576537784	47.77025357192643	0.11160366725722351
4.101871392557488	0.000703387060031814	47.500657156240706	0.11221697853761013
4.103041870438213	0.0005469320258918081	47.61392879973699	0.11315514799799321
4.104324080765561	0.000592737306707777	47.5809437254465	0.11190912293112654
4.1053412643397635	0.00047307674681300104	47.67034663642461	0.11190913675800503
4.106131716502545	0.0005076331984529699	47.634881447996364	0.11190911982556062
4.10715529614228	0.0003415524211648195	47.81943777583684	0.11160367532766378
4.107891917378736	0.00041152050143011744	47.74544146364137	0.11221698623899783
4.1087857010192845	0.000528009348661358	47.629236506172504	0.1128399832973377
4.109737497274684	0.00038635794030492137	47.75606825613765	0.11190913648102045
4.11052240056765	0.0003739750402250513	47.76184586781063	0.11221700308649929
4.11159611642275	0.0006994729038678272	47.47617851016187	0.11283998700435552
4.1128383054178395	0.0005347282811413278	47.59780650116848	0.11221696582834889
4.114139312193234	0.0007185655125502839	47.479949692452585	0.11160365914692559
4.115478277388321	0.0006123656109022535	47.591172619261144	0.11160364240087092
4.116444355150149	0.000472662457691187	47.74094856320705	0.11160364961755087
4.117578341038953	0.0005864177227966548	47.68336751013186	0.11130055809781514
4.118584155810059	0.00042445335897184995	47.86987455182242	0.10842957101303856
4.119413072882876	0.0005037970586115714	47.775833525611645	0.1116036867596635
4.120397994941056	0.0004797651540868585	47.814511229803	0.10954452749173188
4.1568297049162375	0.0015559574621647162	47.74509381490041	0.12512035424498283
4.159480995711199	0.0007099737961660094	47.59131639721142	0.11288443732826106
4.160883103639414	0.0006036143507324904	47.67258611656883	0.11192653324796177
4.16199333753949	0.0005709312321841348	47.72977314328064	0.1095525029385175
4.1634160102510425	0.0007242606739446363	47.61713954013879	0.11161229118212379
4.164904276118775	0.000886762772610179	47.519207030045074	0.11386581315519916
4.1663507111092875	0.0007091073834174325	47.62459624055428	0.11256254247325889
4.167887576787113	0.000614435851507296	47.69171885039379	0.11192650015507781
4.16948400690413	0.0011427280012955828	47.687543595208226	0.09020291297065507
4.207414046768504	0.0004674862398604195	47.52898705389937	0.11060195296996674
4.208580989952456	0.0007273238346828721	47.315676574793585	0.1127492111950268
4.209609397413546	0.00034419513947504354	47.699450913598845	0.11201826967221025
4.210354818936505	0.0003528903878501728	47.72605687070777	0.1120182918093603
4.210889434787269	0.00021333004697537025	47.959140977986706	0.11130054376494324
4.211628491311129	0.0005185289744398818	47.57972385477407	0.10992741335165768
4.212631456157377	0.0004803813015944533	47.57770663761656	0.11165777777068282
4.213735760662734	0.0005989517015696285	47.472070117246105	0.11165782144868402
4.21477450853584	0.0004044700033527313	47.72197966151347	0.10400021892581253
4.501957406546708	0.0006026453091011609	47.099804764276804	0.12529047034391075
4.5030898057676945	0.0003928289235004391	47.27739370414579	0.12596559227305149
4.503941438820899	0.0006282403287869132	47.06377478117627	0.12734498324483898
4.505006004985103	0.00042408342987735356	47.35998079918102	0.11193014589603235
4.506226642364865	0.0007001224630149114	47.00494498368347	0.12665041411134348
4.507244131459817	0.00035627477165655084	47.42276424805515	0.11171911754172685
4.508005697205883	0.00043052427160062383	47.32410434694039	0.11235552362504275
4.509046197829639	0.0005788812453685127	47.03221976166347	0.12840583033657227
4.510394885236204	0.0007259880726048565	47.25571100400198	0.09559840308750739
4.5233839498971955	0.00033424315114787174	47.34928781367275	0.12203163935757179
4.524115867914856	0.00044641057686103686	47.18536920678886	0.12630839834424043
4.524857502684464	0.0003691239134877152	47.33896036238593	0.11640921050809344
4.525554687516016	0.0003101062657286164	47.36577520243502	0.12462482021901213
4.526352131061253	0.0003678539644717093	47.35314514320503	0.12630838460317767
4.527165428832575	0.00036716573363692104	47.3999919687336	0.12529109420103887
4.527816291768886	0.00034426219432918514	47.35798388740327	0.12596687894882164
4.528534596152898	0.0003749377891528051	47.24965174777372	0.1252910915931867
4.529151940941293	0.0003209182331222264	47.278932826538934	0.1263083657840594
4.5298158178842005	0.0003871846232052231	47.21043103186325	0.12630838682454068
4.530581910624766	0.0003331910922524362	47.32191284206171	0.12233506031977417
4.531351946349976	0.0005498823272796861	47.10976775836387	0.12233505134980857
4.543679963795598	0.0003448458969342351	47.322017369747805	0.12495675916419555
4.544374412402911	0.00036150923653114285	47.31079657431937	0.1223350414439477
4.5451505443452085	0.00032220112905627206	47.29582644275447	0.12495676348514913
4.545816206521197	0.00029597090624764783	47.31024850079154	0.12495679091852727
4.546359756078301	0.0003084529889831588	47.28681462642226	0.12529109670311708
4.547149021338303	0.00036348444949889163	47.194427959878276	0.12699871610950267
4.548219438052432	0.0006611891123530632	46.92020263098931	0.12805297398914656
4.549319277489911	0.0005020841194997177	47.042169514155894	0.1252910830778743
4.550280414061777	0.0005009741864148954	47.03532708400665	0.1256277723806056
4.551294111659817	0.0006480425381974594	47.226579979483546	0.09647060915436083
4.563369267418698	0.0004366680667374208	47.14259102739529	0.1223443279358182
4.564486992796754	0.0005382674314619999	47.014318029642375	0.12632577606031573
4.5652669949558025	0.0004675757149227974	47.066482153625145	0.12632579632479796
4.5660559577526065	0.00042578620690112394	47.09937489655452	0.12563813534164867
4.5669911768014115	0.0003554207200072269	47.16999034500187	0.12563809846755805
4.5682144234625595	0.0006843990256216467	46.870960442287	0.1273761027812351
4.5692555431095485	0.000499877963733647	47.004007385818895	0.12667340766906285
4.570406427299718	0.0007012044131578708	47.143062727119634	0.0983173115230983
4.585142154431847	0.0003682985830275399	47.200763072477145	0.12498120271879742
4.586107454634635	0.0005981334577095502	46.98672120873736	0.12588420720038554
4.58722987977096	0.00046401481675897616	47.09970796503313	0.12552090654067366
4.588522632439947	0.0008824995589575926	47.02871082915739	0.10458696211563445
4.604104444587893	0.0005550995147472997	46.97659588295096	0.1260812806615585
4.605248238852544	0.00042645253726057204	47.09691784917303	0.1255298278031517
4.606267929119449	0.0007016192643387059	46.90675461952616	0.12241173393568029
4.622640859570642	0.0011616128174043515	47.05393239634314	0.09781538579031517
4.637405101320137	0.0035548717315895904	46.827339281643575	0.11498693405633477
4.649645930839197	0.0008206802867247784	46.86752418336518	0.11387456575105985
4.894355140877946	0.0006401821781506415	46.706297752496326	0.12735643608380168
4.895958866036792	0.0010093999439224955	46.63685484648441	0.11243139182397337
4.90283535802136	0.0003732880667057091	46.88623217394587	0.12589448030537354
4.904024739436257	0.0007952977833770137	46.55184066852002	0.1268227371986772
4.90524381555225	0.0004499628845573962	46.80311683200256	0.12534614005244293
4.91144977381991	0.0004546736196558813	46.75355005937678	0.12640076471600406
4.91303166499008	0.001171729453254189	46.621945326672304	0.09924419069471715
4.922959646415198	0.004607648307391255	46.79535496915568	0.12685712139053598
4.929027299950792	0.0004496331382560476	46.7548026400854	0.12606716937971996
4.930083458226022	0.0007029426261830575	46.675113822671726	0.1128987595359684
4.940902011163175	0.004922823294623652	46.59220336079879	0.08965846811600292
5.010185525434192	0.0005742403858279059	46.517060641607635	0.1510282372008249
5.011657665472652	0.0007924058734833391	46.68711153611734	0.1080708994321771
5.016934573382942	0.00042476405120664656	46.66896721138777	0.13200028619446927
5.017579539095317	0.00029385370129383464	46.838903374798626	0.1280739509427895
5.018534327353697	0.0006268542873844853	46.55408764308633	0.12683885747960458
5.023917047141436	0.0006633612276764952	46.39845792158702	0.14541904232954456
5.025087214481523	0.0006672631424126071	46.6210159070111	0.1127244232613151
5.030670907833385	0.0006840249759451994	46.50482941180861	0.13362794479884238
5.031771127467533	0.0005800170357703483	46.61169419250213	0.12803189377021257
5.038963185790729	0.003508280349342936	46.33410860702538	0.13685063965937286
5.044526212949082	0.0006203711319348475	46.46689569940202	0.12736245085131173
5.050616478542479	0.0006197808406633034	46.6449930865755	0.10834469174291395
5.105146221910567	0.008357101276912015	46.86875213598091	0.13575435337725045
5.12186535933423	0.008730852901092562	46.51513680285541	0.08902311305683352
5.234038410090929	0.02043037768806658	46.171251152597335	0.11319072863797747
5.28735564140289	0.01807506836090885	46.21903853437322	0.10515411841142432
5.335276560530923	0.0034919683671021232	46.340911390154815	0.10866201935885834
5.346111572541178	0.00496005308209582	46.08048529385388	0.11676562139694577
5.3874472783706775	0.008805842790081906	46.018776196607064	0.1311761910258183
5.401596616191171	0.004668591190924857	46.09852077038861	0.12457043368447235
5.4431438905668355	0.01904352953477414	45.842438448829306	0.11493727794449764
5.48313133860292	0.024090905346436164	45.776625732568874	0.13036888271853364
5.515064992717573	0.0073676209180822735	46.12784692507576	0.13216408583867792
5.538727802022139	0.01613508299369381	46.12927630904272	0.1313303748971072
5.579502574873586	0.012032515043141909	45.74641643843488	0.13385110958098803
5.611980595066632	0.015403225202138233	45.777221545968835	0.10721977155661687
5.691264828878192	0.043237370565369776	45.72006440252736	0.11337122146355379
5.796479691342318	0.007319879039336851	45.51475660416152	0.14022544991715055
5.865428935149989	0.015751212933105798	45.35452432847896	0.1352370990743544
5.895989067315786	0.02351306324280654	44.952250432870784	0.146428656777093
5.926365472030247	0.006717866378578632	45.09264343385018	0.14172920818220958
5.975644243187266	0.014046023831685073	44.95737195589318	0.1506774794266796
6.0088701918253875	0.019444710379873824	45.03299624615503	0.13362640161640751