-1.524484208399369	0.42893275882159987	51.21914186451346	0.10398110489195206
-1.0509522199431252	0.14416413395745747	51.21450207091019	0.1068123570061079
-0.8298249050853015	0.08664228802679903	51.248829635300574	0.10724747260297995
-0.6840064172058999	0.06193147515021855	51.313416786092624	0.10098562927723424
-0.575034018651277	0.04818801380300164	51.23946322603857	0.126040067607489
-0.48799337808436777	0.03943650193191934	51.37165273973305	0.09781141642906885
-0.4072539010200256	0.04093256135251766	51.33397646990383	0.10187979524448124
-0.3607193883511054	0.007354690550270386	51.688147464998366	0.09842595009154786
-0.3186919902538352	0.03338158938080458	51.31764548992051	0.1128110504854044
-0.2565885933884082	0.028933675993372734	51.16769979131249	0.15530671251559697
-0.2022649741573461	0.025531715390873674	51.340001889046654	0.1114306840529733
-0.09831452146765224	0.02411630612011511	51.303662275702514	0.11183069298246848
0.03256226811746993	0.09515524379539628	51.09462815236178	0.08376294700878419
0.1376903806010834	0.018674312515960082	51.31869336070244	0.09899877896651699
0.18413594094167274	0.027267946136991877	50.96883239186555	0.1616303110582279
0.21840565476590934	0.007753527876384378	51.43332152339802	0.10150079634586853
0.23550981341329136	0.009317624555849393	51.14096820240696	0.16531763316785714
0.25375633096697037	0.00893426210936881	51.34431903717341	0.10411387917588001
0.2880990121233188	0.024764939025053393	51.21286766702385	0.09267092473919664
0.31992386512592286	0.007671691941132608	51.44651486329893	0.11012146667845635
0.3350024311432104	0.007409904133548107	51.53438583606943	0.10065139541442132
0.3495749941777053	0.007165393183652048	51.35815974853776	0.15835180682332065
0.36367441391952315	0.006936503448242124	51.54381835964911	0.11090262478180934
0.3800108761480211	0.009352596112727695	51.55581132294576	0.10585279657670915
0.3944646053313381	0.005169403137607942	51.71882368459878	0.1024166756215962
0.4084527542994122	0.008759721561511459	51.65864559745639	0.09794432690182019
0.4808975217333853	0.05931103754843361	51.210354391383454	0.09974936490390864
0.5475340279344837	0.010901649985259049	51.518231296537536	0.10488418059124756
0.5627097701705704	0.004386369875466092	51.68132480146218	0.10855543565033447
0.6359953755637199	0.06373061240717222	51.08979549496277	0.09833954911373406
0.8813404316521248	0.15121644818596713	50.67693047251654	0.1065564417071069
2.0679954300782244	0.005990320693274136	48.4541362697311	0.08584776706886976
2.077898639280068	0.005075057725369157	48.538300522070266	0.08584777538423512
2.0878298585871407	0.004346990052962243	48.60083325786235	0.0895626033911137
2.0958034773245067	0.0046612159609756565	48.58873985069265	0.08766714380547855
2.10615199227688	0.0048074911654579465	48.56209052664629	0.08584777343936079
2.1138237600126635	0.0037460970974752604	48.629465204767136	0.08766715026531374
2.1225737372459905	0.004295560120112943	48.54399797599123	0.0858477603726159
2.131881338892905	0.004486591448482481	48.530404667953455	0.0858477635930458
2.138273559685818	0.0029413368896480303	48.71594734910012	0.08766713364034244
2.144937073753632	0.0034061884682826714	48.658629083929554	0.08584776448667583
2.151707874090983	0.003470459357712048	48.648258387830055	0.08766714249928263
2.159730304366395	0.00436323558405473	48.57175372404803	0.08584777348211588
2.167247557707317	0.0034967648076195904	48.649657156484764	0.0876671546090786
2.1742293693289816	0.003430269859607758	48.63529304085671	0.08584776126333103
2.1804084016291605	0.002445650809892606	48.75502019299686	0.08584774682895296
2.185531700960366	0.0033039929665077813	48.593305351368414	0.0915387099143296
2.1933916100332707	0.003627162792691099	48.56012485568016	0.08766714287649627
2.1983790852300515	0.0017756194026018308	48.87018115462427	0.08766714326472472
2.202490327799057	0.002624008273069539	48.70921553293	0.08584775451137015
2.208432431183505	0.0026860335266721564	48.700908939102355	0.0858477975856349
2.2135353995296616	0.002592419605902242	48.72362525718341	0.08584777961363048
2.2201959304824963	0.003545194103426026	48.54076650361024	0.09360037823073852
2.2254618799290853	0.0024668887771906556	48.72135391057066	0.08584773854178866
2.2309021158030458	0.0030600565048096453	48.620720506761934	0.08584777599927283
2.2358842191311608	0.0016817783879988174	48.87409389388903	0.08584779055638851
2.2551380470900395	0.008932155107974515	48.51895986432445	0.10077537755020514
2.2707407001092643	0.007539563284400955	48.54441721562296	0.1050397682433897
2.285335550726378	0.007290399714482444	48.593449649037424	0.10032095526958013
2.3008448602212086	0.008039877708485837	48.57468150483814	0.09826515904920725
2.316014471752246	0.006793556055560493	48.56965874081053	0.10352061948537254
2.329295783744473	0.007529686038021869	48.48305860510863	0.10302503901657373
2.345985384516587	0.009057449909218291	48.36333192255391	0.10253473070824123
2.3639171226989384	0.00782208418758782	48.42335268511772	0.10452789382643798
2.380116413068449	0.009210402721207265	48.38629766248099	0.10032095004565639
2.3999207395652005	0.00959937971885208	48.336278088164995	0.1035206010723524
2.415706825213503	0.007714086425556738	48.407031220627644	0.10402156083421449
2.4291692470798827	0.005983083391824123	48.520908190655106	0.10123447695569866
2.4465148131564773	0.010060094805417048	48.25263209086604	0.10352061604550979
2.4646369097992795	0.00964894824293317	48.29600403847085	0.0991145535096558
2.4824326551200095	0.009261825700877423	48.263849411802504	0.10302501710269293
2.50559296105739	0.01191666416502359	48.20853501254492	0.09998077644994095
2.525365679381331	0.00779058967136505	48.3645716430718	0.10402153689266341
2.541537335831995	0.007505829144155707	48.344822962753994	0.1025347226468009
2.5576332577916148	0.007789034524924507	48.298797694219644	0.10077538105550486
2.5714299049463953	0.0070065803245341635	48.33428727199703	0.10253469129294485
2.5883362181218637	0.009849437828252159	48.245505122456834	0.09835882678457421
2.6062048093300616	0.008457550651787566	48.245226141517534	0.10302504494432256
2.621020214740237	0.00625051490879617	48.38161347914563	0.10169828795130538
2.6336894039380647	0.006070809515811696	48.372737342926285	0.10402153797152056
2.646844839926278	0.006795845834982859	48.333362845976396	0.10123448847492608
2.661134820939425	0.00832938315688595	48.1917540263714	0.1012345001316483
2.67432481517888	0.004252717264451978	48.40033313413349	0.10302502928058256
2.68696127658962	0.007848494977940455	48.08257837103087	0.10402153712568
2.7004817917171535	0.0052054013266051935	48.3353973474076	0.09674413000363323
2.710264163778764	0.006263964812868611	48.2422833360943	0.098687815079255
2.7242438171647505	0.007202841267749695	48.16216618092384	0.10264040503221308
2.73775347087679	0.007717256282561299	48.14880905836608	0.1016982598629334
2.7542840027267563	0.006367744090926609	48.21388625897984	0.10264035660417153
2.765614124691792	0.0055144137519885505	48.221996597767934	0.10352064239675919
2.775612328629052	0.005052147593531453	48.24390221318167	0.10216692198273217
2.7866052815524935	0.005582698002465107	48.214082393139094	0.10077540788482678
2.80028376455536	0.00827336607670577	48.05182488048352	0.10169830851217039
2.8129407226199743	0.004327016349877993	48.310421873088416	0.1007754000004157
2.824140730045661	0.00662638134207219	48.07357685828656	0.10352062264785579
2.8363645283076	0.006735275832129895	48.04176338187972	0.10402157705445807
2.8480597561449454	0.003705751166539482	48.334341068950145	0.09868778716582385
2.85640915172998	0.004474085935513091	48.203363676526436	0.10352062050231503
2.8665142549946374	0.006010393422486546	48.083524086900454	0.10452789692596634
2.8815478305890476	0.007389227736020545	48.05152826147931	0.09998079406755458
2.894186857292705	0.006408375347254232	48.10324088751696	0.10452793557676171
2.9052231590902173	0.005997706115645996	48.15183107450452	0.10768491866189209
2.9158748918762485	0.0039015626167020158	48.35537270049317	0.10253468883079167
2.925122483320336	0.0066839098724885805	48.08034948090838	0.1050397755712817
2.9377434135780462	0.004869279814616951	48.177999907566786	0.10352060094083788
2.9483378842811967	0.005883396550397867	48.068353247511155	0.10077535823010139
2.9595043037468347	0.005954654384215029	48.01425540324337	0.10216689447945741
2.9715002522538656	0.0053633303286773695	48.074260134773844	0.10452788523981703
2.983447855129386	0.005843932800316828	48.09397026842619	0.10264042698733955
2.9927932654474	0.0034725296487553288	48.278538384353276	0.10352060301882403
3.003175220413719	0.0055844170969076715	48.04682510257159	0.1016982876355707
3.0124575782007734	0.005271124634014808	48.01418939430308	0.10452788579842542
3.026415506185279	0.008695317614396767	47.98082499659463	0.08496026427399857
3.3716704849024515	0.00465093000894957	47.68043648314721	0.10348171441705369
3.376820370619095	0.0025310003751719008	47.76761770496615	0.10061146600175756
3.3814257534413463	0.0017530019220200314	47.90365470884291	0.09908107770229008
3.3854662411263607	0.0028119201407837287	47.643542109910356	0.10149487955902507
3.390599937973881	0.0021250349041713385	47.71937519126136	0.1034816858678189
3.3955646162139166	0.0025857042703800216	47.61995758171257	0.10119842900298483
3.4005217404406882	0.002316665877301854	47.66956985131985	0.10316381312645942
3.405596094037592	0.002842488356891705	47.61978329327219	0.10284820588601651
3.4099424143539694	0.0015634316759430436	47.89797394606438	0.10348169204905833
3.4151547694753392	0.0030123296420647883	47.57392945653322	0.10412413633367595
3.419665423106479	0.0022167958108290095	47.67402165784179	0.10348168693903259
3.4245676980427415	0.0024942391525850094	47.60332588334178	0.10284815137443706
3.429437551364117	0.002989634493823413	47.507519283276636	0.10380177993191668
3.4353268082919763	0.0028018884996954944	47.53070634294045	0.10179322725323035
3.440552074856378	0.0018941480923862636	47.69876144581824	0.10316383250526318
3.4448287671390854	0.002524835437226811	47.606415243976414	0.10032093106605386
3.4495695905145736	0.0024974238435311025	47.598594381430615	0.10316389016921132
3.45432278567087	0.002187933635482705	47.69135610673628	0.1006115159778713
3.459078149328915	0.0017452459907596077	47.779367371645975	0.10284815823750688
3.4621112655920845	0.001871729919047247	47.74995060999487	0.10412412763376694
3.4673807934377505	0.003081945612121003	47.51585138682006	0.10348169540122756
3.47228378694392	0.0025055830037496946	47.59415509286718	0.10380184078506453
3.477380205049313	0.0024094314977471136	47.64545760738043	0.10061148122660422
3.482279227301997	0.002183868896197312	47.66463784205309	0.10444875729686688
3.486932708078346	0.0026188981488910593	47.56426510712365	0.10348169343740049
3.4916540889164933	0.002137257993702067	47.62043442942364	0.10348169616751374
3.4949200672502716	0.0013498579804368629	47.59423634486835	0.10285578101276217
3.4981305207107627	0.0015951600985180492	47.5569096784328	0.09854192617686794
3.5033353970772896	0.003971885796511657	47.63536862962412	0.07856989790898733
3.652402750076726	0.0013865916895134688	47.47826758811585	0.10356824008910605
3.6549232055410745	0.001289638261983362	47.53511235643747	0.10127855787450897
3.65736115019734	0.0014150843198609585	47.48332071579388	0.10287661230358651
3.661146150669022	0.002235704144838631	47.326374092393	0.09889190877973518
3.664887632340801	0.0013907716732942876	47.46755247183138	0.10127855741048704
3.6681872016103996	0.0021566396842561705	47.22797558384293	0.10391800287371883
3.672850784412486	0.0018349043387304123	47.271788715493734	0.10322110745418069
3.6763885432639607	0.0020316373327341005	47.2250978174126	0.10127856652002123
3.6800028291783486	0.002098756068104561	47.18865771651142	0.10356825102656486
3.6845128350644054	0.0019108961047537697	47.23785390836838	0.10322111626312316
3.6874853903849885	0.0015265364932828785	47.33923865659724	0.10287661422636378
3.6908515565426216	0.001391947199255192	47.3767561347628	0.10160243456022466
3.6934676067112684	0.001546358016990663	47.30752601046369	0.1028766138383347
3.697070248015373	0.0017353775066476166	47.251162263548395	0.10356824560951958
3.700879197415724	0.001920240081430839	47.21627193771134	0.10391801819047691
3.704298934385703	0.0017067159589180128	47.292869180499906	0.10127854596182274
3.7075640486092305	0.0015757498271280481	47.318053353306524	0.10032094659846288
3.7107161793256194	0.001955458550256469	47.17923804982534	0.10462560618977787
3.7136172727398793	0.0007769696386267558	47.57774249695246	0.10287658746150086
3.716099579186936	0.0018927463688025855	47.179657867148904	0.10391801534635171
3.71975343652351	0.0015321379865304134	47.27090159752473	0.10253469058111193
3.72360036327635	0.0023159159023376213	47.08384540313377	0.10287664024839928
3.7273751469549814	0.001317125950845906	47.42011653314225	0.09385745952806317
3.826738378323704	0.0018263531995569135	47.18477947041353	0.10063673657476792
3.831278217131883	0.002399947616395743	47.045659520963376	0.10426409645051392
3.834776594217408	0.001469551246739885	47.2840403768733	0.10391297487300853
3.83867237806299	0.0023885578105202906	47.09108167104215	0.10426410301758368
3.842789904782816	0.00173123314373169	47.2504415151878	0.10391297670866395
3.846484719133214	0.0016593438563214438	47.26045762945777	0.1035645193983559
3.8510840858575652	0.0024344906321057827	46.884960163963406	0.11902299495601934
3.855027872366034	0.0020478065285429205	47.01933450664378	0.10391297235097788
3.860054271366256	0.0023292711724500095	46.896602950398865	0.11345048007203398
3.8638111695325974	0.002391680657875102	46.99964663338335	0.10356452236154323
3.870019379234049	0.004092024500532637	47.071105017823385	0.07825761653552778
3.952733946460777	0.0023744618985044067	46.825925305517615	0.1199241401438991
3.9573951563232455	0.002304787239542476	46.95319712564053	0.10426303971336277
3.9618233523598794	0.0026323926077656563	46.90605091583434	0.10426307474886852
3.96673124876054	0.002125627758352361	47.03156792671666	0.1036071505355593
3.9707291439098715	0.002321071415114111	46.9146875803832	0.11590247771185619
3.9768670263847006	0.0023096855793523358	46.91490263907667	0.11992413769333421
3.981161527555861	0.0025596313361317016	46.949286758042874	0.10982300431381137
4.052552967343996	0.006283694686443032	46.568986018614204	0.12116649575514024
4.065052768004883	0.0057767472293609075	46.74598796577607	0.09998932232516267
4.120383147928064	0.005864428144377793	46.51282220942254	0.12011646890163609
4.1260854495181185	0.0024045179513088747	46.51887926699532	0.11887293703547668
4.132580343662636	0.003730902154652728	46.313590911444905	0.11969879617654233
4.138877328979892	0.003502032612558549	46.44454444625818	0.10631723048091428
4.181004521671358	0.0035491412034442567	46.302039527262835	0.11860500211266307
4.187899052162511	0.002841520755925109	46.393876825399225	0.11972350266566
4.1934383407345255	0.002638207545296879	46.421727936671616	0.11949794102713733
4.197637940226484	0.0019245687498098637	46.557386386422	0.11904956842974546
4.202332999560522	0.0024585808729874342	46.53330983819354	0.10883452398731507
4.238847117740727	0.0031413420245182183	46.347099710068015	0.11857369141303271
4.246956858986737	0.004846700459584269	46.14959833656322	0.121019268022866
4.255449623380693	0.0038044543118369426	46.34372302671272	0.10888960588240859
4.29184981164258	0.003691700690486225	46.218154767350875	0.11923320693346513
4.299356126530542	0.006887397793437297	46.03979751546244	0.1072287963986158
4.336805764265092	0.0037529760421455348	46.23036140953309	0.11905157962680285
4.344678682621234	0.005786966393193141	46.12252816836161	0.10104870241559752
4.379854939396084	0.0049740299021333225	46.0410791356496	0.1256853824473851
4.387487558527976	0.0037043699804435834	46.300725957898635	0.10146169638691727
4.414128253110416	0.0034762536503548337	46.112263223069	0.12263409375191213
4.422664516727101	0.004509327077305794	46.11655806609081	0.10560520493794617
4.453528033267991	0.0073706860091252765	46.00826194541961	0.09392035354839222
4.483568344738778	0.006843464885516394	46.0049639198673	0.10636328552340969
4.513235065683436	0.006291904477016183	45.977365522162266	0.09778985219499274
4.567528828387741	0.02719349507567437	45.85013481931958	0.08982315361371504
5.083148102553154	0.14663967023614366	45.20552544684591	0.1359935253533704
5.185884380889403	0.05159032963030545	45.048718760335305	0.13145082610125539
5.288845693631804	0.03869341504563277	45.0915701645916	0.12983123300645072
5.3569275254824	0.034946037107747824	44.87539944843613	0.14077003775417327
5.422393686345799	0.02520071542811601	44.95315466500284	0.1390351359418633
5.508933648178396	0.1105586263668125	44.56437416167711	0.1672162139118919