-0.4577228636343491	0.0034182958069263725	51.94438959318143	0.1082584209011603
-0.23321599385021785	0.010192313579815728	51.57790855136568	0.1050004090476302
0.01814320422807081	0.1851222367217999	50.56266239933814	0.1800780493806312
0.2865223842796495	0.10040422742930745	50.7331368191119	0.10548460049179269
0.38330302286040474	0.006408067947223128	51.25866172878457	0.10366510711530094
0.40446767483810275	0.014553947287916744	50.785757909525515	0.1903808465922216
0.432641620199815	0.01363976388101871	51.02645703080704	0.10986990536108329
0.4590986554562603	0.01283363894840391	51.027787635498115	0.10637566160683751
0.48403607105719126	0.012117482506529527	50.91896439323142	0.13240580935184137
0.5001506074795276	0.004143132822376716	51.24351934897426	0.10250572303940719
0.5120391419663956	0.007696033180022578	50.86969856921705	0.1744710635256728
0.527164727136343	0.007432610015656194	51.13873566377662	0.09287162005244126
0.541781200785518	0.007186623159027797	50.964463886888524	0.13345664619806674
0.5515938888535824	0.002676596321616172	51.255972357883365	0.10805321832138307
0.5654234704360149	0.011019001070397412	50.77534524678656	0.15754911006868863
0.5766209578496654	0.0003158390471658187	51.72395386531867	0.1041672252629996
0.5825808181278925	0.001869206191518106	51.3316762309268	0.10590988145940775
0.5850659690581733	0.000619513543648922	51.54854833773922	0.10769775542191241
0.590606103534104	0.004893286652027325	50.967312491460696	0.1408771612403322
0.6002840384925058	0.004785449337501992	51.097640362080014	0.10518167089259804
0.6120858443411002	0.006985736111882027	50.93866730543277	0.12331437081282516
0.626119197159167	0.0070454313925552795	51.021705489825564	0.10657735415805869
0.6355968124190058	0.002481603972426897	51.291314169371056	0.10018723088650693
0.6515678086470825	0.01328889819467225	50.911369872596815	0.10699836750987032
0.6672286917409224	0.0025636461847236875	51.32923317104108	0.09984369029665892
0.7247701648329822	0.0516469226943795	50.87917052996472	0.07808283230596122
0.7755719953692591	0.0019976287660769705	51.546314635623155	0.10752783501925668
0.8071562618087263	0.028605611604923926	51.111635200884365	0.09054814877720847
0.8609005137448366	0.02527592079242243	51.06787100790361	0.10631743228963435
0.9087203092168784	0.022640561335430007	51.02612862005303	0.11130825694602242
0.9353773170109155	0.00456271562140457	51.3460715095629	0.10921395964311167
0.9405998258944354	0.0006830570168658572	51.76131444718889	0.10937172054629177
0.9483176905931178	0.006978666293481833	51.08471654871757	0.1595992419346677
0.9589235376448665	0.0036670874966513636	51.4069838707214	0.10417728656230157
0.96387199985379	0.0012948360396952655	51.64236936322648	0.1011238837523946
0.974614655744865	0.009347680127021592	51.28600300969662	0.08174066968720435
1.0020267370170464	0.017788990397530194	51.07610219576702	0.08863484232803627
1.036222419263391	0.01644203689637726	50.781211637016106	0.16751804778868237
1.0561464500204427	0.0037691448628701324	51.303548629784345	0.10532265042892495
1.0609360710053761	0.0010355014411160461	51.5858974889611	0.10246098033466129
1.0709672399605092	0.008904349764647617	50.9833851082769	0.13758563550659655
1.0808708496974346	0.0010879491923315946	51.58082842725574	0.10158816034273717
1.084711095286171	0.0027449454279880204	51.386029848565045	0.09724879367850603
1.0901665771233509	0.0027106798839044363	51.13043229867199	0.17055213459970267
1.0935417774413003	0.0006724237452071846	51.700103992727534	0.09375882947809418
1.0995518133411206	0.00037896138297845156	51.76034143285645	0.10425946546645502
1.1070656648891863	0.0070767638907236015	51.13800704448953	0.10041308718599858
1.1158227349998726	0.0017338744405064371	51.45858362753143	0.0952350130333088
1.120090752044884	0.0025301953773369215	51.11770107122816	0.1399390596160735
1.1251218880416096	0.00250105315521638	51.16223035634198	0.10341006640201246
1.130095407084169	0.002472574596284363	50.777233374318776	0.1953537234349386
1.1352744710818277	0.0027050419302661146	50.92521929080156	0.10389005971646507
1.1384045036312647	0.0004331639240501191	51.258417310946136	0.10084227474036832
1.1460471777188217	0.002383403826558555	50.71273596030419	0.10667362199985554
1.1497764689308356	0.0013503000768387095	50.771448717802386	0.10125682462274908
1.152133088601031	0.0010072445729780372	50.803483448472825	0.09812369131588258
1.1537249714551305	0.0005854096096409011	50.837290400933455	0.10902103258652947
1.1553943577529862	0.0010830182454944317	50.56422189338971	0.13688911559780836
1.157555010589113	0.001077643516446327	50.655092192298234	0.10028758990025505
1.1597049672105277	0.0010723218705674551	50.33198770292004	0.18353264931219143
1.161844332941714	0.0010670525254520694	50.54156377400345	0.10337933183615076
1.1639732116615265	0.0010618347137435519	50.398825553603736	0.1301036593296331
1.1655223577116254	0.0004883325477494652	50.66908853723104	0.10255881956089778
1.1686041701252985	0.0025860242128167093	50.360057117102606	0.09714457502289187
1.172065311546767	0.0008818894602898526	50.62495353623173	0.09578220468479845
1.1733461691681852	0.0003996783408183185	50.78422590997067	0.10154599836244572
1.17557862019523	0.0018290938708988862	50.49597800386109	0.09577882625549629
1.177641384993409	0.0002374469789338212	50.92937956464809	0.10062099561902035
1.1797731672050502	0.0006300914672931701	50.761942484444575	0.09544920590429984
1.182286247957097	0.0018793677600504278	50.37174813696544	0.14241185233188933
1.18455123406744	0.0003894982842327197	50.86463512132782	0.10475067624642859
1.1857181597820095	0.000776906256477719	50.77874636067804	0.09178190877779964
1.1868819584308623	0.0003874135662503722	50.888630163505226	0.10320877261370583
1.187578743586374	0.00030943399642217927	50.92043117229794	0.10951917621816099
1.1886604144278086	0.0007716606673797019	50.76107019982231	0.10269879724590837
1.1902010000463057	0.0007689281821241458	50.648688315488116	0.13725764931022502
1.1918893559878843	0.0009191336553887121	50.74953142995746	0.10472748997118059
1.1930367559835422	0.00022917713050462577	51.04373322053964	0.10941563456995619
1.193876260236117	0.0006099588057003831	50.87321643121088	0.10065329152312674
1.1957022924066063	0.0012147991207056442	50.74711875303117	0.0968720937033924
1.1977474429023252	0.0008312506940086541	50.876897830674416	0.09473089226820053
1.198653316481876	0.00007541078508658744	51.34521261091026	0.10858243420718595
1.199632551835887	0.0009028913094617914	50.66572350570569	0.15118182923743945
1.201434590623431	0.0008991526613687863	50.91770465846446	0.09647986468648086
1.202781229676074	0.00044818446545268634	51.05262269750896	0.10090833205062413
1.2036766748389818	0.00044726133338611587	50.887532800417375	0.15180799537608491
1.2045702775181497	0.00044634199629910756	51.09125229152249	0.09923876497915918
1.2057588948155655	0.000741870127344221	51.01555581994015	0.09695636004171836
1.2067962730270425	0.0002960400691269436	51.17750903807989	0.10539058972339106
1.207609621136263	0.0005171007855459236	50.830103996244674	0.18387319192593624
1.2083477089770507	0.00022123830596410042	51.344894576508636	0.09441850452041553
1.2089372774343836	0.0003682302862542746	51.21458647854999	0.09725794552037834
1.2100405657115276	0.0007345920313599995	51.00799525991602	0.10985158606192279
1.2115804756582969	0.0008051911413083107	50.984902889419665	0.10373426693000574
1.212896066515297	0.0005108445355568123	51.035912912788504	0.10751834764040068
1.2145713205083952	0.00014539365484572605	51.29941011012083	0.10633627979504576
1.2151525060254555	0.0004355976448688791	51.050181780466296	0.10828801404747483
1.2160228286891326	0.0004347255847696309	50.84823771766533	0.1624048239844351
1.2166744279939552	0.00021703691385619247	51.15530111114872	0.10882817998100419
1.2173250511457585	0.00043342402198941074	51.05888035147093	0.0983638578470397
1.2183351981811912	0.0005765560948162695	50.9336583379979	0.10662824412040905
1.2200614311897446	0.0011485378981204995	50.73156137802296	0.1589930844538222
1.2223524534699775	0.0011424949992819985	51.23897057543987	0.09481754805529764
1.2240628235861877	0.0005690021954016034	51.53194616750144	0.10936495279220265
1.2251993395915353	0.0005675151060875833	51.42971122067318	0.18819754285052287
1.2262621289397861	0.0004953620018339124	51.84695180381654	0.10426285058595
1.2278161971168946	0.0010576983834313892	51.84451956111595	0.11121413952260766
1.2289429458397807	0.00007033052070533078	52.430363872276395	0.09703798655414617
1.229364724061202	0.00035131125124906234	52.05179636314266	0.09518129754750254
1.2297860930364277	0.00007019411221060486	52.34380156939081	0.10549430379235976
1.2305575427389015	0.0007006953508030848	51.74443149787373	0.10496331425904505
1.2319566772844026	0.0006984416045128163	51.53973030543875	0.12383050542398277
1.2330030780442804	0.00034838039315814956	51.64061073640895	0.10966258615219739
1.2341859590363193	0.0008338387345361488	51.3407122394142	0.10984497099216156
1.2354349195093897	0.00041572209720826904	51.384388704100964	0.10713187229519706
1.2377153931833194	0.001860951906643064	50.85492358191884	0.10389986596381566
1.2399153841694552	0.0003428794040112561	50.997887269416495	0.10764994113607682
1.2416947071198852	0.0014342054426253555	50.38109652429269	0.14193429192049156
1.243602783317832	0.00047597269057758407	50.57416266331893	0.10678461460864945
1.2450283591004188	0.0009488257342907889	50.295819403004295	0.10282486510824633
1.2468543930486984	0.0008773557726344949	50.352831435249186	0.10816710757345127
1.2480674974876091	0.0003365032673809162	50.60880149104441	0.10675065144647532
1.2494114290146459	0.0010063906857689612	50.23386411594446	0.16222762649554356
1.2507512145430262	0.00033443026150613324	50.71201456893938	0.1049009077072483
1.253883535953047	0.002789025808653387	50.40630840991676	0.09546087329348593
1.257059353922838	0.0003955293131481279	50.896896354099695	0.10652742401344002
1.2590981290879713	0.001640320294840162	50.72950765547306	0.08989433192719994
1.2608007204812548	0.00006535608939940536	51.41257154886671	0.10622759147768557
1.2615190430418077	0.0006524807985312072	50.94515172809032	0.10773480940070737
1.2634720873821759	0.0012991062941542795	50.94820965748718	0.08845616202469128
1.2660625587895389	0.00129138047413124	50.94696370942897	0.10833928461975889
1.2676737918394876	0.0003216495818475054	51.304627713061095	0.109632318538911
1.2680595998965156	0.00006427279388628196	51.69685968193723	0.10457270941210584
1.2687660258138589	0.00064168332369713	51.21566583910155	0.10685378242435599
1.2700474999657674	0.0006397926973201392	51.31148545529739	0.08909833056715631
1.2720900259678487	0.0014009396708050308	51.08292100736081	0.10462294325223201
1.2739328040390294	0.0004438661381255501	51.346736021844755	0.10454211380754189
1.2756414933972025	0.001263209202671764	51.077773362068676	0.12091958919260354
1.277532185672325	0.0006288609000894164	51.3499529545453	0.09699439492033333
1.2789134806899267	0.000752236745230829	51.19724538081821	0.1284584742763781
1.2803528798177486	0.0006872687293161001	51.33301585769662	0.10141078406023545
1.2815383608912976	0.000498469287193279	51.388645579978636	0.1070204690322851
1.2823476190209724	0.00031096331969098867	51.54475419299116	0.10079616286476509
1.283651705091848	0.000124012387658448	51.706350318746246	0.10539248199327111
1.2847663848491235	0.0009895560000922274	51.2961124662106	0.10072639642161825
1.286001571678225	0.000246686394953789	51.65459424303855	0.09108233210889917
1.2876020804290755	0.0013517842406122061	51.30151845168259	0.08471954251904547
1.2896250379671832	0.0006727511144004289	51.37230377907992	0.10364575673581934
1.2910294262362272	0.0007315408767236384	51.18821218814803	0.1465770021887114
1.2924292877308319	0.000668421138929961	51.3427745150828	0.1070887137294323
1.2933398159496212	0.00024255316949796393	51.572747078908534	0.10771968580787361
1.2944299359133282	0.0008468078560226527	51.320048316407664	0.10301020833209493
1.296120257894636	0.0008435183921621925	51.41282670025125	0.10100109207449197
1.297804026454918	0.0008402543855575981	51.265639685376414	0.1712870058141053
1.2990027340485013	0.00035911644646894144	51.7167759745462	0.10462343355277269
1.299899598462587	0.0005375633969147629	51.66957983459366	0.10702883672988715
1.3009733966754715	0.000536235906888919	51.6307354387045	0.13421031998146507
1.3018662048511227	0.00035675644216967686	51.86817078298707	0.10441402311615576
1.3029944667521591	0.0007709667781473374	51.78063574796448	0.094709006319909
1.3040606494108413	0.0002957986132134189	51.906201937433885	0.10724644273814013
1.3047109192882145	0.0003544272538213887	51.64284808877125	0.17885054771620032
1.305419195942651	0.00035384970109880075	51.87173801781608	0.1064771717971392
1.3062440614022957	0.00047090435212547517	51.58408296019974	0.1725047303813194
1.3071848503697914	0.0004698853612404479	51.80755514772149	0.10155946182635574
1.3082408076567846	0.0005859303187388219	51.554077754326705	0.16136806853115196
1.3090603363803703	0.00023393027620192408	51.91489901877564	0.10703111679866863
1.3099950508825962	0.0007002820167621273	51.629542202668276	0.11873461708256763
1.3113933614126658	0.0006980309243556662	51.708512132680795	0.1046059004467506
1.3127871841928238	0.0006957942581023936	51.726138701078995	0.10328180686721651
1.3141765479728242	0.0006935718797126664	51.70287581612518	0.1183700666944288
1.315215661667779	0.0003459571951160452	51.93234842607647	0.10110957101596237
1.316137235712827	0.0005753730856370608	51.85365693722868	0.09839847062805092
1.3173438414805148	0.0006311544118337982	51.633838406496366	0.16137323079878677
1.3183754134931691	0.0004006908315285503	51.9311295847224	0.09052445255098004
1.3200322539122253	0.0012545188912686217	51.605845376275035	0.08908632944159112
1.321512342193233	0.0002273183147959751	51.888595886955386	0.08650946379636225
1.3235534032932894	0.0018100199166306374	51.295110883124835	0.09453771422145152
1.3258100550945402	0.00045015980139850664	51.431275948327794	0.10247135495507072
1.3273827633311202	0.001121331470635811	51.040594668170925	0.12837211924716038
1.3287262808388745	0.00022357358415458933	51.397187742055486	0.10819319737640111
1.3290056579437728	0.00005585745196313063	51.68206023521825	0.10537743979233738
1.32995419800096	0.0008917693945129328	51.045784449970405	0.10235087960414899
1.3317340845189158	0.0008881220992203587	50.871416761655695	0.11730884945074292
1.3330642286199308	0.0004427030734047233	51.1251872267856	0.08893030593216761
1.3339487334434526	0.00044180236077178293	50.87953857921355	0.1594968226150256
1.3348314405031214	0.0004409053058319132	51.059271169657215	0.10793503706206763
1.3360422406862487	0.0007694361269096221	50.760267923058706	0.16588545264296553
1.3375783929562717	0.0007667193456077076	50.97350491078692	0.10719464393078533
1.3398724812416796	0.0015253599128509743	50.80284756870411	0.1194633825948249
1.3418292434346952	0.0004338579123819084	51.1369477574173	0.10744679442681276
1.3439931332026278	0.0017268062972837517	50.89239429111512	0.10052618832720128
1.3461462947293192	0.0004295665648973117	51.19195311185268	0.10527553093995054
1.3480215938120974	0.0014435404203315008	50.93968485803007	0.10885865730950373
1.3499420619118818	0.0004790570393767322	51.21191508042495	0.10675159988887539
1.3515359901464894	0.001113704778936734	50.88756325164541	0.15341041839180813
1.3537577071889935	0.0011080219558852965	51.12727801646183	0.09312117645470924
1.3556004952798317	0.00073555358927206	51.19762896252026	0.10294052223853574
1.3583239939377107	0.001984021532968948	50.97032143550314	0.1161971670898495
1.361289875849832	0.0009852592111289458	51.24315346995873	0.09788760476594023
1.3643901286253342	0.0021109624433698405	51.07607182833847	0.1109729144423625
1.3671103965146902	0.0006139848119256176	51.39300525663182	0.10703897678004769
1.3678261220365835	0.00010216229777729673	51.824973315204964	0.10178475902365437
1.3706772868472359	0.0027403324381978064	51.185061850679844	0.09418719637963242
1.3741144385056896	0.0007048559591758824	51.48444069175416	0.10357098449192863
1.375019737668775	0.00020096805636231026	51.767249040130004	0.10520439994861792
1.3777243671879553	0.0024965048597251974	51.350158089433364	0.084858972590794
1.3807098876100068	0.0004958803408340206	51.63390342535751	0.10855916122087542
1.383379420040113	0.0021685030388758643	51.42456946658193	0.09252432488393465
1.3856405947194208	0.00009805645303352809	52.04856190199779	0.10953964519435302
1.3880851133669845	0.0023401457256458863	51.421118216834785	0.10498518497118828
1.3927403653432155	0.00231519539888701	51.19938698982142	0.19649562629979164
1.3958163734525604	0.0007662851120560731	51.633661017471766	0.10842913904967351
1.3992985518125418	0.0027080899315147485	51.27532451880937	0.10781015127264192
1.4026116071219135	0.0006129407901085479	51.517632791984866	0.10861798584641524
1.4044465476175332	0.0012207130263572612	51.18553451002886	0.1483079761473933
1.4068811369301177	0.0012138890383813917	51.27884371715122	0.10641203464947166
1.4093950014186825	0.0012997200200159252	51.21596473554307	0.10197072554846094
1.4114326310137004	0.0007392207180279152	51.26948321824892	0.10734217766360662
1.414425379853662	0.0022483166611064046	50.95965531976697	0.10560592829416966
1.4188988938190898	0.0022252764142428037	50.79388689575528	0.12105097898061652
1.4214797966279993	0.0003611577751891376	51.17012427789408	0.10936710219246948
1.4226969967926801	0.0008553490607180319	50.875620776656596	0.1283249165701034
1.4244043344950983	0.0008519930362918383	50.93298658187069	0.10232817637307794
1.426729867472127	0.0014718747364734826	50.46971403611667	0.19835889269516108
1.4296636850893933	0.0014619651947887697	50.65953849439704	0.10910134220588505
1.4326218200831873	0.0014960423082678346	50.31025371386848	0.20055663065475146
1.435210165036799	0.0010934945485789908	50.72727899318358	0.10596906168367923
1.437391666009061	0.0010880155974334524	50.61913276077691	0.15846976832044954
1.4397787281477132	0.0012984621819772855	50.82472041904774	0.10686484573466705
1.4413772194754282	0.0003018614119976168	51.18551233672411	0.10765103743845558
1.4428409341013926	0.0011604050461278205	50.7955693584791	0.15250853371249826
1.4441712115475025	0.00017138608507593695	51.39847605069873	0.109213989041754
1.4458816995613906	0.001536411608481539	50.809506275079144	0.1598735192224393
1.44792543205318	0.000509732814572296	51.324621714893595	0.09790128967138872
1.4540414360151441	0.00557053597900565	51.023012559952925	0.09452068792299302
1.4603615518852635	0.0007842938828468028	51.650174104510874	0.09630306558189865
1.4634874508157605	0.0023360072348877514	51.27429586248796	0.16514467418654694
1.4665910113157583	0.0007731243792679017	51.80466125775718	0.10777286197986209
1.4687422844630271	0.0013766495946496335	51.6672006899953	0.1328227937577326
1.4714868928118912	0.001367977022959192	51.803093830410724	0.10555850148182364
1.4782734747568869	0.005387064956726679	51.496775642189	0.10261914707500734
1.4842529589143667	0.0006251061942347882	51.92606493972	0.10774266563757187
1.4913828324824951	0.006456738948915481	51.46121259269912	0.09263461339709593
1.504108046084843	0.006270295586533081	51.35430169038544	0.10850942323349203
1.5284917191955247	0.01778384219100567	51.620315337200935	0.09942843048774438
1.5482874478266333	0.002359920488837539	52.52785048295165	0.09870714951308475
1.562580030441484	0.01177643800383073	52.27297814316015	0.17536757883968654
1.5751830916571072	0.0009823480351395335	53.34467691759688	0.10864509551079736
1.5872150015972823	0.01091126338044558	52.72131935666742	0.15524438595188084
1.608536304835937	0.010417867435782683	52.912806207400294	0.10063773883302471
1.3661628035670819	0.0009691383494957182	50.95104863865076	0.06815129823807035
1.3682090617802798	0.0011304502322869044	50.87466295002396	0.0670006808506049
1.3708295008596583	0.0014711443076718743	50.73420782515062	0.06815129495671392
1.3732930084399886	0.0010302813429976386	50.876345078557414	0.0670006830870067
1.375526885780669	0.0011291260080797264	50.845409686380435	0.0670006803461761
1.3777318566373595	0.0010572515755330248	50.89677862321571	0.06700068021944595
1.3798958814749787	0.0011389384152456399	50.88694747048171	0.06700067797392045
1.3822864016125846	0.0012463257040477736	50.841845515761534	0.06700067455689879
1.3847154279125249	0.0012541142468300865	50.81963782647609	0.06933486337038308
1.3871480448561102	0.0010455685395444393	50.909002997801004	0.06700067272791534
1.3889496187425743	0.0008356682568160109	51.01231674571154	0.06815130378592438
1.390855183404112	0.0010221486291943284	50.9438435596864	0.06700067965619223
1.3932368837521119	0.0012899692992794339	50.85053250758852	0.06700066991085836
1.3957684779876196	0.0012657073341708082	50.81826127267377	0.06815129521922744
1.398068669458611	0.0010958369628504903	50.84335922045868	0.06933487079098319
1.4002429801366287	0.0011875489738156478	50.80872570713561	0.06700068029785823
1.4024324028453177	0.0010329956451363015	50.898171073055245	0.0670006784731323
1.4048688966928538	0.0010494963341363594	50.92296399172956	0.06700067434880054
1.4069511633437863	0.0011961881323549427	50.86842227530786	0.06700067464749423
1.40904672251447	0.0009082111259188402	50.93991164282114	0.07055280963072244
1.4106997224179705	0.0008480687092002609	50.96550922200244	0.06700067784584456
1.4126967050790151	0.0011908323414283883	50.795281829284704	0.06815130665566815
1.4149046032960553	0.000902918188327166	50.91083226761943	0.06815130058463995
1.416724952695338	0.0010132457724141319	50.87068768230465	0.06700067913875453
1.4190600829074085	0.0012098287733073045	50.76806755634252	0.06700067407155416
1.4212878891636072	0.0009823316813365216	50.81929302037699	0.06815130264038445
1.423306567736348	0.0011036508633754459	50.77854377518018	0.0670006811092653
1.4254009188647712	0.0009630060596630882	50.874198262177615	0.06815129420795045
1.427115505793922	0.0008879113405832616	50.950343726189175	0.06700068022836264
1.4291383891226839	0.0010401386551833539	50.864386951579526	0.06933486921004835
1.4315600933410173	0.0014533897875483976	50.713782074138905	0.068151293829312
1.4340955585029773	0.0010535487022623716	50.847075943941014	0.06700067272066464
1.4363677252169076	0.0012050951542182332	50.76209013422794	0.06933487181452867
1.4387343755168005	0.0012397629179351963	50.74722562593221	0.0670006745528194
1.4414246522463685	0.0013140316949213026	50.69124402266628	0.06700067723944615
1.4437768445561034	0.0010646312044957935	50.76269092765429	0.06700067177781929
1.4458454216602408	0.0011780139653795258	50.69943346537826	0.07095817350467272
1.4482290417047445	0.0010537728236422145	50.805874988743746	0.06700067749358465
1.4503272657581974	0.0010444696218717409	50.84737958113753	0.06700067341391644
1.452526795237449	0.0011211517818986102	50.830708761601585	0.06700067599287893
1.4546796936496187	0.0011814777225009738	50.79819840472584	0.06933486287998407
1.4570196053288127	0.0011241722897049327	50.8339262762926	0.06700068293509556
1.4594421299244447	0.0012999299056853822	50.74195119229771	0.07055282409530969
1.4618964650842146	0.0012350181202603768	50.759904234131604	0.06815129629487264
1.4641406315757064	0.000966758422214673	50.84469772285392	0.06933486482498714
1.4664607813693338	0.0011386653168735709	50.76436189301469	0.06700067901892717
1.4686369984969736	0.0014195078627409067	50.64734147847845	0.06700067456955922
1.4713037867024736	0.0009579877352330871	50.80678930122862	0.06700067884258631
1.473616111305518	0.0012762062312199711	50.70975245277417	0.06700068160390928
1.4759062328142494	0.0010663751727927192	50.790795131924334	0.07180662109048207
1.4779089026778487	0.0009078484539345098	50.868543213363544	0.0693348725328793
1.4799793249915325	0.0012931537215985062	50.68911734106612	0.06815130331746254
1.482281359312097	0.0010940074900867677	50.73213711054713	0.06700068554914407
1.4846317642917906	0.0010998132285575462	50.721668258824096	0.06700068183834057
1.4871461374929038	0.0012826616349714238	50.65266501094831	0.06700067551665002
1.4897193464041876	0.0013609258228667175	50.61828989347842	0.06815129998485092
1.492417367856592	0.0014157609026465587	50.59760995838616	0.06815130663112862
1.4949138803161994	0.0010483482924729356	50.73132354433386	0.06700068047350276
1.4969562089183763	0.0009903098006006355	50.755653334276644	0.06700067042303108
1.4990814942964197	0.0012195730159557155	50.65323957062566	0.06933488266071647
1.5017972022126607	0.0012813869138519002	50.6143681530842	0.06700067078890401
1.5041136445265555	0.001225117853635572	50.60214718750192	0.06700068545818282
1.5064697691023405	0.0011275434751751162	50.6489366187301	0.06700066436588518
1.5090697054848046	0.0013126894108802805	50.62105685511447	0.06815130130092506
1.5115826373016787	0.0011455303193878246	50.70032744447153	0.06933487229845699
1.5138275309857199	0.0014106158063062575	50.59423615921633	0.06700067827686118
1.5166323861696553	0.0013018137102097222	50.58835870800776	0.06815130212853228
1.5191291020258846	0.0011690623156031016	50.66511191974311	0.06700067280829552
1.5223154057455308	0.0018468051396837704	50.502480690066186	0.06815130472328812
1.5255246904910895	0.001559648056572203	50.56970235700722	0.07180663734361625
1.5284811334457067	0.001512016294574909	50.59408113602155	0.0670006843722107
1.5316418388990463	0.0012917455340473727	50.64131968509068	0.06815130011987294
1.5343082070611191	0.0018025971461071721	50.47045334523135	0.06700068784593691
1.5379589419532143	0.0015907179456481936	50.45610743967934	0.06815129070602513
1.5409402366233667	0.0013175297129021076	50.5146379180253	0.06700067045896609
1.5437530389782532	0.0014546603947419331	50.51273835728954	0.06700068544553213
1.5465460483514741	0.0014588747258509139	50.5617897350578	0.066317213043887
1.5492270276011064	0.0013296325235361893	50.573970185280274	0.06700067317539983
1.55178789875196	0.0010342096557801731	50.66334492027605	0.0670006748880952
1.5540011601345607	0.0012843190464362042	50.56533407151575	0.06700067682232193
1.5569754962516837	0.0014729996180924605	50.50037992484088	0.06933488384074084
1.5596456026310572	0.0013646214833613222	50.5450120697808	0.06815129358969299
1.5622977609222692	0.0014615868003982212	50.52500483049	0.06700066440748888
1.565073313976825	0.0012698289705155683	50.58449495060296	0.06815129951771176
1.5685364975081062	0.002211388412805976	50.322099205441255	0.06815129741879489
1.5723089484959178	0.0014155206071736546	50.494445087500544	0.06700067342602332
1.5751672470445506	0.00138722110140901	50.47708444388923	0.06700068597336428
1.5779202690631875	0.0013194123126044105	50.464462539732274	0.06815130455778236
1.580624656414353	0.0013331276047138802	50.456404598261905	0.06700067785476461
1.583001185989131	0.001409107257286063	50.42145046322557	0.07055280892777827
1.5862677099402904	0.0016912320188488825	50.374723174306936	0.06700067059782136
1.5892967065594141	0.0013290112078867325	50.491074453447936	0.06815129844245411
1.5916553624668084	0.0012661335383923925	50.52346236105248	0.06700067375862537
1.5948243608465558	0.001755913731568998	50.35608148917251	0.06815129324722276
1.598078637069527	0.001263327249141456	50.48023584505011	0.0693348686541272
1.6002765611677807	0.0010931949046031476	50.56514520203753	0.06700068247926873
1.6033062767600383	0.001760565002825573	50.37239052051386	0.06700066901880813
1.6062884551188588	0.0011961597430609882	50.558987476503745	0.06700067754090987
1.6085935259713997	0.0011964298020137214	50.57344181799616	0.06700068894274348
1.6108951831757339	0.001265262676911484	50.5521590818922	0.06700066841605627
1.6134880024406635	0.0013629049377807266	50.51879945967297	0.06700066534972636
1.6160135156906144	0.00121149758668021	50.57195492473467	0.06815130139831353
1.6186391278382355	0.0014177966528875219	50.52789826914461	0.06700066915628322
1.6215481037764965	0.0013741558547087477	50.55174625116056	0.06815130681045722
1.624076863729814	0.0011729309118959333	50.60205002746929	0.06700067711665171
1.6273293238279538	0.0019110249955945982	50.358055821820784	0.06700066108771287
1.6305562122265882	0.001585148707131419	50.40790328933559	0.06700067592724077
1.6339918371309774	0.0016473821107855437	50.35258318214319	0.06815129555838569
1.6370557481202828	0.0013994650862734898	50.41670297979442	0.06700067578103755
1.6395657318592436	0.0013155802293563156	50.46550213300125	0.06933486946327733
1.6426205516707921	0.0014542230251206824	50.47007811452049	0.06815130893914749
1.6455287347199277	0.0017665695485070078	50.38645307847302	0.06815129428067929
1.648521968517	0.0010150569277149334	50.62536294051258	0.06815129262061871
1.650643246775647	0.0013197363861402343	50.506723774910256	0.06815128882756646
1.6538858397138192	0.001682671530723065	50.37609959717097	0.06815132165958024
1.6569534889830613	0.0014792010623079857	50.41429549191486	0.0670006735434836
1.659608444122222	0.0012392871430659572	50.493185362297794	0.06700067263410749
1.6623924634939593	0.0014342198790237755	50.42300898946404	0.06933488040063909
1.6652051133110524	0.0011583847657330197	50.51526740198924	0.06700066193128451
1.6678768103954575	0.0016517259100547763	50.331691262084476	0.06700067319401319
1.6708844036966406	0.001359418476078156	50.397541059696344	0.06700068403025657
1.6736427633929303	0.0015762627225608134	50.35549330045474	0.06700066907254852
1.6770571723727072	0.001716175300352036	50.34610394568014	0.06700068023298324
1.6804113734731887	0.0016973760144478448	50.352213732603325	0.06815131009205246
1.6835016390885809	0.0014309965273972378	50.439093901547835	0.06700067114187792
1.686366508942542	0.001321009611012958	50.43660348805954	0.06933487198835071
1.6889590712875258	0.0013466769660975242	50.3916596702879	0.06700068468728881
1.6914113897833967	0.0011172252250038286	50.44636175061719	0.06700068621155783
1.6941837641975308	0.0014401993123960486	50.386650363113006	0.06815130651158756
1.696216121449352	0.0008501330430744832	50.6571248587967	0.06815130037611801
1.6983905586437849	0.00131536058035772	50.44513103010339	0.0681513027734649
1.7009137181279397	0.0012715629060327093	50.42347496750557	0.06700068250012181
1.7038407628689858	0.0012824618460970769	50.409887706780225	0.0670006711805564
1.7060442730996024	0.0011200649348654392	50.49131515768208	0.06815130152632314
1.708117678047374	0.001084397478446653	50.527975878875154	0.06815131056877555
1.7105039014862835	0.0011828784277747462	50.462356067429056	0.06700068586677009
1.7127339745010604	0.000934414698981446	50.53296735417981	0.06700067721620812
1.714590748850993	0.001243061334497026	50.383777471770514	0.07055283256777842
1.7173645363826568	0.0013504962917153477	50.36492920472571	0.06700068517419577
1.719932295504334	0.0012431931447201118	50.40770632574796	0.06631722262369927
1.722584274693586	0.0014883919204256761	50.31630553505936	0.06700067602343934
1.7254186352656848	0.0013346504814444984	50.34287011171026	0.06815130522197635
1.7281610981148154	0.0012961703194997807	50.328203230093685	0.0681513109786762
1.7303956477278013	0.0009753125383112074	50.44084933450206	0.06815130631596383
1.7327543637578313	0.001225764971627023	50.3578167362987	0.06700066861988063
1.7347208292508487	0.0009486389479006031	50.454045647550444	0.06933488439030439
1.736556065702577	0.0009484631068786405	50.436357877944516	0.0670006753035229
1.738566343644444	0.0008336861728267132	50.469928245206205	0.06700068648852164
1.74006038163219	0.0007018368612461482	50.54079185234873	0.06700067115331546
1.7415709011489477	0.0008916675449891045	50.42784179464891	0.06815129603946349
1.7432257813450436	0.0007569986472290466	50.50514269750499	0.06700067454681317
1.7448154172246495	0.000913978023764379	50.42378296339192	0.06700068400104664
1.74657333950918	0.0007239576095160236	50.51969387569353	0.067000680207958
1.7480220391386334	0.0007800792367137245	50.48223164475061	0.0670006668847728
1.7495231961222517	0.0006761044213103467	50.553764467398665	0.0670006789075483
1.7509103068883571	0.0007294500641742807	50.543073524434845	0.067000665377398
1.7529974310718877	0.0011220706733024327	50.361106383801044	0.06815127882636923
1.7549918453016988	0.001041525062945901	50.3748629159238	0.06700068312425429
1.7568405523167412	0.0009844376725376563	50.38085456282706	0.06815128844264702
1.7589087787629616	0.0008707830464766486	50.44975035754608	0.06815130893039724
1.760514523778241	0.0008758418025349333	50.465508229432785	0.06700066367433172
1.7624531735298286	0.0009460609589379915	50.44854116028719	0.06700068160783186
1.76424072590304	0.000887838449638386	50.490236893681605	0.06700068806935143
1.7658769626638295	0.0007956412261268714	50.51867197946312	0.06815129186921351
1.7676606786547469	0.0007933972795748006	50.5117714414273	0.06700067571479534
1.7690793538641723	0.000862286818172453	50.46923691562415	0.07055281653117572
1.7710801504333458	0.0010828700807791797	50.40554990852221	0.06700069486529753
1.7733730413952804	0.0010857010688012107	50.403157817066635	0.06742938765854997
1.7750593010720102	0.0006804960543940271	50.59560819473529	0.06700067323578138
1.7767001877664819	0.0008622310681657941	50.45976783449958	0.06815129069921734
1.7783656638572172	0.0009259185030157353	50.39970000367373	0.06700067073430654
1.7802876723212768	0.000995931899067647	50.36629441771472	0.06700067112032011
1.7821107038814294	0.0007920305975272599	50.502265236287016	0.06700068120182866
1.7836477668616864	0.000782369492718022	50.53640829537722	0.06700067199211562
1.785391357901847	0.0009130131569197745	50.494779027552745	0.06700068085756095
1.7871163056027224	0.0007829541992957085	50.586638051699005	0.06700066452538422
1.7884399591819222	0.0006710006150606408	50.63324333096752	0.0670006805028873
1.7897325219672227	0.0006293688579096189	50.63989705211823	0.06700067795813663
1.7911118470845224	0.0006784496067011854	50.60035356601644	0.06631723016002122
1.7923667061332451	0.0006058640278435423	50.62202658731357	0.0681512966690271
1.7935240398064192	0.0005975430520493368	50.62407064860001	0.0670006857018281
1.7947700470722374	0.0006627247673070687	50.56871658086362	0.06700067674291248
1.796132537688659	0.000602538462795426	50.604893613878914	0.06815130190682457
1.7974233364314203	0.0006487153139111267	50.58769079411255	0.0681513049284354
1.7986004450534239	0.0006464858052969093	50.60022467741827	0.0670006761607198
1.7997705931543897	0.0005715333330827501	50.640877132262965	0.06700068113924885
1.8012493360357085	0.0008346150021943378	50.46882448823503	0.06700068177705067
1.8028243836942144	0.0006406976085654136	50.60504005717543	0.06700066793154254
1.8040066096963976	0.0006108904762560524	50.63681797275901	0.06815130082097343
1.8052481311985793	0.0006226728384535195	50.65925553074289	0.0681512949013157
1.806439601783059	0.0005753828130408155	50.72891425952558	0.06700068093925918
1.8073948859203277	0.0003782592090820149	50.89085377158793	0.06700067534488133
1.8083073183223628	0.0005140938964752229	50.70470498616345	0.06815130946538808
1.8093426078086177	0.0005234968700091327	50.656866902269655	0.06815130725280161
1.81057267587896	0.000716447719789134	50.53647040298013	0.06933485691416583
1.811937079545141	0.0006976658763278095	50.57815268945666	0.06815130296618448
1.813322849364539	0.0006043351698537965	50.66089646157482	0.06815130326743062
1.814521622772991	0.0006743504627456884	50.63702699406981	0.06700067470012265
1.8157872088244211	0.0005708698608653717	50.675529186375584	0.06815131331604407
1.8171099383104963	0.0007293445226559518	50.509049696297396	0.06815130013040739
1.8184105518677591	0.0005497845274840805	50.59535403082507	0.06700067411159752
1.8194347028005287	0.0005191464933700534	50.6254995083008	0.06700067981401751
1.8207535874001932	0.0007736580995681597	50.44569402147535	0.06933487626744479
1.8223905277010064	0.0007841986116662133	50.44484734528787	0.06815130309775419
1.8242972874532968	0.0011704751215993155	50.27470133023817	0.06700068372458662
1.826340581461789	0.0009192776396099146	50.340209959921594	0.06815129149872284
1.8283336195951279	0.0010574814158613084	50.25286191587741	0.06700069762076401
1.8302559123889477	0.0008555466114487517	50.340075713346764	0.06700066204954772
1.8320390753355045	0.000999821701366981	50.27647420366338	0.06700067792586827
1.8342148062035868	0.001140558497174941	50.202878293025876	0.07055281758502377
1.8364196320292914	0.0009954311111108232	50.26248054215224	0.0681513038826445
1.8385156937394456	0.0011120380208853636	50.209261370288964	0.06700069771182199
1.840991913328764	0.0012612202213143743	50.14591507226204	0.06933484739861996
1.8431601207974024	0.0012092041081439402	50.18812372158511	0.06815130203618656
1.8458208368125857	0.0012893316566334435	50.17650957969374	0.06815132821125072
1.8487743223107516	0.0015080196937674848	50.11511412645821	0.06700069943145213
1.8518687628386203	0.0017507752382453332	50.044339320067465	0.06815130414018054
1.8550810617022582	0.0015686187780696804	50.09109142299367	0.0681512869921729
1.8583523302969929	0.0016930512823904505	50.05433103079143	0.06815129460913182
1.8615696457725752	0.001553141148637263	49.913964554000344	0.08114662938570143
1.8646201236030673	0.0014592780177185376	50.096747641183285	0.06933487462004091
1.867397965819099	0.0013254710242064335	49.95546877494147	0.0811466528664464
1.8701147707642343	0.001467444513255357	49.934023729122444	0.07754497882175021
1.8735390646216232	0.001695849419641412	49.81453399153115	0.08114661415901267
1.8766572933356476	0.0013802125442846384	49.911575197578976	0.08114662996735669
1.8794254968833446	0.0013675111250067986	49.903639025699455	0.0855435027218032
1.8818564519719794	0.0012973188159962957	49.92392980424887	0.08554348632405108
1.88529683189606	0.0015784020826278577	49.82565843833392	0.0855434989705958
1.8878448874662213	0.0013454974198834322	49.90367921462641	0.08114663318126351
1.891154148959465	0.0017872673385926662	49.78405470597262	0.08114662759910587
1.8948400584612974	0.0018727244726668723	49.771110011321554	0.08114662895736066
1.8978487405030204	0.0016570458005572665	49.81170325600398	0.08554351126662033
1.9098735922140362	0.008271581114305553	49.56846240230812	0.09307644138269965
1.9254712565183638	0.0062066520193894996	49.65628531530096	0.09735204718961367
1.9384112704780874	0.006884987305067089	49.58301905520933	0.10086172670164231
1.9574200516568911	0.010709217056909097	49.398537762828965	0.09562284621082412
1.9736782473323107	0.007141725009895209	49.56347015279235	0.09114813469744765
1.9881979376492263	0.007674235995438923	49.42325897319109	0.0997345809229492
2.0022751188739862	0.006686613984045924	49.50452111016537	0.09632876703620677
2.0173482799008284	0.008611075428703414	49.35874176614791	0.09973455859080754
2.034449092491162	0.008278869088019756	49.35597678509225	0.09918032656454427
2.0503134399752123	0.007316571300490191	49.41153196007298	0.09683771683857091
2.0720278886232295	0.012021327219649715	49.159180964439514	0.09683769896918763
2.0878076996626715	0.007931769282028626	49.28971115777114	0.10086172484872538
2.102636943816383	0.004717361104340803	49.4973930568964	0.09918034186110465
2.111796598972	0.004618679379283638	49.5040507122358	0.09973456881800923
2.1257065620954703	0.00726894211767063	49.27966159040096	0.1002950134203244
2.1384880962118187	0.008143863336018837	49.21894828076224	0.09973457167960588
2.154373872955463	0.007327988451698409	49.289308440822275	0.09973459297739125
2.1749264166122995	0.01198164560057446	49.123021018352205	0.09735206162494527
2.1985662082395137	0.011819617548887064	49.129116620227194	0.09398440893170343
2.219335091762115	0.008112902842270602	49.186292487770444	0.09683768575407944
2.2304510239850543	0.004393211016794977	49.40306878132062	0.09839721705673384
2.2389638809013284	0.004307935647116258	49.386953023122544	0.10086171214605154
2.2559223681773077	0.011600221360154886	48.962042518125614	0.10029500140963343
2.2761180932606866	0.009095856158985387	49.07493500573448	0.09918033594582001
2.307414739669688	0.022814510509074522	48.6457515494944	0.10029506177839877
2.363150100321543	0.02957976050221384	48.62083704892712	0.0742493039003976
2.8360570795667495	0.003268114494694405	48.3954136053695	0.10037988646917295
2.8441991599915393	0.005024988853634745	48.19774467298356	0.10037990254592832
2.853219520422095	0.003246187380865534	48.37609968603932	0.10097618163009349
2.860249252780892	0.00401836862865024	48.279035864767565	0.10037988043046445
2.8667872297425547	0.0025374023114147653	48.4773981255364	0.09979054391225475
2.8722878753690977	0.0029063305187837906	48.44510527497784	0.09795057090833645
2.8782663244189584	0.003459690765548593	48.37530312543968	0.09850329839535832
2.8849284724156616	0.002725626597671881	48.47992909656529	0.09686339890781083
2.8927214338109266	0.004780591759308744	48.196396275769466	0.09920798103202554
2.900198490250319	0.0033832809296975145	48.33242064325769	0.09920800961629819
2.9072258897189487	0.003976271740650139	48.25949393710313	0.09979052042824496
2.9148924722688996	0.0025438773740511012	48.45314248955504	0.09979056602029096
2.9196803768485564	0.003144982846405979	48.785662422114356	0.10147065384650816
2.9258465135152347	0.002391936781343789	48.954701267174336	0.099187209967015
2.9308951109032604	0.002539438893295228	48.95666789985624	0.09684406624567508
2.9344352704960293	0.0014765417112263914	49.154647851050164	0.09863214004773047
2.9380236324977433	0.002239670531812138	48.94475947241679	0.09974845816326681
2.9418561978746745	0.0013661520492770942	49.20757643827681	0.0951509808534418
2.9442004163069417	0.001188935330830352	49.23458737876889	0.0997484676540111
2.9471428818721184	0.0015183044400143755	49.15771002848632	0.09684406174952746
2.949811238166558	0.0013413558189639772	49.191488010391794	0.09974844638296529
2.95296827362157	0.0018310096976896244	49.0271690421433	0.09918723428338384
2.956074314441544	0.0010742452901132185	49.26024601727005	0.09515102720808835
2.95804333107214	0.0010693858705822326	49.23627602847376	0.09684407088795445
2.96065024546642	0.0013900510336037242	49.195402466993976	0.0926345568487374
2.9632578783035597	0.001137891284173858	49.24866344583109	0.09918718838877338
2.965298054352257	0.0012943662531288438	49.22761173375259	0.09564099347992448
2.9675359071798653	0.0008853212497460128	49.36520630741225	0.09684407617450948
2.9695317210464687	0.00112157140484325	49.24510323034748	0.0963287479022434
2.9720724927500415	0.0014336041554594504	49.099087413691876	0.09684407322354124
2.97471974126977	0.0011082529804575982	49.2157591053685	0.09974848247865555
2.9777087428885274	0.0017295865602348509	49.07481178735172	0.09842351103838959
2.9807806932890375	0.0012490348110935038	49.19629638971411	0.09974845861897641
2.9833874924339816	0.001707118042385442	49.02629384192399	0.10031599184570357
2.986511188759797	0.0014637574505113873	49.068015141083926	0.0997484146467096
2.989421433633229	0.0015305293070577276	49.04068039399762	0.09918719732459966
2.9934652000364	0.0020470620665221607	48.88515309022172	0.10089008941382369
2.996262314607177	0.0011299422783291077	49.15471341988978	0.10031606406152932
2.998494042022338	0.001274051397164547	49.122329630409276	0.0986321807135823
3.0013881767098667	0.001116713956811061	49.222982364077296	0.09564103065754154
3.0040118325862286	0.0015539832159907098	49.063201442733885	0.09974846037613123
3.0066157438162544	0.0012504468782171096	49.18521392012176	0.09684411115750441
3.0091761972699147	0.0010237229793432898	49.24186300525964	0.09974846007799262
3.0110989324241997	0.0011648132531558771	49.2142639692489	0.09418586219588199
3.013206599915665	0.0011591740118122855	49.18840225703261	0.09789134349237812
3.0160431683693716	0.0013675595778418175	49.18705517532223	0.0893500918671678
3.1720637882738805	0.00417107117584144	47.88079086317419	0.11532079306716611
3.185205526517792	0.0075084307927632404	47.589969320165395	0.11790684076907161
3.1960537585676034	0.0037091574109465206	47.87170772916872	0.11469179664296819
3.2028167094878963	0.003511387806095197	47.99937612612349	0.09943085554054404
3.2084255041558825	0.0016176259401955383	48.355833266055754	0.09669807199461164
3.2110567858004284	0.0018375378499063824	48.28254706430924	0.09902989276572581
3.214797930047278	0.002003950764728741	48.24966334010469	0.09902986298745393
3.218872036346717	0.0017596528249676773	48.33990050674529	0.0948765846843956
3.221703102503679	0.0013447799959542274	48.40578452536192	0.09943082819119708
3.224535975576785	0.0012915074096541382	48.41588035385952	0.09902989153572826
3.2279204736527642	0.001634985367578201	48.44121116045093	0.09669054956375585
3.230777435333213	0.0013169731092811676	48.644433865093355	0.09742246298123806
3.233326150349857	0.0016147607838290043	48.532741582133305	0.09902180991993684
3.2364304712899106	0.0013432678929591849	48.654599748169225	0.0970551297259929
3.239255766433806	0.0016789540855986647	48.580509736423146	0.09941459196502074
3.2422249709842212	0.001239943607383347	48.75208777850162	0.09902180642757766
3.244838111761797	0.001317513256928177	48.69976419569685	0.09941458304575021
3.247840971732833	0.00143505985150005	48.60187026699991	0.10061197882376333
3.2504628399286286	0.0012166455303212695	48.650377072497164	0.09863213870329914
3.2526178663404437	0.0011688822898332704	48.67151607566985	0.09902181897561302
3.255193893401679	0.0014939726867205891	48.56938036940944	0.09981050820531663
3.25791243037032	0.0009897777187593553	48.75020705662143	0.10061196959378679
3.2596082969971745	0.0007805147718965557	48.859752146640716	0.0990218428691938
3.2618143206997363	0.001553136610434048	48.78531281388932	0.0776865323921556
3.35655962179686	0.0010843960599796856	48.6739309401969	0.09977836083871917
3.3587198867904604	0.0009809219570216824	48.7224853778669	0.0992020116350064
3.3608693555591964	0.000976092016887485	48.7295857936763	0.10036140648591525
3.362453979653484	0.0008428567878501218	48.81129288654782	0.09959206938658861
3.36421426529549	0.0007748824736545782	48.79626704059711	0.10095131398583866
3.365999455092415	0.0009967798221224237	48.71410636895283	0.09218584958963372
3.3677411657824754	0.0007365809986767875	48.83398680306265	0.09467874583186751
3.368893197817239	0.0005749214948357957	48.910072230682395	0.09863215158523093
3.370038344980549	0.0005415550942772828	48.917746415751374	0.1003614288360663
3.3710851764134278	0.0004766870973156017	48.95767480193938	0.10095128023709794
3.372363904587889	0.0007921595390952077	48.798561135844004	0.09264649367955974
3.3738352258108897	0.000600004072365039	48.91106243390841	0.09793345470702822
3.3747560377752883	0.0004726874621513333	49.029241986014846	0.09863216579502
3.3760939388788733	0.0006283030164918152	48.90928976194874	0.0973926791998366
3.3769782953319405	0.0005329699154999692	48.94694501224738	0.09920198941843962
3.378389774878399	0.0007187401438598906	48.824767777423844	0.10036142112307286
3.3799743953007395	0.0007472544172468109	48.817685022222726	0.10036144134508244
3.3813980702813238	0.0007448088287130181	48.795027681550756	0.09920198406855243
3.3829406186972673	0.0009586332467889097	48.64253265715614	0.09920195525423894
3.3846536144746793	0.0007392464911098131	48.74908734986967	0.09863219536705829
3.386023507905856	0.0005219843503298974	48.94680175464359	0.09632874775191427
3.386945553113012	0.0005208773074452206	48.94680392748606	0.09920197767941122
3.388294676475618	0.0006108975834464431	48.87213448032261	0.10036140655684564
3.3892282557206554	0.0006095857805727335	48.866977049988	0.09920200103066656
3.390769527622359	0.0009718747320050737	48.67249171419466	0.09685779470513241
3.3924048218196194	0.0005446241838137454	48.89332446733508	0.09863217038659688
3.3939208115670185	0.0009045519852807235	48.65890402968765	0.0986321622603392
3.39571708028335	0.0009308421171929993	48.637667352523565	0.09920199793457919
3.397389171875777	0.0007477913901912	48.73723500861206	0.09959213078023631
3.3989958053872273	0.0008940432679163554	48.65018134082301	0.09920199851317757
3.4008252944889215	0.0008606005323654496	48.6974757085511	0.0979334716360029
3.4019955892868143	0.0003847531493724743	49.03501561393741	0.09920200258328846
3.403058117045166	0.0005904796931172699	48.899703283221385	0.0973926955019089
3.4042508373126728	0.000588860259945994	48.905878097071906	0.09977834438011579
3.405394054241804	0.0005873122095351784	48.93731306217509	0.09848021533270658
3.4062854093354993	0.0003223676002186383	49.21222497861942	0.09632878198871066
3.4070916256290493	0.0004972666858425019	49.00619923257522	0.09863219279876631
3.4081266668444297	0.0004960829759435546	49.04288551834797	0.09467877711921648
3.409364155181324	0.0007856553196392719	48.786392087538644	0.1003614676198689
3.4105353997157746	0.0004352944937157713	49.050208327830276	0.09863219448496416
3.41157259838283	0.0006079632247000961	48.9430555939967	0.09739266843992872
3.412729618714099	0.0004331007687100547	49.097118516860846	0.09863220898611182
3.413617965870694	0.0004610270886831349	49.03152578155172	0.09863215783237742
3.414498811007876	0.0005176103275064304	48.93536938867619	0.09863215621761859
3.415692589329825	0.000544874940411867	48.92574687017671	0.09418585393693947
3.416544310919522	0.00042931322027550147	49.010370873549135	0.09863213249985889
3.4181909517077367	0.0013116092973721467	48.67360055614239	0.08831765301166869
3.488212212013342	0.002140974417383851	48.193289475042974	0.09902998454472058
3.4917035716648703	0.0016198578763011212	48.19535460944545	0.09863218379889634
3.494306366637683	0.001276432859371953	48.266095031345095	0.0998353545051158
3.4968013742715467	0.0009040937917826755	48.292135612090206	0.10065399016028985
3.4986529598354794	0.0010187062872682121	48.24602584389104	0.09943098590971168
3.5010956628511725	0.0012721272141947414	48.153515362637066	0.0998353098702993
3.5033163719520486	0.0009843817012507563	48.27665048273398	0.09943100281251882
3.5047649782774117	0.0006307122009005072	48.47270706698821	0.0990299875129682
3.506245724578707	0.0008148128739995004	48.36199538396579	0.09902998783684802
3.5081944049741214	0.0009270404286682894	48.30798125976786	0.09863216783488371
3.509675389363758	0.0006467154785304389	48.47421276554492	0.09943101898512204
3.511197094779855	0.0007595396637272914	48.437938591258856	0.09863215810069147
3.512513929154932	0.000642502342961338	48.52148807529312	0.09983533616163755
3.513938869593086	0.0007776284059747107	48.43001574135985	0.09983533477611453
3.5154980380121765	0.0007976284201836866	48.44175882025788	0.09669811560028359
3.5170821492212614	0.000681196163718658	48.546512251522046	0.09453002140669545
3.5182718033578313	0.000520813631539374	48.642559103587736	0.09707036321150508
3.5194824711321475	0.0007451866769405993	48.515387997492695	0.09218582549772679
3.5213487845919094	0.001079255069567823	48.28719739782307	0.09669815208640367
3.5229140771842715	0.0006496999415658105	48.462173174732335	0.09943102496165164
3.5245278060994334	0.0009821033016175426	48.28294888166036	0.09669813134386512
3.5264260942750836	0.0007555877214209129	48.36390590475834	0.09863215858552155
3.528029622827277	0.00106277972124223	48.19819894689201	0.09983535095937247
3.530007577882193	0.0006832592622512952	48.40570064132375	0.09632876487879759
3.532425829034132	0.001819230158231644	48.11134772077071	0.08361451336313332
3.588147406155075	0.0018663149914303942	48.48765608618032	0.09943078878592869
3.5936697698513216	0.002508674837398645	48.38097358742847	0.10061180662367064
3.597309468591134	0.0016789575238254197	48.52129814613893	0.09981041137498373
3.5999300551592137	0.001291845232887765	48.59303166240402	0.09981041862326766
3.6022556627348292	0.0007584225049693164	48.7355562361564	0.0948624754521042
3.603555327882577	0.0007117109574567067	48.701448680073135	0.0945229667906
3.604676447886412	0.0005028489253555796	48.888387538961	0.09902178495575786
3.6058060360838224	0.0005183090535321039	48.76726828912221	0.09863218043018201
3.60691522690568	0.0005723713389453014	48.72250299108737	0.09863213553461189
3.608213010546941	0.0008099756566422124	48.54148919721259	0.10061179186264058
3.6100078052929225	0.0008982948053633954	48.50244178452547	0.09941452992987619
3.6111468201872174	0.00036569267682607916	48.90672662235775	0.09863215473331288
3.6121274656932565	0.0005837842217217144	48.63647881160121	0.10020951477245842
3.613172236280297	0.00045499259084275274	48.55877873954826	0.09707016064241698
3.6143902809851305	0.0007259434621354817	48.550353246283066	0.09486249072278773
3.615639737687494	0.000488603386726112	48.718380663932955	0.09941450815993236
3.6167656367233976	0.0006317322105967383	48.512251693084934	0.09902178492370177
3.618083997536985	0.0007197954247000608	48.32121125407963	0.09707016896897167
3.621458510966092	0.0030354600209419763	47.92677528371213	0.07752979822651744
3.67751049720602	0.002568253672085257	48.664700086204135	0.1013356405840113
3.6802734102276977	0.0010683494587006201	48.64300295066813	0.09943015464671318
3.6834935641927276	0.0019976910096904292	48.50728140869225	0.10012938142744375
3.6865607042206987	0.001351032667435935	48.198836147442755	0.09902956855125962
3.688999049110384	0.0008333328290321433	48.224926754402844	0.09983406267925457
3.6903772809286766	0.0007088658148493272	48.29992445857869	0.09902952374174182
3.691543715043365	0.00047103089176467414	48.407177203288356	0.09863217262846474
3.6927892023715065	0.0009393639708382893	48.10223455054428	0.10065179264762396
3.6944240441525045	0.0006641419806207668	48.25202656608532	0.09983403434914125
3.6958360692383723	0.0006469427900206526	48.26160130987038	0.09902955133604119
3.698229846133083	0.0016309167970951608	48.03995736996448	0.08176202170176337
3.7395394635643973	0.0016323318981544958	48.352975027960255	0.10017662046673963
3.742630351975106	0.0020171548333892393	48.133057838400276	0.09888621738249206
3.746048997388833	0.0014343980267621731	48.31186332833057	0.09937296534210238
3.749032963898829	0.0011235160058313933	48.175554184448345	0.09914153032599324
3.7509369468562346	0.0010121608786573338	48.07613452917038	0.09991579319664191
3.7529307750641454	0.0013191746981611298	47.89512976358512	0.0996563472807866
3.7556979161990194	0.0010879561361104592	47.83367096872633	0.11504253515958146
3.75893307490231	0.003460847247500707	47.36706686800263	0.11147664719007387
3.7984873782033164	0.0023317637579567028	48.08167470460374	0.09892054006622837
3.8018068473223208	0.0017874282832204928	48.01085819919126	0.09921069632147408
3.8078924270611205	0.003751419238486278	47.31369131043844	0.11595305361343751
3.8153134016199166	0.003987909207751064	47.29423284076455	0.10675866626104007
3.8732156846674677	0.032976872833513415	46.84530135233746	0.09065368357721336
4.635439472248171	0.2770314007898791	45.285714748616606	0.16517141996576182