-1.6165598044567684	0.4289328377301977	50.80807037961142	0.20147366876999845
-1.1430277629582277	0.14416414287120422	50.9443789013095	0.09921999764945003
-0.9219004293169334	0.08664228963661294	50.779588193138274	0.09988711738696028
-0.7760819449039755	0.061931476795229035	50.564635347864744	0.104429315947526
-0.621412289207486	0.08675045795917707	50.52646620753294	0.09259669061207673
-0.5075940784215023	0.03337517639181133	50.94313689557276	0.08618908282417595
-0.44550179900888415	0.028928858036849078	51.104977103405886	0.0870694323794058
-0.3911866824231235	0.025527963702740034	51.1544028450485	0.10418485519074565
-0.3372421672433427	0.028182639897999264	51.25406164708559	0.10198310986311894
-0.28424603496793266	0.02494511665431766	51.37568165063522	0.12134853672970693
-0.2370192721285937	0.022374780133094442	51.58001955384432	0.08684625649102783
-0.025220310983176675	0.15387846235111122	51.302147066790354	0.10690182084276048
1.585400114302268	0.004155799147534548	49.62584929126413	0.06558689240736301
1.5939073659423588	0.004071882289949733	49.63135602336511	0.06558688254061418
1.6014048146501492	0.0042699770620168295	49.59094237395814	0.0688190152702158
1.6106252096837688	0.005473605902423748	49.49272195853709	0.06558688201693116
1.62270878692813	0.005728267726082029	49.45385924489044	0.06558691852506142
1.6340770361631414	0.006000255819213464	49.40845601458557	0.06771413408270911
1.6460875584445098	0.0062597655722516354	49.38517180634004	0.06663707645332484
1.6590700203949988	0.00546147402748155	49.263125926008044	0.07998325789618858
1.6691252929186247	0.006445985908946689	49.291317317335185	0.07163745853478255
1.6816353805736997	0.004811222778034235	49.47352880892943	0.06558688936385336
1.6919835471116058	0.0059587141113058165	49.19009547063383	0.07998325688172872
1.7024819779003564	0.004718188008122203	49.31233554932734	0.07801243008303882
1.7117392570449161	0.004560774350819956	49.26752118365127	0.08395799972863906
1.7242171606619614	0.006173417556205039	49.1328614583947	0.08193301184985147
1.7353032958501018	0.005871164611817774	49.147089119119684	0.08193299106039914
1.7455874534756748	0.005234217332033239	49.189783719828085	0.08193301665121977
1.7578875671539524	0.007381355829404926	49.04316139909882	0.07998328688734059
1.7741987405805215	0.007894221638479573	49.00316539708626	0.07998329049547098
1.790455322779486	0.00842960935078878	48.94242528966416	0.08395800129870437
3.0261125535542237	0.012746955816264902	48.33696269471294	0.10059429867130927
3.0391567753361937	0.0019306507525123572	48.64100569540224	0.09824759950946667
3.044673241144871	0.003519268209288564	48.381054988234716	0.09641605114921051
3.051202070964658	0.003033463730855759	48.42840114076211	0.09641599654902643
3.057162576784907	0.003134577865962425	48.38192930048236	0.1018085977320814
3.0639746991254264	0.0033663411471804307	48.36273604941804	0.09824762972433346
3.0708890159948385	0.004003377859699466	48.27662645707294	0.09824759366761691
3.0791353294027823	0.0036571569807012485	48.29201468914082	0.09940757850683875
3.0850023342077653	0.0029399456729118246	48.383798407741466	0.09824754507218313
3.092604811791513	0.0036767707694738707	48.265396697226336	0.10059426248656919
3.1003517160218355	0.0038697717330887236	48.307205939444216	0.09209139540572027
3.1068505759911815	0.0038122948990548726	48.252256175733855	0.09882428592647982
3.114235941280035	0.003498125810451038	48.27696334031974	0.09940758601790786
3.122705299694366	0.0035531234696950264	48.28286487491437	0.096957249351373
3.127768454902428	0.0023009315029909718	48.44803884769098	0.09824754717999645
3.1326158626249145	0.0026346195095275113	48.40642337521887	0.09535083286489848
3.1387658556959925	0.0035421847444496884	48.23766611885217	0.1018085724457316
3.144842326588677	0.003027249129973228	48.31490273948838	0.0982475545187929
3.1521224280874565	0.0038929280206219516	48.20310198816158	0.09767726272209544
3.160949196811332	0.004599953340477047	48.111388388994285	0.09882431603770253
3.1696180307938246	0.0037391740119835015	48.18731632608049	0.09999753712124965
3.1772823998387723	0.0034576860111190637	48.2184020165421	0.09999750669281463
3.18472498344105	0.004779750905857434	48.08864486531618	0.09861667879596368
3.193359299928373	0.00468566189331848	48.101666432758876	0.09695722573607443
3.202538820101793	0.003975968441366439	48.14292642703988	0.0994076134052899
3.2090084825056313	0.002510983570923065	48.332907810311376	0.09940760047261364
3.2143192792773667	0.002778166518266844	48.280084181878394	0.09882427696999531
3.2212417393739385	0.004980159212517958	48.01486759495535	0.09940758724997585
3.2292890774377776	0.002492306282310537	48.3149978889604	0.09824758966641912
3.235075827326208	0.003499821697353489	48.176159850074285	0.0969572643337468
3.2421048972166657	0.0032574775465961108	48.17292693638791	0.10059423618957344
3.249179002234118	0.003479185257107022	48.162082968760714	0.09750439733626809
3.4411492726388886	0.0033619730509783286	48.12705591282378	0.10106681179433803
3.4439647194257303	0.0014033334852204674	48.21580196715133	0.09535079776674718
3.447190162389245	0.0015670713457556786	48.1305511086789	0.09808043053058337
3.4509054095954905	0.0022442763818975933	47.97528799295407	0.09972596293310963
3.4546591847345596	0.0017115038454394956	47.92417021139768	0.09767728220838351
3.457734886130855	0.0011895912015805195	47.976661185640666	0.09892199195913917
3.460798784596096	0.001799986169495946	47.79260786738186	0.09767728808336057
3.463703833568438	0.001396868257713983	47.893355975975254	0.0997691629772321
3.4666930799177154	0.0014427710179340048	47.90712477829601	0.0957330806118155
3.4693053454794622	0.0013238155531752947	47.919212450064194	0.09892200069031218
3.472733183307935	0.0016964561697919063	47.89348486913756	0.09890498304358489
3.476644133067071	0.002060905165362068	47.959750098047905	0.09889649568513544
3.4804625049471745	0.0017740578153301672	48.03452431302317	0.09767734198033368
3.483446521999331	0.0014415589603338072	48.11590774358161	0.09535080934999657
3.486410387339674	0.0014847972856487134	47.86668998857737	0.098503652268947
3.489396257799958	0.0016325991612977995	47.89674340256851	0.09934381208063076
3.4925187159212334	0.0015686221674159131	48.12968689693108	0.0961026505605383
3.495980380438277	0.001608055500344466	47.98459241454813	0.09353454320212576
3.4986653347424315	0.0014950312281225581	47.90412139342988	0.09850366944584422
3.5025081986565696	0.0020950501563002212	47.974163779658156	0.09353454442413978
3.506072238764943	0.0014697496324348005	47.868196609094795	0.09849521579058611
3.509031668773948	0.0016107802052646697	47.81852900386115	0.09808879572414657
3.511828429973374	0.0011503128424323666	48.003452977630054	0.09611834395841962
3.5137250871862364	0.0009461218187154407	48.07814312043167	0.09535083879462938
3.51604716329059	0.0010896686996010362	47.98687919821228	0.09611834612347091
3.5185509839511933	0.0015266181815017524	47.804525167905766	0.09808877319970194
3.5212467413512516	0.0011745698971624065	47.91478128338781	0.09767728854521476
3.5238230020923527	0.0012649328974852667	47.92304354031879	0.09892199929528203
3.5270791004571396	0.0020763931877694616	48.01782830121317	0.09888124198240597
3.5304321469213407	0.0014854200012186516	48.126494568929	0.09807537969412666
3.533735835008289	0.001474163246670183	47.80621942304252	0.09850367548239543
3.536664968077664	0.0015587099436452443	47.777869355606136	0.09850366839777851
3.539325603119354	0.001126697216922019	47.914972794401976	0.0985036736131959
3.541554544561658	0.0011676286363318455	47.89744795347156	0.09850367324126404
3.544195628549604	0.001624747025689248	47.76798939823973	0.09650667289307825
3.65339952982622	0.003255820694106834	47.7696929785523	0.09729076961929968
3.6563676725926864	0.0013624935913974258	47.738948483107976	0.09892085071994042
3.659272827783593	0.001460258676783637	47.69250856830028	0.09892084364187384
3.661429923147749	0.0008151067230428707	47.93884023146368	0.09808841018342214
3.663561532837083	0.0010579753062944502	47.824761787243	0.09767728524363432
3.665964589983315	0.001683428292291994	47.63505576131866	0.09729076685524767
3.6694981446132044	0.0015306415223549981	47.66471729392604	0.09808843756601175
3.6721270673603033	0.0012793656298584481	47.75992499856974	0.09535080562369225
3.6749885421398676	0.001614464284386437	47.64934656026446	0.09573272489093183
3.678006637779149	0.0012280403437657996	47.743185209033996	0.0980884008366697
3.6809403950752837	0.0016263679852789308	47.6207006932289	0.09892083135989845
3.684046188143387	0.0015811417118534626	47.62620116973429	0.09934225960009962
3.687043617695822	0.0014700361589477838	47.65787985769161	0.09850292387992464
3.6897262641063073	0.0010957311544384678	47.81153720761726	0.09611765347301064
3.6928273018874536	0.0019450976079458991	47.58723596958932	0.09426148700438153
3.695271561590952	0.0007212238465447349	47.976422556645865	0.09808840188597845
3.696940107294996	0.0009797086819799256	47.833696975633515	0.09850290781050527
3.700620088618449	0.001845351484731021	47.599658662303426	0.09934226040640086
3.7033684879048683	0.0016732159559356497	47.610674791155944	0.09535082712824247
3.7070943140986166	0.0016908339513496875	47.59832604003795	0.09611767129864315
3.709520762478608	0.0011420852162834464	47.744026204430305	0.09850293525819963
3.713050346005058	0.002108336888435993	47.48761856731079	0.0968966528725231
3.7172635353862664	0.0023060913315240375	47.55912291121355	0.08476125698712526
3.7960988777205675	0.0026770263301306332	47.459714296650255	0.09932154564676861
3.79966823016659	0.001417789785852759	47.60224716086022	0.09849266375670417
3.802965652368466	0.001381475779746033	47.58748396988938	0.09932153192264924
3.805045824381858	0.0009675119023522782	47.74041860714796	0.09767727859643605
3.8069586760453373	0.0010900088392300602	47.68422888924408	0.09808334731825112
3.80904492923039	0.0011604581015120274	47.659777285376066	0.0980833516982456
3.811271866262508	0.0010039311606232922	47.745629319527914	0.09932149055651092
3.813687157041213	0.0010732515856544391	47.74348670370071	0.09808332921941795
3.816252482547244	0.0014887352237037833	47.59123071653475	0.09767727559255834
3.8186897693260984	0.001258341713308844	47.62918515698354	0.09849270762611022
3.8215182212353045	0.0014217635417887583	47.55531476338339	0.09890539831444121
3.824038186780743	0.00109671064994301	47.6733071933182	0.09808335590846785
3.8271604482081893	0.0017663665475798596	47.46348176151724	0.09890543351605978
3.8293983710236597	0.0010110400937265304	47.70759768814974	0.09808334467803391
3.831923154481737	0.001388114933991373	47.56467464614653	0.09849271844231793
3.8344057274242656	0.0009518629075673822	47.75104045482956	0.09610815561656948
3.836768689839405	0.0013017014348826544	47.595590445753274	0.09767730958834395
3.8385996027258993	0.0007070387801941761	47.86310135120259	0.09808332786149053
3.841459341657887	0.0019431932188984059	47.6858903965371	0.07248693018873946
3.9018660815823902	0.0029896424448391814	47.52737768375193	0.09215367837237495
4.180044033182593	0.001116622688017811	47.15272951453919	0.11336121959700406
4.18254187193785	0.001430477602928094	47.035487068126955	0.11524409784832897
4.184964665247476	0.0008631270608439345	47.269273961078575	0.1137328979306041
4.187759605480954	0.0014726341682717904	47.173135716822415	0.11524409133049204
4.190947461947463	0.002218587296151616	47.20004759651975	0.09193874581950065
4.220197405599745	0.0009592803310419574	47.1892309894129	0.11330294001381533
4.222278734540382	0.0016561017458593182	46.95266044206146	0.11375951222238626
4.225278498817449	0.0009868243554862928	47.19481893827789	0.11398917735555593
4.227340100170366	0.0009725232624815573	47.217269815857605	0.11353080203412355
4.230274604290582	0.0016737120325251058	46.96033927380548	0.11445125293104201
4.232858404664846	0.0012264472124106018	47.086122766192446	0.11375954432583629
4.2358724976367235	0.002360737780495749	46.99751353662906	0.09187731965625792
4.263380506950952	0.0009659669710307689	47.21362139789956	0.11421545690386564
4.265127108920531	0.0007502545621392641	47.406338663974346	0.10307197093574304
4.266885016944487	0.0011955595944175878	47.1099261003597	0.11352838907399365
4.2700189011129535	0.0016233490123260948	46.95256631527012	0.11375647787067286
4.273349114529273	0.001688874229615533	47.09932434851599	0.09199513830993335
4.372480130576145	0.0015605782045255705	46.85244843683929	0.11444532689962562
4.37460029580188	0.0006448294162982593	47.21038894925118	0.11421461371182752
4.376992309506578	0.0013576210968664197	46.88293952350997	0.11398476741729154
4.378559817879456	0.0007749319690413956	47.127672729879116	0.11307464305146503
4.3804735325352535	0.0010354665764188056	46.99912770582324	0.11352787180916782
4.383075492649542	0.001493433196586758	46.9425163550614	0.10161816024184057
4.40476455779441	0.0032536996946709263	46.755292892602334	0.09046608895824934
4.434013489032804	0.0026950073450425285	46.71759955732813	0.09335218027274157
4.460489742173641	0.002538650282741026	46.74749602712317	0.0888331195603309
4.485612790553985	0.0023959593492530133	46.809271534281564	0.08328784220377179
4.509754226046299	0.0022664075584542614	46.72995458268525	0.0904001864337938
4.534177966956156	0.0022564807570413033	46.702228652801224	0.10920572560349794
4.554440736620208	0.0021581523433428593	46.66349603970384	0.10012364388329557
4.57436729977168	0.0020613680241149835	46.65431654696501	0.10630477144655076
4.59478450684521	0.001954305614846715	46.68068469482179	0.10031205001128433
4.625006985725372	0.010592522470811565	46.55340536205455	0.0901884960901741
4.657847050244127	0.009992073488943936	46.33167397879568	0.10672673671905984
4.687913369722686	0.009296422907174232	46.449240852671124	0.09932373411275237
4.737446779359164	0.021855700618029522	46.362049262848814	0.07790323110955476
4.887612692376644	0.01944868975081124	46.15804087320062	0.09192288529549593
4.916592608366804	0.010891570857585891	46.14779699404992	0.08150342572146495
5.034396935196202	0.011726309949164326	46.03842854604831	0.09978825146796921
5.049093088320738	0.0013477851368471135	46.33500651088819	0.11124058423249324
5.125248756266446	0.01181452606698632	45.810575737674256	0.10207651639068425
5.262315281428087	0.006995227275396292	45.733530565256046	0.11272903316350398
5.286366334351571	0.012432154189252097	45.62392330058796	0.09696207557455562
5.3189580490898205	0.005661665646450953	45.81199516886582	0.12128370680819632
5.332368882205509	0.0076933130925137495	45.78662574935322	0.1164341284650946
5.36845831805754	0.030856236088205372	45.50036346690177	0.12647817679790707
5.421009253917331	0.011561025394378605	45.60808063932274	0.12466267649160445
5.449496028046996	0.013603402778048944	45.60511326114575	0.125228523378205
5.483309287636333	0.01630393542021608	45.481148060770536	0.11942141597740799
5.521131584466989	0.029631346339267606	45.237895339137594	0.13151855894463987
5.5752855919045725	0.01812825809480735	45.23496416961403	0.13374936134625084
5.600528729444218	0.006670851998249884	45.66385042252975	0.11536659482301476
5.624015335527188	0.013464212692453082	45.292149723089864	0.13338256410612162
5.644385223542667	0.005403715632630773	45.59230145585896	0.12342128641126764
5.65484855737815	0.007641156394943226	45.19024151336432	0.214783736840477