-0.4842932574043954	0.0482103037318562	51.32713512084221	0.13048538213342836
-0.0865943648341359	0.2411853852915692	50.23069880536234	0.1029930776404351
0.15775100708946088	0.0494661507729131	50.26401357695721	0.12720644224018832
0.21435522911876959	0.009649201620200467	50.838974813257195	0.11997804418439365
0.25133223138638394	0.026584936881358764	50.57020460114724	0.15845431769437168
0.28540644779853996	0.008192947320322426	51.06494951574899	0.12299730024194185
0.30149078497053106	0.00789506709664268	50.95186109612309	0.15589190033139597
0.31700064232531955	0.007618087698161008	51.12636006814439	0.12411214599746521
0.3332005647390168	0.008562347215008561	51.06497409768228	0.12955930645948227
0.35234348384734593	0.010534025987104312	51.029860850121814	0.131762205682049
0.4113510685051741	0.009195742481806204	51.16297999564496	0.12767517906732798
0.4810551079290205	0.056565757654085974	50.62790194034687	0.20002686906457626
0.5388239980468655	0.004571119891793112	51.5683910989265	0.12715077150468615
0.5478713417882025	0.0044768780916313615	51.52881745585983	0.14419572961163718
0.5537998627907198	0.0014720599350332526	51.837171038594526	0.13168695519917212
0.5696979503461753	0.01419147070825759	51.25965615795804	0.15795107430430633
0.5904798984554581	0.0067641847562994704	51.60615778368245	0.12686127833959135
1.5460731425267595	0.014923031067822579	48.842496563808254	0.11197336385222457
1.5846302449656435	0.025423428669809203	48.59276565704638	0.11057365976116894
1.6293811507046332	0.019302251846230124	48.65768759777451	0.11497738834919054
1.6618146943974597	0.013848189241104989	48.811903315331804	0.10923698150121369
1.6965262451953995	0.016433909844415864	48.70393529720671	0.10923698282358806
1.7189444893602261	0.008413702341618767	48.964244704908616	0.1105736530565846
1.7420884348520396	0.014506142276614873	48.696292787005596	0.11057365503113495
1.7622135265597318	0.0061024692397151584	49.03699720899929	0.10923699881147646
1.7852672075446883	0.01743760764882467	48.73905682566888	0.11497738139302771
1.811829841689292	0.009784125184641793	48.762916567145965	0.11197336072798203
1.8267132934920385	0.005110062815942956	49.041495760265775	0.1105736529544755
1.8384766672321247	0.006075017400995121	48.97108583211258	0.10923697177508594
1.87099395504911	0.021945194285991763	48.86483488763809	0.11057365053172467
1.8963613638704624	0.005744215726834948	48.927042718348844	0.11197335589563379
1.905577376063298	0.005305178658401611	48.944865317961266	0.11197336262328896
1.9168457508635233	0.0053120707029540295	48.96663526972666	0.11057366106164553
1.9260554928829632	0.004751606395179293	49.04027061963707	0.11057366214087172
1.9359495847051162	0.004992636333186586	49.02329957071218	0.1105736601934191
1.945255862780328	0.003772114581871713	49.10788517085854	0.1092369588063244
1.9513702275849227	0.002702793418183135	49.214927037016814	0.11057364851697145
1.958317029573811	0.003436344376669572	49.115828879669124	0.11197335161543265
1.9636388962653344	0.0026246442783711787	49.25891728723976	0.10923696490936194
1.9692428839583336	0.0031805957749476326	49.14299989090545	0.11197337181582191
1.977079759851521	0.005027524042227597	48.93303270580068	0.10923697450891039
1.9858554893703704	0.0030496621616093104	49.13967135577853	0.11057367796096265
1.9920774152376053	0.0030391491590529957	49.14529595683841	0.11057364883312626
1.9976237939965373	0.002740324924467531	49.36622336974949	0.10191185624767939
2.00259248126781	0.0024014426207980243	49.47348475220755	0.09918181958536054
2.00740655869849	0.0022946820742776276	49.52113765079926	0.09918181912207871
2.0114782140822713	0.0017036690159439884	49.65101262471784	0.09872140110573105
2.0145984961439174	0.0016112294582460488	49.65010687324753	0.0998315975826038
2.0182753414942916	0.001655110706180276	49.64220210171307	0.09983161328378877
2.0209646827025085	0.0011748340637487318	49.830724407674026	0.09918180267724848
2.022867104866472	0.0009272613641384443	49.95783939453104	0.09918181269675412
2.0251790933485156	0.0012473939910410247	49.85217563763386	0.09918180537744585
2.027475129539429	0.0012179416017751882	49.88278683932879	0.09918181402799715
2.0296496067211893	0.0009399594446779258	50.00371770427795	0.10050261129624373
2.0316344808098536	0.0009350609593954314	50.001900764731445	0.10119572892042471
2.0333115315379637	0.0008277585677203368	50.05689106123866	0.0991818061384205
2.0349152845473193	0.0007827731977959597	50.05789733839074	0.10050262073262138
2.0368412002051	0.0010279868214874582	49.93458523577084	0.099181807215469
2.038768251030849	0.0009451267627033053	49.94477609860242	0.10050261765349915
2.0404768361454577	0.0008136136420241849	50.00632487745915	0.09918180907826668
2.0420747198610445	0.0007538340238960475	50.02599453487615	0.09918181424936534
2.0437286860566015	0.0010028795361892405	49.89449426219596	0.09918181998720339
2.0453823099308597	0.00056894680867995	50.15183287490661	0.09918181172496024
2.0467293168958856	0.0007239148230028548	50.05085819168392	0.09983160782012751
2.0482159993780016	0.0007656468854143638	50.0364142248265	0.09983161261862708
2.0496635391508096	0.0007337266063433659	50.00766808327504	0.10050262200050214
2.0511109541746584	0.0006001340659448187	50.062131601019814	0.09918180684733277
2.052028043940668	0.00045630828949827886	50.15352021901566	0.09918180902318036
2.052900054700355	0.0004139936335300379	50.22376743489272	0.09918182460363156
2.0538575976601896	0.0005672602950669433	50.11430262801538	0.09983160422800122
2.0550428618719367	0.0005233582133289688	50.193736973429864	0.0991818116024717
2.0561739765545775	0.0006713042259968286	50.065783402858855	0.09983160486990689
2.057325240666746	0.000513688844477322	50.17252325368211	0.09918181282271779
2.0583801949351384	0.0004968965361161942	50.1731509804781	0.09918181187773326
2.059478541135511	0.0005605400462553741	50.126976623645746	0.0991818066197319
2.0604916144867773	0.0005506392204090309	50.1475592727615	0.09918180925419912
2.061644077142534	0.0006080410766102867	50.11293306826883	0.09983160388527869
2.062834524610814	0.00048498734216871246	50.20974843997597	0.09918180770346684
2.0637101519082965	0.0005312171565001509	50.1441104249494	0.0998316068911012
2.064803060186564	0.0004964098167832057	50.14771275914157	0.09983161229605574
2.0657845580411633	0.0005252895808976252	50.10694851140918	0.09918180562538702
2.0667999864968842	0.0004551666394648145	50.15135580702342	0.09918181108165544
2.067713875332764	0.0004902761259904875	50.09747453313344	0.099831612330627
2.0688496042060835	0.0005159747454789513	50.05876341812031	0.09983160822192713
2.069773777525793	0.0004958083722091457	50.06387588367169	0.09983161004833378
2.0708549082821097	0.0005063246129777661	50.05387684213676	0.09983160284632624
2.0719433998104835	0.0006038363168166085	50.002518768191365	0.09918181272547037
2.0731137772544352	0.0006116729620219784	50.017968503187184	0.09918181457923052
2.074333183369987	0.0006476987235475898	50.00535841741912	0.09918180936043475
2.075543640603254	0.0005435045894237056	50.09303988746392	0.099181805023657
2.0766988488534177	0.000524948907927339	50.10842985616553	0.09983160813062575
2.0776670750484887	0.0005309398555719593	50.10218361971828	0.09918180417418086
2.078679306674787	0.00041870778248340374	50.19345140427106	0.0998316109750565
2.079765927010975	0.0006007309334128827	50.02103235116348	0.09918181068506866
2.0807492224694983	0.00046538856287624535	50.098629976855065	0.0991818072788249
2.081755395305475	0.0004965024152897032	50.03633591982231	0.09918181503297863
2.0829540750766564	0.0007051577688184857	49.89136031606111	0.09983161101406599
2.0842037128970845	0.0006613560963617811	49.93838686809959	0.09918181310037011
2.0855601123436216	0.0007139194061583638	49.920756824896976	0.09983160834791634
2.0869769838235417	0.00074124381540614	49.928330351326835	0.09983160793971356
2.088259192996454	0.00041064783175875615	50.2053972087708	0.09918181082287963
2.0892856735403256	0.0005453441363511408	50.07184710063525	0.09918180378435579
2.0903589476783075	0.0006156753195189648	50.00413486342495	0.09983160519428116
2.0914317103113436	0.0004071253980034611	50.17778680837621	0.09983160545884019
2.0922302860695337	0.0004665618115750102	50.11855749863443	0.09983160602412086
2.093160282816353	0.00042357801136233564	50.17434648672864	0.09872140231864637
2.09405010680982	0.0005240131748820439	50.07545944659447	0.09918180912776642
2.0950725313341896	0.0005206644616552746	50.082546248547914	0.09918181254909099
2.096122115290714	0.0005125455687081681	50.093543607690776	0.09918180742558226
2.097061732710116	0.0003307754580568053	50.27918629049757	0.09983162673256996
2.097898399170556	0.0005115049131513082	50.090261654832894	0.09983160693031062
2.0987072216558498	0.00032899984070102855	50.276930408061176	0.1005026262233977
2.099469496100772	0.0004426113855479022	50.1602861705427	0.09934595666614006
2.1003423175993112	0.0004427682400751746	50.14280286124914	0.10050261920497926
2.1011319954253813	0.00034699643935213716	50.24717945497995	0.09983159060945333
2.101850440081498	0.00038861875479779515	50.184189490452084	0.10050262565067758
2.102623862878655	0.0003296861959498609	50.25121660438712	0.09983160349849525
2.1032661198223894	0.0003390645845930825	50.24782053535028	0.1005026260088846
2.1039665305105917	0.0003929506790585578	50.211790577360375	0.09918181037547757
2.1047951867917303	0.0003777139648078206	50.23386680595519	0.09983161216551166
2.1054456093136125	0.00032393457150561964	50.27366099597165	0.09983159471206203
2.1061786220919894	0.00035485030646109666	50.20790815318388	0.09918180165433464
2.1069876282603146	0.0004983369588458365	50.05137874885979	0.09918180951947707
2.107839319455449	0.000324723057349318	50.24509974182911	0.10050261897988988
2.108504697274497	0.00035705893956267684	50.228340083882856	0.09918181451260628
2.1092366665344056	0.00033238651708201897	50.440713728116194	0.09229695348986247
2.1098467228022613	0.00029765393638472843	50.32380885213509	0.09983159108626709
2.1105141410413033	0.0003840069353836846	50.222867446275444	0.09983160987041076
2.11123763625183	0.0003527798950541501	50.42067313676662	0.0919823854946843
2.1118438719978787	0.0002662521879803451	50.34002399613145	0.09983161408101471
2.1124207926142198	0.00033555097990698666	50.22120481067796	0.09918179579401332
2.1131573629780553	0.00035122393151220706	50.2296226447179	0.09918179022801223
2.113859243367167	0.0003612980810975954	50.241603995521444	0.09983162202018592
2.1146126029589585	0.00039355221633971305	50.21522534662179	0.10050262076305232
2.1152929454718197	0.0002813180628408714	50.364836501693375	0.09785230246395138
2.116022647937359	0.0003973186379961344	50.14963807906293	0.09918180807842067
2.1166987731482707	0.0003367927337647917	50.217652598496706	0.09918182265582978
2.1172914057455254	0.0002584086705603857	50.353200078598476	0.09918180618567876
2.117875197776114	0.00032634241821782916	50.26740731626638	0.09983162328201738
2.1184892912832782	0.0002652172387869646	50.35156841389659	0.10050263705125435
2.118960310255028	0.0002569167522502458	50.373860962404024	0.09918181930700952
2.119543865260357	0.0002825790436938009	50.32974383824873	0.09918180732158725
2.120131631867112	0.00033164374907565205	50.266033444970745	0.0991818313407068
2.120839294213773	0.0003724917651982101	50.215994870952116	0.09983160679197921
2.1215826439121663	0.000380815099235227	50.215876179188164	0.09918181146107923
2.1222531570891396	0.0002793306081961449	50.39660819755522	0.09718219466509902
2.122854146821309	0.00028241872501737187	50.33886631417655	0.09918180208505735
2.123548470616453	0.00038801512948601205	50.194240342292076	0.09918180916661229
2.124201114009091	0.00028847143121584374	50.304519463644965	0.09983159205176181
2.124800404235127	0.0002969678510260937	50.2855455850095	0.09918182694639019
2.1253544565395934	0.0002921477989536011	50.28623201815023	0.09983161766775774
2.1259945384066192	0.0003464145741461705	50.39636860777258	0.09198240308434548
2.1266858315438344	0.00032421637935148	50.26196428952301	0.09983158924039533
2.127316095385213	0.00027904073604288456	50.361572089079765	0.09918181957186191
2.127820826406589	0.0002919654808999618	50.52435154609012	0.09328433870130377
2.12843572654703	0.0003077225238125371	50.52973741435695	0.09229695331480006
2.129037035014939	0.00028380910690257755	50.53883533828282	0.09198239547634096
2.129613078899175	0.0002922291087775646	50.497529425419685	0.09198240471020883
2.130161029165782	0.00025086348911290555	50.37915407249929	0.09983160842664861
2.130657591544121	0.0002574018710640767	50.42857033626754	0.0974416642399203
2.131245123219857	0.00032667264237504424	50.483447680471926	0.09198237271772955
2.131832833505251	0.0002975458909585814	50.526393719683995	0.09198240173502134
2.1324372282548105	0.0002621753763255898	50.40357213384028	0.09918180410872034
2.1329156774282407	0.00024733744326694017	50.43522699266627	0.09872139009729472
2.1335088819773436	0.0002983370552438807	50.50422722949694	0.09261864601570093
2.134069355084855	0.0002708657168728795	50.37266960454801	0.09918181649859717
2.1346068842194046	0.00032367062540620905	50.42729554872929	0.09320829111189262
2.13526628497662	0.000295202822571455	50.39821944909367	0.0957143105124488
2.135847618933784	0.00030685074489705827	50.45630064053331	0.09229696083419908
2.136519569229467	0.0003188815025049348	50.464625191506045	0.09198241113509825
2.137120362944452	0.0003069134094249985	50.50659349781474	0.09198239190257072
2.137724163782212	0.00030121101423268644	50.53111262940807	0.09237609185873398
2.1383156308890547	0.0002787678735325306	50.5386083691523	0.09198239777813237
2.1388297537696137	0.00024016478725526164	50.407256267219715	0.09918181527689172
2.1393059948018593	0.000268575064845338	50.502548451668694	0.09261863778104601
2.1398981764364002	0.00031259245553534457	50.441276602198265	0.09261866295231984
2.1404914580616268	0.0002468730429493846	50.39269080201967	0.09918182023501193
2.141010629505449	0.00027751936540478694	50.525237132001855	0.0923760889704649
2.1415605597166856	0.0002667089993757258	50.36671614503202	0.099831619390359
2.1421344841964385	0.00031526006710734457	50.472959479403784	0.09198238789887894
2.1426744585475097	0.00026744840606021306	50.37364808768122	0.09918182110030103
2.1432620679781884	0.00025761562484229324	50.393229871307206	0.09918182364526143
2.143794021401269	0.00031784151354914247	50.478165314037476	0.09198238958987558
2.144363114417955	0.00023854132771361622	50.43428400138517	0.09872141060518341
2.1448540902133186	0.0002878134684992912	50.48154399801652	0.09261864887797926
2.1454227391489513	0.0002624628404123325	50.496964093716876	0.0919823818563885
2.146002879715318	0.00031905252253282035	50.378208045130194	0.09261866225397387
2.146622660306464	0.00027254655804500054	50.43237478451304	0.09198239585845643
2.147188999757487	0.00031536656066662324	50.36061944092282	0.09328434363148053
2.1478089656595056	0.00027274034623270016	50.47121485149964	0.09229696296726624
2.148330701533801	0.0002476055294548713	50.53689073468698	0.09198240252488202
2.1488265655306265	0.0002519982751318773	50.40493973194549	0.09758298648104276
2.1492798323037623	0.00023538895053494728	50.570663483681805	0.09229693767013782
2.1497942073810155	0.0002658985792319686	50.53308865616365	0.0922969442100258
2.1503322020160613	0.0002543875245340566	50.570150070862056	0.09229693771196648
2.150766214332967	0.00024575540413271103	50.603396617780405	0.09198239326683806
2.1513178825702854	0.00023568147377378483	50.64048987011982	0.09111620700636139
2.1517927046971614	0.00024842565629355887	50.579932670477575	0.09198239091492977
2.1523198828201284	0.00027641508818125496	50.52694179140718	0.09175707385707578
2.1528186275972305	0.00025988403564801004	50.53172634469982	0.09229694784823837
2.1533686218551735	0.0002651071058620225	50.508947905308474	0.09229695574394708
2.153858770170973	0.000237541621829731	50.59549072428101	0.09052330520951218
2.1544009877059196	0.00028940226221879883	50.46056641143923	0.09261864946655142
2.1549535927783054	0.000290417194133021	50.45547333820038	0.09294771143790101
2.155497208423077	0.0002315827171197632	50.5505127614067	0.09214023880403018
2.155959207228908	0.00023225631937564298	50.52547228271683	0.0919823857221387
2.1564216339356177	0.00023109030172086342	50.562696890329065	0.09071593209053595
2.1568936652518014	0.00025332659221476123	50.51534906745057	0.09261864476244329
2.157395439205604	0.00023011432042615809	50.65392307295765	0.09040119340667829
2.1578316122001446	0.0002376682203132383	50.59846281706322	0.09198240354025676
2.1585783196830044	0.0004845771307372642	50.6499922733294	0.09198239515133472
2.1596768278799905	0.0007177335848861088	50.49553590511167	0.09254307701709574
2.1610953839893674	0.0005490437078261575	50.60675326836109	0.09283207222590655
2.1621857384291046	0.0005676151243959606	50.60648854441618	0.09254309924375853
2.1633565650969038	0.0005760341502655263	50.60909540564057	0.09283208873725357
2.164288793431188	0.0003875607064695717	50.7775336912713	0.09225991186797061
2.1651712999753223	0.0004624177669299767	50.69433454576143	0.09198239285848019
2.1660115736080376	0.0004035525831213319	50.740394461469975	0.09225991308241335
2.16690673489365	0.0005130440532932811	50.64171225101624	0.09225989884104557
2.1678868696541107	0.000488619885057904	50.67007272911604	0.0919823876250192
2.168885333491379	0.0005566939332637301	50.598239591923246	0.09283207485989234
2.1701112746166467	0.0005711507484638501	50.563923999331074	0.09283208937400632
2.171032684907394	0.00039358306684247787	50.71105863106611	0.09283206971582882
2.171906040341438	0.000522245394290027	50.602145781791094	0.09283208731504838
2.1730315312918185	0.0005310639783963092	50.62220401255645	0.09198239246195582
2.1742405489165875	0.0006362988680877255	50.521132491160415	0.09342810166371317
2.1755156824130073	0.0006726840293098485	50.48151329511654	0.09254308075708403
2.1768563410704473	0.0007451229651040204	50.42325479072298	0.09225992526859317
2.1781028506158258	0.0004348661451372614	50.67526353804633	0.0922599054439058
2.179046729309223	0.00046226871691778805	50.65793112618812	0.0925430784025064
2.1799502654835448	0.0004499928795343576	50.677308875373114	0.09312702886914476
2.180674697829839	0.00033714940061357245	50.82475565957786	0.0922598974390985
2.1813883812264696	0.00039038174111742316	50.76988723139081	0.09254307905613583
2.182147660236744	0.00031132686516160485	50.86985887501909	0.09283207907548818
2.182833855551463	0.00036141634567331743	50.79810885089669	0.09225990733034486
2.1834973860981868	0.00035309477095677214	50.792282739267684	0.09254308777827723
2.184243510030007	0.00039945843170290037	50.730763457910165	0.09225991059068779
2.1849694261157677	0.00032565805287298777	50.81808587220013	0.09312703303013553
2.1858092158071223	0.00048303508331454074	50.655532578000795	0.09312702506426286
2.1867210867933333	0.0004743095866122798	50.66521581535608	0.0931270436264749
2.1876524250018097	0.000428401186538731	50.707062355600144	0.09283208312869523
2.1885561715576456	0.00046846973291066955	50.6691168797103	0.09225989617177141
2.189492953282986	0.00044319325757063055	50.68395860817927	0.09312703527398437
2.190289204434136	0.00037991258727898775	50.7583081909515	0.09254308764920201
2.191104358599188	0.0003961666254164384	50.74667395899828	0.0919823960327423
2.191746911509717	0.0003007092626250566	50.87823554770924	0.09225990909671285
2.1923969732426696	0.0003535449780719052	50.824115607314106	0.09225991323457085
2.193154150841384	0.00037825896274966474	50.813572979013806	0.09225991883381393
2.193851006428272	0.0003000988669441503	50.91718475984015	0.09198239411981111
2.194422167289617	0.00031233244897679147	50.87964121082367	0.0922599095782568
2.1950640368205367	0.0002925368436888234	50.889255046396244	0.0922599094881921
2.19558910872692	0.00025314162980988325	50.92277740382978	0.09342810554448991
2.196103483329802	0.00029603058692466075	50.877572239242284	0.09312703181778735
2.1967621338815553	0.00033200637428640713	50.8652802249786	0.09225990920042879
2.1975710903711176	0.00038738608104336243	50.82340032262148	0.09312703840297037
2.198129035812611	0.0002812977310888208	50.981779626116136	0.09225990061411327
2.198759619590085	0.00027630533932687326	50.955827146446424	0.09254309526060067
2.1992336224783195	0.0002385373377937142	51.00365642562717	0.09198239564502182
2.199726236895355	0.00026571127892627283	50.93653333224531	0.09202711829155225
2.2002814222068685	0.000262049481983323	50.918212303170684	0.09283207199637002
2.200740492846335	0.0002302437546269754	50.985649180075534	0.09225990627055589
2.201196592236071	0.0002233713872696269	51.006464664859806	0.09198239380215241
2.2016530410956587	0.00020781937986188867	51.04079450669793	0.0922599058520343
2.2021238982131637	0.0002993987869933159	50.89303593160375	0.09225990714579
2.2028048684772816	0.000341456991523496	50.8519386968595	0.09225991325008903
2.2033891223417927	0.0002803852471210607	50.94533521317389	0.09283207626947958
2.203949531107844	0.0002577865003057346	51.00643413939116	0.09198239090497976
2.204647382120557	0.00041483859300514537	51.00674336015915	0.09275276358060924
2.2054655984602443	0.0004345759919414689	50.97383739197045	0.09300601677261719
2.206310946769274	0.00043045438644435344	50.97121486558503	0.09300601044223959
2.2072053375361986	0.0004581794890213892	50.94449398916075	0.09300601009750843
2.208000802745901	0.0003072058927329463	51.12786337037281	0.09223125683082448
2.2086701831360886	0.0003963492362175974	51.024065147844524	0.09199923967248527
2.209338533394272	0.00025826797679005955	51.19472819341437	0.09327402413350024
2.2099619960226606	0.0004134482428006284	51.00716956556459	0.09274295714934959
2.2107475678142174	0.0003563499283024151	51.076193978797384	0.09354711371994819
2.2114507791588167	0.00033351225823698	51.12591991308056	0.09274295491409512
2.2121116341465474	0.0003115861265764969	51.169882625686675	0.09248473989952515
2.2128207115716574	0.00038249256203075344	51.04468905169706	0.09327402425442477
2.2135922734333384	0.0003761750360729786	51.024491816473684	0.09300601401958367
2.2143994533937073	0.000447034151194024	50.923310964179144	0.0927429513981112
2.215264518928357	0.00042849139248295827	50.919113197032246	0.09248474078906498
2.216071803422733	0.0003932557241631395	50.95478674054195	0.09223125162316446
2.216929550805973	0.00039607686165577584	50.9472042915008	0.09223125258701373
2.2177074185775703	0.0004599993915269109	50.866482899211476	0.09327403336217537
2.21865271910153	0.00044586221791043156	50.88479176961405	0.09274296089739158
2.219562598120266	0.0004254634341523582	50.905636046126595	0.09301329268233938
2.2203587676515184	0.00043301130919578146	50.89069810497798	0.0932740242293276
2.221194642104281	0.000365293906203423	50.99596998481392	0.09198238801284599
2.221870088402416	0.00037183897012427045	50.99388893862017	0.09327402068039772
2.222658887317908	0.00038733609423441704	50.9902947743466	0.09354711234232817
2.2234336568831825	0.00035672201233737447	51.00395413908063	0.09327402968301239
2.2241976138622257	0.0004543552898567904	50.83692654571374	0.09354711021773805
2.225111650558901	0.0004235917308374262	50.79141600444234	0.09410900027746942
2.225872664094243	0.0003754752469237385	50.862037981187946	0.09300601081463618
2.2267089450322786	0.0004427477199238994	50.86103694728538	0.0920134836254217
2.2275428386660274	0.0003919752010884272	50.93802342763664	0.09382540494029255
2.228234192574662	0.0002959475630707961	51.10717524647989	0.09300601501678406
2.22883657307823	0.0002613172435446392	51.19956852409053	0.09248473792469149
2.2292477974394975	0.00020551486641442245	51.32137286400677	0.0930060119490446
2.2296710527581123	0.0002025978436974384	51.344718021377666	0.09354711317710462
2.230140422382099	0.0002516168046992373	51.24870614939551	0.09354711173112736
2.230648786131892	0.00026100358878033595	51.22403869887197	0.09410899988568883
2.2311441779534817	0.00022241241983652103	51.3118958662061	0.09223125792405687
2.2316413235106736	0.0002901576211181787	51.178857532742164	0.0935471093348038
2.232204273821688	0.0002677876629832048	51.20129209413416	0.0941090050822653
2.2326547260004728	0.00020236711760417006	51.330235853401774	0.092496976538214
2.233072365040121	0.0002506940301045042	51.21138668973447	0.09327402744265251
2.2335811567634605	0.00019501237481108627	51.31039050403049	0.09274295514454532
2.234040942482817	0.0002808741705856701	51.13736485551877	0.09274295181445827
2.2345647200344443	0.00024638012800899184	51.19388561049248	0.09274295824108791
2.2351254291755405	0.00030087049189496276	51.11336797826292	0.09248474015001995
2.2357833961171605	0.00032222858476441314	51.08120791884686	0.09300600764074989
2.236325717856948	0.00025149858402215324	51.20163495725661	0.09223125476667655
2.2368039897087173	0.00022029629439384503	51.26467282779209	0.09354711737457437
2.2372329165348757	0.0002444896514928356	51.27468289421287	0.09300601223112505
2.23779324101176	0.0002834099301428643	51.546152103934034	0.09406119014742191
2.2383391475514274	0.0002647923662277214	51.78607553929687	0.08752661158705966
2.238863089825863	0.0003081719687670395	51.738056372193654	0.08772609467957178
2.2394858268987363	0.0003145604171926047	51.7207203750236	0.08723503523696834
2.240200872366408	0.0003723814288027387	51.61984709912056	0.08713982197506742
2.2408640608279184	0.00029805576416036604	51.50633144194184	0.09298273584305133
2.2415677795047815	0.00039349145701768475	51.5291335331028	0.08772609555459512
2.2422982583636593	0.0003381656984262107	51.41463967371456	0.09273009874761344
2.2429687939037826	0.00032672795895530163	51.40341456103902	0.0945162016189439
2.24358567568658	0.00032814359861515243	51.40419356720961	0.09406118527250683
2.2443833127494823	0.00041721204968892043	51.314303177317086	0.09257363038715857
2.2450873499016466	0.00031652260223169736	51.40980549654287	0.09383889206797184
2.2457453679999664	0.0003605512739390705	51.35166059880632	0.09298272864993305
2.246481554893252	0.0003282031074551543	51.386995238762665	0.09257361897610694
2.2472269328673224	0.00040442516728979517	51.27269984899408	0.0934043169129428
2.247972522157001	0.00036168384525022	51.30696297263195	0.09277664528073946
2.248771064208474	0.0004059611426481968	51.23107134301127	0.09298272293894967
2.249534031421016	0.000337027407968699	51.30091137537888	0.09237361555400742
2.250211265598758	0.0004016556135736981	51.21270509837202	0.09340431841702197
2.251116545332148	0.0005448925166102676	51.08505642352517	0.09298272592157905
2.252328024891783	0.0004619605397461004	50.91045772858082	0.09294709476099845
2.2528074034628243	0.00019466310083089187	50.94913596998218	0.0925430874460183
2.2532436123719397	0.00023012621227863804	50.87663180099943	0.09225990330186448
2.253664693537267	0.0001917084156172232	50.94689382086013	0.09202711634862885
2.2541147179910803	0.00026048276859440153	50.782600492887745	0.09225991113641689
2.25462877538488	0.00022353031396634687	50.81587008862205	0.09312702519842878
2.2550616953269906	0.00022843269465486326	50.803375923017185	0.09225990941588082
2.25548321260063	0.000192004522961936	50.87391443148526	0.09202711802753742
2.2559145513511685	0.00025209829466839046	50.7371783561907	0.09254308251456331
2.2563892596167627	0.00021934138472024168	50.791514820400046	0.0922599053722782
2.2568824063990496	0.00026466077676488825	50.714991288968726	0.09225989886540083
2.2574325230900505	0.000272699701841772	50.71678802137331	0.09175708211991881
2.258003760771371	0.0002941576378086305	50.658604352333505	0.09312702366522425
2.2585720692968967	0.0002581861252882275	50.7215743637037	0.09198238456694008
2.259117875169224	0.00036992839233631133	50.567589695471256	0.09283207299961388
2.2597919271169746	0.00030091543525884504	50.67783598099399	0.09225990668802445
2.260473611669966	0.0003365979276501618	50.61313606372947	0.09225991307299049
2.2611195725994624	0.0003050510364089413	50.6372077626342	0.09198238514478296
2.2617645741663472	0.0003885881522612171	50.542841233735885	0.09198238933759387
2.262535298637551	0.0003285268332187199	50.649496338638826	0.09198238793584636
2.2631882628677875	0.00031186513883081277	50.68406941202204	0.09175707358966341
2.2637771017789334	0.0002960139752825388	50.66343594233871	0.09283208270599587
2.2643859254160468	0.0003074232651642948	50.63436485696528	0.0919824013377837
2.2649452331037505	0.00027446407011218546	50.68393282761517	0.09225990319393931
2.2654859519902066	0.0002276611099179793	50.634246455531326	0.09198238867143295
2.2659003333379477	0.0002210170022938895	50.48604757660858	0.09260331811339852
2.266317886813983	0.00017942603774419888	50.65280860413457	0.0896278452152049
2.2666794420426606	0.00022204652101235763	50.46780163915226	0.09228942252981745
2.267167456247806	0.00022215316343735124	50.47274194800903	0.09153777160741287
2.267596597863114	0.00023473762497596082	50.44209777815861	0.09260330391626337
2.2680743461553585	0.00020996577205759505	50.50426323441523	0.09260330975701396
2.2684969142299067	0.000269744157283132	50.41009210230662	0.09228943795959299
2.2690311049059417	0.0002194294490174977	50.5126570235005	0.09260331576664786
2.269476116553484	0.00023372393389988925	50.50860532855498	0.09198239049013844
2.2699206726744707	0.00020589115052645297	50.45305256093894	0.09229693279038224
2.270272879622315	0.00017744599677969677	50.564730178250976	0.08962784369097734
2.270632571315822	0.00017835864950281963	50.498203285505205	0.09175743301506008
2.2710110211714225	0.00018702523836311	50.4353733432866	0.09198238438147327
2.2713729229726365	0.00017734968873287036	50.52010872397247	0.08946120741989376
2.2717211362060006	0.00017861675356682096	50.454733552427086	0.09198238679390638
2.2721014550238725	0.00017846040440790898	50.52326742972086	0.0902162780887438
2.2724575258387056	0.0001832380097241026	50.44737297956766	0.09198239380791313
2.272810493615601	0.00017992637731865246	50.44885675945678	0.0923760992499869
2.273190562299898	0.00017871565144282882	50.52814622084318	0.08951967255880972
2.273600466794709	0.00024133668331292852	50.3284554500423	0.09198237935284945
2.2740043775426435	0.0001846892451006135	50.49440290175113	0.0905232984030806
2.2744051119499202	0.00018556929855957093	50.43021654925671	0.09198238247411189
2.274752302840368	0.00017877383878502114	50.47069945995601	0.0909135229142381
2.2751537461427427	0.00019818221646619505	50.395654082531664	0.09198240572158925
2.27550802270924	0.00017497059619979956	50.485963931171504	0.09071594292372079
2.275887832645632	0.00019749857527377073	50.39046753570393	0.09229693953551855
2.276268007976214	0.00020290387687960484	50.37810449787922	0.09198239749070738
2.2766596937645067	0.00017450722023423256	50.48093935035874	0.09052328325958477
2.2770023033087283	0.00019490415258140295	50.391119283277405	0.09198239010085338
2.2773828956784357	0.00017526008147830983	50.27020765790051	0.09918181857076151
2.277761070200922	0.00017927676212966235	50.44356448694151	0.09198238754737578
2.2781618259062317	0.00021417003449160244	50.387111874064715	0.0919823886985447
2.2785740030243327	0.0002018293632791143	50.42172690768837	0.09175708141894949
2.2789947971207227	0.0002054448526979475	50.38273045174834	0.09198238360499543
2.279426259431094	0.00022877605593396366	50.33529360901039	0.09261864742680888
2.279816491609237	0.00019433686497625463	50.423265898998025	0.09229696580921819
2.280187025879836	0.0001775871189530895	50.297987340090415	0.09983160096514374
2.280602809064487	0.00023540567813062224	50.362734292815205	0.0919824142125878
2.281052677163225	0.00018412974357991322	50.27194379896858	0.09872139370867566
2.281387705415175	0.00017606318872666303	50.25666230022706	0.0991818014811727
2.2817809992198197	0.0002106715019092773	50.34422131233621	0.09198239712956612
2.2822158937824106	0.00023797184031921297	50.288423817122734	0.09294771225176365
2.2826585983131453	0.0001765793399797745	50.24854490724393	0.09999049497412851
2.2830260301796788	0.00020560617829263857	50.1761496077243	0.09934595878228068
2.28341990142472	0.00020541979404517695	50.176521257352476	0.09918180096881347
2.2838230092410785	0.0001932375236029837	50.287631781344864	0.09629542075117521
2.2842586030068333	0.00020365436889103195	50.215699010174205	0.09918179681955831
2.284627420154426	0.00018604022155361674	50.238587625598214	0.09983159748155956
2.2850266758754536	0.00023438661570688318	50.12370062784286	0.10050260265328718
2.285489052795751	0.00020273688093487295	50.19760084189674	0.09918179571800809
2.285867057374184	0.00018005377601579598	50.247573654656875	0.09918180425070047
2.286219519622195	0.0001928556115228502	50.206608731109256	0.09918180932462038
2.286662929240467	0.0002253359210932267	50.1287347146539	0.09934594233011014
2.287090244501622	0.0002315753003002912	50.11049856815353	0.09983161093994762
2.2875843986322995	0.0001980247732275056	50.18949950636334	0.09918180780849686
2.287961263369272	0.00020328293737784133	50.179189600554075	0.09983161380703369
2.2883554329754725	0.00022106883941274213	50.151424445417376	0.09983159051389444
2.2889138490417222	0.000290880550382914	50.03579407707939	0.09918180619028433
2.289417433865904	0.00022864653830252725	50.12889579913755	0.09918182381481666
2.289845427811733	0.00020882304093008442	50.160423021133745	0.09918182421607812
2.2902594974239348	0.00020356034732145362	50.160297240968745	0.09983161734223324
2.290666427414165	0.00024384128503027183	50.07701284344584	0.09983160039804435
2.2911356442071242	0.0002253854322440997	50.114586252761185	0.0991817971293179
2.2916009892308407	0.00019451908484937306	50.17222954539521	0.09983161315098718
2.2920073372281857	0.00022358861026819445	50.11214044236087	0.09983161120885124
2.292446895014788	0.00023948482712732837	50.075764604731944	0.1011957294798303
2.2928833240067243	0.00018220146896794987	50.25190572811653	0.09744166007470381
2.293276405955401	0.000211202722421502	50.15463875949086	0.09918181014451416
2.293746161675539	0.0002823038372849942	50.02799950816849	0.09983161159913861
2.2942950179051036	0.00023144427632760276	50.12435567272966	0.09918179451651583
2.294809776571031	0.0002712574165109854	50.05470711053911	0.09983161131295977
2.2952611921636	0.000230929954923129	50.12932373665904	0.09918182618647417
2.295758807970984	0.00024599876247772244	50.099089448600864	0.0991818077462418
2.2962198941315886	0.00019712294601190015	50.20793113181821	0.10050262385023527
2.296642570376104	0.00023684967424699222	50.34336104918023	0.09294770503901849
2.2970880981814923	0.00019739389437052677	50.254202218543995	0.09918182901624499
2.297471418115817	0.00017962269804826708	50.25037377604631	0.10050261858968292
2.2978185720140756	0.00017118531176156602	50.271867436107065	0.0991818116295354
2.2981687635194525	0.0001796659969099199	50.26523991972613	0.09918181607399473
2.2985736519348148	0.0002334806176645293	50.16393444413394	0.0991818117332077
2.2990052937092322	0.00017369582437513212	50.28179493592751	0.10050261963647424
2.299338000520132	0.0001752157885748676	50.2830410065635	0.0998315969122634
2.2996572387290257	0.0001688103342916922	50.34805486764186	0.09827856754677995
2.3000356582432713	0.00019671884687329992	50.46838404001052	0.09198240221125108
2.3003998974163444	0.00017940492901094782	50.51637240520497	0.09198239579150139
2.300807324797321	0.00021547941708422477	50.419549296496406	0.09198238767363466
2.301256502103249	0.0002106487277020186	50.41102818769257	0.09229694221335868
2.3016440544457506	0.00016902635768488886	50.3419882255594	0.09887934426603819
2.3020003762700143	0.0002096310795946848	50.40631773393569	0.09198238604366842
2.302365598459385	0.00016710427186566334	50.34865236283074	0.10013822041905954
2.302758722869433	0.0002095933522168013	50.420348150446614	0.09261864917622523
2.30315607959844	0.00018810103330672238	50.46620841257594	0.09229695283481551
2.303520331592052	0.0001938370285578875	50.4508340267171	0.09198237584303874
2.3039451245568485	0.00021065710489838243	50.400644536840026	0.09229694958285237
2.3043479338963655	0.00019444841181027125	50.43740209623556	0.09198239846956116
2.3046961673667585	0.0001835166685436078	50.4768327334536	0.09198239964381173
2.3050826212381037	0.00027927143200175445	50.50045433596242	0.09198238621993035
2.3058108565727697	0.0003436188432920484	50.6401966944116	0.09198239663726648
2.306500802974438	0.0003707143665377083	50.57858426135982	0.0928320755566376
2.30732145212169	0.00039241013645368265	50.55474764923904	0.09225990836804976
2.308077052179701	0.0003959401308036217	50.56154808393217	0.09225990196294653
2.3088216363638474	0.000335422729369655	50.644821802758244	0.09198238795818335
2.309497131500976	0.0003675195948180502	50.60380730768601	0.09254309311594767
2.3102070457812722	0.0003459617176718822	50.63871283485713	0.09225990434092675
2.3108945556515414	0.00031740789709613855	50.663762823856	0.0937354535702957
2.311614403848552	0.00037955163122105855	50.59570947061928	0.09312702031198632
2.3122586172376813	0.0003096735156646568	50.678356743176806	0.09312703211300133
2.312847399887175	0.0002640676376743715	50.73997843303636	0.09254308502206834
2.3133752142962036	0.000284552178696451	50.68507001720062	0.09342810579537798
2.3139043061642384	0.00021643113203617388	50.82289660368645	0.09225991195701644
2.3143350366109674	0.00023186593735513664	50.79902835970099	0.0928320840741513
2.314801073343267	0.00023927402682418332	50.79998429868346	0.09254308579204115
2.315229640871715	0.00019824220166840542	50.8630363592556	0.09254308679864655
2.3156119334029466	0.00018310123761164845	50.88799985754187	0.09198238996296867
2.316009160980238	0.00020170444334885988	50.83450733610181	0.0922599068571199
2.316439081249659	0.00024759036776263513	50.74356003141924	0.0931270251419525
2.3169092166064282	0.00019144475126152912	50.87388575664506	0.09225990879294715
2.3172589465917626	0.00016178810864655763	50.952820095358256	0.09258364783856003
2.317606493309303	0.0001838471359992162	50.893971872952605	0.09312703723608845
2.317971498330586	0.00021758081903205514	50.970756501431744	0.09225990505725701
2.3186221695602955	0.00042027947383593725	50.77676771591261	0.09274296396621731
2.3193962608490812	0.0003402968025798721	50.86104324456525	0.09300601284333924
2.3200807342248213	0.0003117101368873752	50.89764103197921	0.09301329708967529
2.3206671978034414	0.0002832765862537517	50.92749436196222	0.09300601472960149
2.321205090078476	0.00031310472162752263	50.87375003506493	0.09327402565858064
2.321832104125739	0.00025395208684294147	50.9608900037712	0.09354711238472768
2.3223948914135186	0.0003332527497748912	50.85363049248892	0.09300600753933531
2.322980118882298	0.00026016943474878475	50.96965090852835	0.09274296071016057
2.3234538634367965	0.00019483615559626023	51.11076770955311	0.09300601244701326
2.3238514848737672	0.00020778085495323044	51.10706205330638	0.09223125436359211
2.3242655992752432	0.00019696956621309292	51.14385805400699	0.09248473844791515
2.324686179989375	0.00021549005692485503	51.1049529154616	0.09300600705931601
2.325067719767188	0.0002034608385128575	51.13970495305455	0.09248474329141265
2.3254501698651047	0.00016374609160844572	51.27103350420284	0.0913531194601125
2.3258049119113893	0.00018258645548495852	51.19526099543284	0.09223125267266626
2.32620100915563	0.00022437349708417196	51.09243540056297	0.09327402232279193
2.326645799103096	0.0002126572242589869	51.11719802668093	0.09300600999452668
2.3270981973097062	0.00023073320927404148	51.07099279572182	0.0930060102999129
2.3275364932159204	0.0002088135956841083	51.09570637296688	0.09300601025437735
2.3278963461635502	0.00019563930016739973	51.118979526904454	0.0924969818653027
2.328298582444877	0.00016947956652114425	51.17040419372696	0.09223125737174169
2.3286231938460724	0.00016533544044960882	51.169708076787586	0.09300601263281554
2.329006849787653	0.0002192233789801648	51.051627093018894	0.09275276157142129
2.3294117610740668	0.00017583222149643256	51.16169787202825	0.0922312559261596
2.3297904064327875	0.0002135886627409378	51.084315288898544	0.09300601699395013
2.330185966271249	0.00018167761244017097	51.17001306171206	0.09300601361302115
2.330544862167386	0.0001962958802885601	51.12899165104956	0.09274295322526714
2.3310171921728076	0.0002139081914831759	51.04846170981003	0.09439805879059955
2.331420234330068	0.0002269131018506233	51.01106129503496	0.09382539059271562
2.3318333328399685	0.00015706231580920802	51.177453974702885	0.09469270374755925
2.332185966323454	0.00020750954152169016	51.08975754256254	0.09382455849561448
2.3325903756036723	0.0001904738576369178	51.15872857741561	0.09274295645000981
2.332923424005059	0.00017533417187035473	51.17395638477127	0.0927429598737746
2.3332721163699377	0.00017977966970595752	51.140774137847295	0.09274295969149425
2.333666351961433	0.00019091894853679925	51.098229623402744	0.09224583659863556
2.334073658307806	0.00021820653449179515	51.00666349646693	0.09300601260706312
2.334556191175442	0.000270092732877275	50.8746670547648	0.09439805521985754
2.335001646139945	0.0001674929037662022	51.09719480022813	0.09274295272598852
2.335410136655032	0.00024157152128642662	50.94778906178461	0.09274295319911721
2.3358650507032364	0.00020271979189431954	51.02118346605112	0.0932740201362597
2.3363097731130376	0.00023773184312281435	50.93508927946226	0.09300601092196803
2.336786189858111	0.00025293866921278737	50.886356954359435	0.09300600978092399
2.337335998457284	0.00032198277169508783	50.76683557880081	0.09354711996841884
2.337919597495382	0.00024017968639423255	50.897404281354085	0.09223125569260368
2.338480058292668	0.00032325041259658973	50.78896039856322	0.09224583632667896
2.3391411608419266	0.0003100896867509466	50.82219933028697	0.09274294981488206
2.3397494515587303	0.00033917537001054357	50.77821770580012	0.09274295139129245
2.340413438272602	0.0003079795548073454	50.80164111020274	0.09274295848608155
2.3411640908565676	0.0004635734700180305	50.61369509776772	0.09223125057935486
2.3419536094159086	0.0002868096086169977	50.788488281995754	0.09410900234697556
2.3426495463216574	0.0004147143397912326	50.648601195604314	0.09248472964271666
2.343669872609264	0.0005534459652587541	50.5390757827891	0.09327402160093744
2.3445603235513586	0.00039591324032534596	50.69071912101208	0.09274295889513283
2.345428736026986	0.0004973963264392823	50.56798316399791	0.09274295002874752
2.346516115597272	0.0004421777610748765	50.43352621898795	0.09248475020887795
2.346973770059909	0.0001487186092923503	50.42425839515205	0.09175707071083342
2.347265776548542	0.00014861864900148636	50.48558146312165	0.09091350491588475
2.3475741543535635	0.0001511757438760221	50.588325247611195	0.0903353994844861
2.3478959122549288	0.00016081936980566654	50.506696756634625	0.09228943698239313
2.3481979347785007	0.00015420836647404764	50.52896154666164	0.09228942171567887
2.348532810020061	0.00016058369923164432	50.52099448607488	0.09198238887471527
2.3488969225708973	0.00020292094874009974	50.41778243101436	0.09228941898126145
2.3492483526857306	0.00017829632449239806	50.46948053514277	0.09198237894875143
2.349606565792122	0.000165487470695589	50.4965830646322	0.09198238362335386
2.349963306803984	0.00020507127887129124	50.4019811034124	0.09228943644138539
2.35039206771752	0.00021074751210766468	50.39105251416949	0.0922894215567375
2.350808072702723	0.00017442701181675493	50.47122682468176	0.09228941816283423
2.3511837797992974	0.00020126845109490928	50.404150576144076	0.0926033197030785
2.3515679562871914	0.00020636691473528384	50.39788973563288	0.09228942916777526
2.351966436779331	0.00019827027109397017	50.41611054727019	0.09228943061210312
2.352349336642988	0.00020979985684375062	50.39266858155107	0.09228943337324169
2.3527909499524244	0.00020286348827906598	50.411178232670174	0.09198239561181926
2.3531970716025827	0.00021406332726012933	50.38660733738325	0.09267324137810848
2.35358005559828	0.00017185833806382508	50.48923408111797	0.09228943029100793
2.3539236363311007	0.00014985624673456236	50.576088549002094	0.09132421989723957
2.3542850068501693	0.0002208104217611865	50.3852653564318	0.09198240210189214
2.3547333875111547	0.00020865132004679177	50.40184046377553	0.09228943720650226
2.3550638446005343	0.00015818686661991084	50.518313143633584	0.09228943109652128
2.355448672969965	0.00020424057315314984	50.40381054194027	0.09228941866460436
2.3558436102404254	0.00017328704239126947	50.47954405060119	0.09242929869675821
2.3562503684966867	0.00027897165059503275	50.26782739758316	0.09228943875123125
2.356759874250645	0.00020246626439796253	50.40980715925959	0.09260330159348831
2.357179665695714	0.00024191454462968144	50.349235638504965	0.09228943411320864
2.3576296944479562	0.0002170928954598197	50.40302506971727	0.09260329195033909
2.358038827292066	0.0001663485519116161	50.51292955731369	0.09198238111705508
2.3584250693116915	0.0002253519565528822	50.37280366239636	0.09228944033858355
2.3588668921226024	0.0002167635809433339	50.398245999477425	0.09228944303838724
2.359248366796269	0.0001794217335079542	50.480074587401965	0.0922894292053156
2.359624327267122	0.0001858846633451318	50.45798609002095	0.09236115512994232
2.360002262538601	0.00017997303444540513	50.45851312024423	0.09292421279420666
2.3603385036684172	0.0001887392541027483	50.446431080514586	0.09260331768285902
2.3607089295720645	0.0001644678673174622	50.51482072966977	0.09198238329745861
2.3610291363498113	0.00015717620212298258	50.529232719951096	0.09198239008402408
2.36134222859791	0.00014359220539224534	50.57373883176908	0.09182859478672609
2.36163218230624	0.0001437827889431363	50.570433878812246	0.09236116973274892
2.36191392807601	0.00014368954102792012	50.5865026391369	0.09182859478672585
2.362213225836673	0.00014502073502811578	50.57474165452321	0.0922894241740442
2.362491164798314	0.00014492795462410594	50.619875911490034	0.09071594255983181
2.362810631989855	0.00017481397924290625	50.48593142688857	0.09228942673448577
2.363138998141688	0.00015184762465037763	50.596141331507724	0.09021047006366137
2.363477383727853	0.0001785386793504321	50.460178213664015	0.09198238741324671
2.363832604541394	0.00018152740374095556	50.43793366973072	0.09260329261457115
2.3641755758211396	0.0001697094603265281	50.48567109238775	0.0919823929102931
2.3644875469123043	0.00014426327293731503	50.56909155179352	0.09228942976178615
2.3647998627401763	0.0001643475915977229	50.44098461571293	0.09175707239922214
2.36512104632978	0.00014376886329161447	50.462830619113234	0.09078504776895471
2.3654374498463153	0.00017177236426551995	50.331242788583225	0.09229694619344536
2.3657683759268027	0.0001659674260407019	50.35350652798922	0.09229695616690742
2.366078071340587	0.00014515341508939618	50.42226216972667	0.09198239202717268
2.366388679269698	0.00016714704414587403	50.35263356812053	0.09198238260824007
2.366713786040037	0.00014295948025407342	50.415201310996565	0.0920631569579766
2.366991123786224	0.00015446741809012988	50.37820135347093	0.09198238841340074
2.3673383951433498	0.0001769584503895203	50.31621898461398	0.09261866323484488
2.367652622966797	0.0001598818543650407	50.36625556025682	0.09261866023701276
2.367977349826246	0.00014593133711250937	50.430103834916906	0.0924515319860882
2.3682595237803965	0.0001528886096481834	50.26712927943954	0.09785229200143086
2.368588871001559	0.00016912108175908867	50.24964608732821	0.09606238325723776
2.3689326144623424	0.00016673411195061255	50.33969560122585	0.09198238871233487
2.3692496315167557	0.0001463487713105761	50.448966740536335	0.09033538487699996
2.3695709170629535	0.0001816757532157843	50.302412322071575	0.09229696069788607
2.3699228766412146	0.00017281745596631524	50.32022187118264	0.09229696184326167
2.370251526929894	0.0001499426211862418	50.37713896594444	0.09261864930598895
2.370583856792817	0.00014730273654481736	50.228039086280596	0.09872138922841739
2.370865464419895	0.0001895468624612286	50.28872692900741	0.09175706060006936
2.371209652769093	0.00015045270536924563	50.21147605045967	0.09918180717788677
2.371524452692114	0.00014474429619524063	50.22958282768204	0.09918182214158669
2.371853572232135	0.0001751282183614462	50.322806780477464	0.09198238599826986
2.3721528096831364	0.0001481693679866334	50.243907576334124	0.09827855271984678
2.3725127400128487	0.00020586860246874848	50.24621185302759	0.09229694115267513
2.3728963744013836	0.00018615076615128637	50.28854705761305	0.09198239349507764
2.373272420294299	0.0001634032026145543	50.17060255246831	0.09983162311222878
2.3736074627813766	0.00017358650229600073	50.14667828257302	0.09983159141460843
2.3739528266476415	0.00017706782695658884	50.31555323157256	0.09229695011891015
2.374297359713371	0.00016273983632218836	50.184494822437415	0.09918179821443793
2.3746260532226997	0.00017123401008770385	50.163052887378335	0.09918180286995809
2.3749439428705235	0.000146386841654086	50.22634949443754	0.09918181628910086
2.3752527176472356	0.00016488042409119015	50.33945409531755	0.09229693423896121
2.3755718133338086	0.00017335787407745607	50.1479627963995	0.09918179663424989
2.375969383608805	0.0001909348510707402	50.27422276464371	0.09229695630293996
2.3763577304800876	0.00018522677096053468	50.11662419318323	0.0991818163497435
2.3767092145164517	0.0001856302177641698	50.10959188152292	0.09983162460269729
2.377089161411173	0.0001821510259353491	50.12244211639335	0.09918180439651468
2.3774041490819955	0.00017207558951090577	50.146164661433815	0.09918179093413304
2.377778521383516	0.00019897206710993353	50.08384070625614	0.09918183286753868
2.3781773861661564	0.00021009366327757065	50.058879511478054	0.09983160874414895
2.378588005056589	0.00018896069566578296	50.10808668335285	0.09983159964169203
2.378994933753089	0.00019786515751415155	50.08961983754048	0.09983161748498955
2.379370687434033	0.00019191994198700205	50.10464362013255	0.09918182367224972
2.379774136761971	0.00023404578624081608	50.01405406497774	0.09918181095320913
2.380183798315858	0.00017070331492980714	50.14200467919753	0.09983159862422841
2.3805387819593333	0.00015959510660600859	50.17606741835168	0.09918181253856476
2.380936764661452	0.00022958453086534183	50.01686183800949	0.0991818086373962
2.3813453315126485	0.00018721736941864438	50.104911488562756	0.09918182039829283
2.381702102253979	0.00017940605876348595	50.12196011875833	0.09918179555124655
2.3820689639236687	0.00018854520639537047	50.099901870320885	0.09918179818578426
2.3824862953372663	0.00023995949994277247	49.99508272877294	0.099181808430496
2.3829719485054817	0.00023532833153916	50.00396160561721	0.09918180872401303
2.3834107517962817	0.00018469464788748943	50.109595336465034	0.09918182824178164
2.383779984088991	0.0001823602534410985	50.11618952815036	0.09918180634158186
2.3841070206622406	0.0001623688366229389	50.16903670399403	0.09918180509151873
2.384464791830611	0.00018180117861888817	50.12328830886711	0.09918179787339365
2.3847918564158808	0.00015695362495784482	50.18038658219289	0.09983162041085009
2.385140381677222	0.00019942625138626567	50.07976183322033	0.0991818053766766
2.3855444726922976	0.0001986986289584159	50.07365104378661	0.09983160795634896
2.38597418639652	0.0002610587270404282	49.95330530781556	0.09983160992345184
2.386482465909925	0.00024019605396317565	49.99296506716106	0.0991818096899525
2.3869312490983257	0.00018806733004362962	50.0935382057047	0.09983159955479158
2.387345016226146	0.00022811143743869402	50.01907799272683	0.09918181015612913
2.3877999209538263	0.00021169232086691762	50.056655791059946	0.09918180986605268
2.388206395669424	0.0001802416235060308	50.13065589436746	0.09918180394937766
2.3886501721412556	0.00024276816401757863	49.99747183732475	0.09918180709777587
2.389070372200135	0.00022962695508061483	50.017177482754974	0.0991818144883133
2.389539052949289	0.00024898664293694205	49.97704703523971	0.09918180929536022
2.389972884105564	0.00016904527405605852	50.142434737678855	0.09918181836674048
2.3903880539862685	0.00021365134732494501	50.0388382480166	0.09918181070311247
2.3907342616783267	0.00017624913751690827	50.12079986380019	0.09918179989971192
2.3911235495333787	0.0002237268440470084	50.01647749880138	0.09918180892540462
2.3916253068916906	0.00027211835668374695	49.931221916404205	0.09918181185857411
2.3921809495055224	0.0002544176985105576	49.95950803797698	0.09918181290280964
2.3926510873728617	0.000247742202976226	49.98734984347941	0.0991818135153133
2.393175056602615	0.0002298640782051934	50.033059554011224	0.09983161269177483
2.393652102068754	0.0002671265032928087	49.964032508127225	0.10050262132853495
2.3941504167377943	0.0002694777463959846	49.957699425129114	0.09918181593445254
2.3947357508597853	0.00027734216924220513	49.925360104699635	0.09983161474927398
2.3953266581077757	0.0002814707220029497	49.91561344531903	0.09983160864595877
2.3958797058853913	0.0003433172607198384	49.82271846941924	0.10050261670916573
2.3965013082911217	0.00023656859769368295	49.99338547993453	0.09918181208762475
2.3970444155265294	0.00030517488321720636	49.875509818106984	0.09983160958396864
2.3976300829403274	0.0002968545268708897	49.874768022004034	0.10119572871245412
2.3983355278240066	0.0004042881912890983	49.754023543904935	0.09918180325661902
2.3990324707214645	0.00030115322297805374	49.882124118958366	0.09918181021691244
2.3996742462780816	0.0003287851495168706	49.84558304775315	0.09918181208451736
2.4003334152699005	0.0003219984907542163	49.85067653549942	0.09983160763111527
2.4010261156036314	0.00034999784177051663	49.81562954302291	0.09983161263418558
2.4017574083494098	0.0004374140931009737	49.72438453687826	0.09918180790962623
2.402596953697618	0.0003721916470767339	49.79529262262298	0.09918180705619928
2.403279810482647	0.00031383607657246154	49.8685246486527	0.09918181496077334
2.4040244673346054	0.0004005855459311779	49.74712511991064	0.10050262918147147
2.404730503161694	0.00030319314397973655	49.874159606431114	0.09918180787520113
2.405373242877868	0.0003812149602802137	49.761019368871175	0.10050261892252013
2.406117941435584	0.00036246446892932344	49.79296306259366	0.09918180941628411
2.406913496610815	0.0003821878974938237	49.7594023963086	0.10050262564023081
2.4077091426586046	0.00048452369597427327	49.66101911200075	0.09983159837742553
2.4087295384012157	0.0004571742679777871	49.68503638276384	0.09983160152732874
2.40957419335235	0.0004293551028290098	49.71140744734792	0.09983161300292602
2.4105349468574273	0.0005182334590373675	49.633957458257555	0.09918180864766157
2.4115231996522732	0.0004948413027234833	49.63705706983736	0.10119571820011863
2.41253009832003	0.0005398041597028842	49.613815326122165	0.09918180271496456
2.413701870508452	0.0006328593859589289	49.54351461724028	0.09918180569877086
2.414882651498643	0.0005761600972695556	49.58314070502516	0.09918180353936831
2.4161643235346744	0.0006062926266777521	49.554481638523995	0.09983161001234607
2.4172532734168803	0.0005022146690810953	49.64303488784995	0.09918180863732794
2.4184254562480656	0.0005785158092665249	49.57826677971094	0.0998316092683003
2.419393428396547	0.0005890131040871988	49.57745019999336	0.09918180997836584
2.4206528758402257	0.000645063098909383	49.53505414452762	0.09918180242037555
2.421970504091113	0.0005959975034125712	49.56484879947681	0.09918182167781427
2.423472479738672	0.0009245688503856288	49.363852292881134	0.09983160524154472
2.425270692285139	0.0008247650928615119	49.41783871815344	0.09918180862793077
2.426698200332185	0.0006322010153540441	49.50681911727369	0.10265195515283985
2.4281947538626114	0.0007233998598665938	49.46977280913253	0.09983160419896023
2.4296293527236275	0.0007964463984050916	49.43031261486167	0.09918180663491567
2.4312774030826936	0.0008693082230379139	49.383681592907614	0.09983162454351308
2.4332258584118	0.000952371416331186	49.34064417056844	0.09983163222199339
2.4348980895891867	0.000941452709571388	49.34603692549732	0.09983160678239773
2.4367364499495103	0.0009215743063295825	49.36089173848886	0.09918179974552499
2.4385181147076027	0.00079158866964363	49.4248821630581	0.0991818232615796
2.440194989564713	0.0008781718890585823	49.375928318494715	0.09918179779230812
2.441933507574074	0.0008444288243066621	49.389732668539075	0.09918181280583635
2.4438044987400476	0.001019056620644565	49.30062136180271	0.09983159701209118
2.4459251327436524	0.0010612708336724791	49.286095424328934	0.09918181979445861
2.447992266532955	0.0010395627616360062	49.28866701446185	0.09983162594351928
2.449991656138878	0.0008394214068381616	49.21071037122664	0.10923696089701068
2.4515573706178517	0.0008252237359057842	49.203162657499455	0.11197336434625606
2.4532264944934106	0.0008793518030738812	49.184463215388156	0.11057365357686953
2.4549114102630187	0.0008410568298457614	49.20243777293429	0.11057366547457154
2.4564954351170103	0.0009353771483376213	49.160413737488454	0.10923695965019876
2.4589682935941575	0.001317841878116811	49.00586973994555	0.10923697321269397
2.461954906307083	0.0015106903236894054	48.93279229951804	0.11057365191950932
2.464601277078519	0.001026768210469991	49.09817715028701	0.11057366514000244
2.466270180067333	0.0008774189770522205	49.172796122939936	0.10923698509389979
2.468074387519014	0.0009459614361132819	49.31321908718063	0.09983160826193056
2.469496379023344	0.000487521458027431	49.62035287963291	0.09918181939640248
2.4704689914597213	0.0004897747977503782	49.62764022432389	0.09918181300627882
2.471443434319867	0.000460873444948972	49.64650448124936	0.0991818093614375
2.472270083965049	0.00038851101218912874	49.70998174398731	0.0991818115196159
2.473090731407322	0.0004150327944038655	49.675622447361434	0.09918180737972947
2.4737580821789362	0.0003101882195219207	49.79513499080978	0.09983160537680931
2.474488025824629	0.0003863110689573244	49.69808669372324	0.09983161473362698
2.4754319043343798	0.000503384181163869	49.5820814771167	0.09983162386659145
3.540364738985613	0.0010468751405203875	48.2435282857184	0.12357237791431017
3.5424315857543536	0.0015628760939430308	48.302147719718974	0.10595532187706055
3.6043111411629005	0.0005749844361226445	48.40400193339125	0.12094285336342216
3.605784969284072	0.0009823668873773193	48.138171570013796	0.1247478314693516
3.6075619505354424	0.0008560448894602585	48.16528712772955	0.12434629732692086
3.6094291238585874	0.0007306187680154669	48.2104229117073	0.12316892793684092
3.611204959001275	0.0012531317330144252	48.16969044033502	0.10776649003131823
3.7248465062555334	0.0006223487464048239	48.397647240898394	0.1213332291104852
3.7261871998925113	0.0008685804022197232	48.20502280814687	0.12407371866482955
3.7280506122263515	0.0009884238142997724	48.12471886465897	0.12363887093402223
3.7299431074148814	0.0010148761032181316	48.10849470833911	0.12335739564935806
3.731931210652846	0.0010408627132424833	48.09170566290837	0.12320946755346192
3.7341463211948365	0.0009137273039912107	48.18975007698341	0.1217283434937714
3.7356205222582353	0.0006374501319213491	48.35127440386111	0.12133320683631217
3.7370721442417536	0.0007563329095448651	48.27057158319273	0.12253300886077584
3.7386748778701713	0.0009042490184521575	48.17669613072779	0.12320945732484938
3.740278689271056	0.0007207302961597441	47.97765207880857	0.12278535960990586
3.7417775424444417	0.0007781060768663609	47.959353813988656	0.12452001487923874
3.7443223886508554	0.0014281133634077316	48.23731566681159	0.12360765274431473
3.7471190412877378	0.0016849894253357246	48.18338410154014	0.12208468106113181
3.7502886664641912	0.0011445082883774695	48.32606427455997	0.12319403082797116
3.7524250388427522	0.0013433068058339144	48.23137767822223	0.12402633938954027
3.754941292317231	0.0010161805909955312	48.314848660785245	0.12445018660645471
3.7569656395738984	0.0013004289189736205	48.187317230747595	0.12402634547191764
3.760015274138327	0.0013774308246125256	48.197172873627025	0.12360764502111492
3.762308099410713	0.0010276306116715089	48.35212934566845	0.12319403880323626
3.7656021227547467	0.0019830340116323932	48.11312539223837	0.12029760709286515
3.848639566701252	0.0009593761471435192	47.84773614781464	0.12337098521667182
3.850423640528803	0.0007457103521092311	47.9677768825987	0.12307688312285762
3.8518824950530886	0.0006503014629055762	48.047071092826855	0.12366762955764656
3.8535268628041206	0.0009949096992268504	47.926257254728625	0.12258754124749638
3.855333765361331	0.0009446925557946301	47.921831440054	0.12337098136047103
3.8568543491192897	0.000528099685871542	48.123929490088514	0.12366765663174958
3.8580237903941748	0.0005266795646203064	47.95453612845631	0.12278533444413395
3.858909095125178	0.0005027482075409484	47.90214092543818	0.12338414447098404
3.86003875343475	0.0007521723774705753	48.00200070235292	0.12337099412167939
3.862107766033786	0.0009527629121084589	47.912408354847685	0.12337098388795521
3.8633811215877514	0.0004976068815366461	48.18577525443983	0.12307687867188612
3.86450825581838	0.0005865541254855877	47.94597576637345	0.12308341427462535
3.8654299997641046	0.00047275566081938554	47.971060099659574	0.12338414305058008
3.866316120302613	0.00038192092309519105	48.08712603073098	0.12278537892286567
3.8672250084459914	0.0005156383972593148	47.92760425494581	0.12278536680765634
3.8685053125714677	0.0008047107807831962	47.85579456439298	0.1236676531178833
3.870102965829672	0.0006235829902181834	48.03071261939651	0.12366764345260092
3.8713127201380133	0.0006662787732410911	47.99158406355773	0.12337097991199193
3.8726078605148246	0.0007085752066524563	47.962972342868376	0.1230768920904968
3.874322734748247	0.0008822329135736448	47.861910121067154	0.12366764672227862
3.8757518617877795	0.0006375138101553893	47.99809284045736	0.12396695751294382
3.877064428519065	0.0006136757805330068	48.01909029713778	0.12366764811199228
3.878711638876641	0.001004358166198127	47.82284952450204	0.12148189368831795
3.8803047351223996	0.0007178705711186923	47.940718402060185	0.12426886135875471
3.943056139442746	0.00047067602184590476	47.970819064960565	0.12176724765144352
3.944262711990541	0.0006571272483716846	48.01139743452906	0.1230798668700965
3.945528185467572	0.0005990460574842787	47.92664922379376	0.11630413393900543
3.949103404698095	0.0005384409157566408	47.836635530960585	0.12121793568216835
3.9506471720573244	0.0006943416299426989	47.99655332211463	0.12368981027832826
3.9515851161036335	0.0005169066387407082	47.82899239755842	0.12368981136302051
3.9523469812046907	0.0002948606616689649	48.0761426469832	0.12278535269946748
3.9533741359609427	0.0006251014780673731	47.76557660193001	0.12205747600421729
3.954605798982023	0.0007149930323686503	47.69163114121447	0.12308414943063038
3.9562381046235564	0.0007853738758661384	47.65532267067083	0.12368983207455113
3.9574470245929922	0.0005646179256803269	47.83713308426115	0.12094283314538731
3.958716766441419	0.0007082569455635786	47.72974301080277	0.12368980716600558
3.95987400217614	0.00041657792855183	48.01147825574253	0.12094281572193735
3.9608869734814873	0.0005782310732305446	47.894997181107456	0.12121792837387246
3.962164403861568	0.0007206785347871876	47.75564946266084	0.12308416480013228
3.9633484196735673	0.0004491897048151586	47.93690517870242	0.12368981109362892
3.96432651687998	0.0005378193295894586	47.848014831459544	0.12308414538624603
3.9656404076011964	0.0006076930285649423	47.77909839611732	0.12368980758458277
3.9664047595775496	0.0004103604512374493	47.9370920608181	0.12368981305195068
3.9681281399584596	0.0011550946143372577	47.775473078293494	0.10304909438197304
4.018888984776068	0.0004426986945021043	47.84210319422721	0.12335972982454693
4.019669355989201	0.00036299521673908714	47.920725130496706	0.12307130374940825
4.020415225862236	0.0003781320234697605	47.89655974549444	0.12307131060291666
4.021470783854795	0.0006601183802258532	47.67503466075708	0.12147154371284316
4.022499381327573	0.0003292752651233445	47.96847094676679	0.12278539999944618
4.0233269679010775	0.0005320991919601357	47.80748549362989	0.11924311660977698
4.024186396433107	0.0003904799559269306	47.90301536160574	0.12307130860484938
4.025061721767969	0.0004364510114421824	47.85852192244894	0.12307129547978041
4.025986631036798	0.0004666339071306079	47.838016969402176	0.12335971287008649
4.027002310911287	0.0006362476221258183	47.7277108087635	0.12255541974599368
4.028358369840148	0.000634264074783159	47.71501858444857	0.12365060207539422
4.02945076716862	0.00044749758070181177	47.872305917491445	0.12307129996429009
4.030480282205792	0.0006311726924439835	47.690638005408026	0.12307132472430696
4.03151516607439	0.0004300134700737689	47.82732773912042	0.12278535104219981
4.0327756284286105	0.000719719931807857	47.59123144820872	0.12365059891215244
4.033720521246551	0.0003056045416556377	47.997020698004405	0.12094282724720613
4.034444758086917	0.000381364605785279	47.87560088335871	0.1233597195344154
4.035374762641042	0.0005632071536915769	47.715044452423555	0.12147153120633719
4.0364563848115935	0.000592176574959567	47.67971449133253	0.12147153524707702
4.037698574101971	0.0005753041649651801	47.78026765628059	0.11431647930293108
4.086746819199966	0.000473331457746958	47.71549750201183	0.12333099455974297
4.08763310597727	0.00037788888677612535	47.80435365258856	0.12360716865274189
4.08842190590232	0.0004445693080905117	47.72031189658876	0.12473486727231135
4.089413630923833	0.0004569945605488569	47.69986426637648	0.12388563331201917
4.0902722630688455	0.0004695046791851717	47.71523800266908	0.12094284157525644
4.091224320320231	0.0004550931948812658	47.726665897877034	0.1216991853894043
4.092242887316468	0.0005074404848885817	47.683067670103014	0.12144509441089292
4.093000973387396	0.00034658947973700144	47.82327921453816	0.1233310016850963
4.0939622249401735	0.0006118402292720437	47.578293712827715	0.12305704503846986
4.095017180751562	0.00039805743771189445	47.76404543450434	0.12333100026462893
4.09580853113603	0.0005032913537806303	47.657575943811956	0.12360717665643238
4.0969791152617905	0.0005019313560282737	47.66059075449013	0.12333099040536048
4.0977894291715335	0.00038234201950358145	47.78131502200158	0.12360716974919896
4.098666543406901	0.0005263073648880402	47.643669316465854	0.1233309886579621
4.099597158934619	0.0003807538469896471	47.803683455483394	0.12333099622131405
4.100396000583853	0.0004062615172863132	47.80441489429736	0.12305706134030703
4.1014261174797495	0.0006014200493135275	47.66111914168119	0.12333098317414791
4.102671389171313	0.0006778729550278842	47.82299461645581	0.10778872831494417
4.144802441138514	0.00040227423778623985	47.75377230278808	0.12278536472502466
4.145639996490548	0.0003660726454668893	47.7999341516959	0.12147284548522923
4.146502751463485	0.0005539111309310133	47.58421034105167	0.12424362395131003
4.147403518046549	0.0003410656175477862	47.79113848604551	0.12336113705708837
4.14825138563188	0.00046952054988953177	47.677719329508264	0.1209428385911065
4.14919445805492	0.000527061931774834	47.605085611668535	0.12278535948702048
4.150255543537426	0.00045567170836843774	47.67559445174297	0.1230719999847102
4.151050545881679	0.00037320140213985145	47.79796781277129	0.12120675784674009
4.151880076730185	0.00037248924341847216	47.781564902056964	0.12365276902704844
4.1526661911371745	0.00046477183236558455	47.67404495432948	0.12278535079582817
4.15348111818435	0.0004522998986233301	47.66559217480125	0.12336113594038266
4.154486618331545	0.0004975353114285571	47.62387053011102	0.12365276517035124
4.155343203935941	0.0003810817744717892	47.749289767424955	0.12278535583205485
4.156482503357609	0.0006219500280272274	47.54046334276991	0.12336114643296633
4.158257154896546	0.001181435823215152	47.54852257651294	0.1033027775021201
4.196244406244648	0.0005465148144867053	47.696032051004664	0.12399218769985258
4.197691184344732	0.0008484709950960228	47.49486185025544	0.12461200433122836
4.199300274603448	0.0008453331695223786	47.49748563998246	0.12368640306496076
4.2008784263600365	0.0008422669480180369	47.49637968891885	0.12338339234938789
4.202635535560754	0.0006006699682243244	47.636699305526456	0.12430068228135542
4.203791849157317	0.0006610464223647512	47.59272585887666	0.12399216725459929
4.204828697391532	0.0004533826127922961	47.7578757545244	0.12368641352426502
4.205882484565938	0.0006475939135807618	47.60301841493815	0.12368639096398146
4.2077796316309755	0.0012076280229644937	47.59376182083035	0.10438086708998245
4.2428796648143505	0.0005003126328306973	47.5994227527903	0.12396082755677192
4.243886583968368	0.0006027500073217957	47.53061251188488	0.12366312122993699
4.245212465061834	0.000619692569818463	47.5454844804932	0.12307542034273188
4.246573628693657	0.0007207104018769638	47.49854669034705	0.1230754283456771
4.247635742836639	0.00043884090405641325	47.684048405487914	0.1236631073460239
4.248583360406016	0.0005031003676306669	47.601253307099874	0.12336799121390384
4.24976210459716	0.0005946503840381199	47.51198033123321	0.12366309829209762
4.250883076494275	0.0006857916373547364	47.44614071728657	0.12396081016328687
4.252134842640938	0.0004990029952186283	47.60220254339007	0.12175064683823325
4.253217613948836	0.0006544357779356419	47.541214696720466	0.11750875982329023
4.287353317321462	0.0005283040652597277	47.46420993410819	0.12360209267129454
4.28827502700017	0.0003741299431459168	47.62832611376314	0.12144204597001274
4.2891074598593235	0.0004922253706916668	47.48558912112968	0.1216945425273779
4.290116414479992	0.0004826138782135045	47.459268826363946	0.12360211298791851
4.291183487967934	0.0007179234278429711	47.284498004473186	0.12387883670803813
4.2925632159921685	0.0004799058497744321	47.46246846496015	0.12415780737830592
4.293632093267388	0.0006634777482383715	47.59481852850246	0.10402562073184182
4.322027537332571	0.000739508992749834	47.43217406497916	0.1229732745430859
4.323565896975182	0.0008152899885349173	47.38251371797839	0.12373560569397143
4.324928696064134	0.000672068965564551	47.45571349234385	0.12431891063244842
4.326245086055733	0.0005609607144486816	47.53385740404968	0.12412335350014991
4.327465813047158	0.0005982305752724044	47.5077008571197	0.12451562488013544
4.328690664006857	0.0007592414480224661	47.4115628202746	0.12354335437058768
4.330293395275525	0.0008490434898604416	47.50521744636011	0.11202282394489087
4.35723699797331	0.0007254481930650366	47.473659730638246	0.12353517196922963
4.3588402282306395	0.0008167357588197605	47.290670450288765	0.13713350885288206
4.360399843903031	0.0009434423530269811	47.354287666149375	0.12430210621511849
4.362250695061084	0.0010685104004272386	47.15276112938389	0.13776933450697673
4.3645111917873285	0.0010629433506594865	47.53143920671835	0.10487640840601374
4.388905127668521	0.0006474528328245419	47.29403719455773	0.12392135784412162
4.390458228896992	0.0006921855277562729	47.29740900178017	0.12315971167170993
4.391744632306412	0.0006566352195804653	47.36015812725365	0.12392133240935006
4.392846170536971	0.0005413548280854468	47.46251500233439	0.12334853270181599
4.394061719206023	0.0006198190888191637	47.26185965015748	0.136202524117496
4.3952515079347	0.0005250735029713511	47.448280623453115	0.12278535102866202
4.39652129060905	0.0006759445029421749	47.43702093607118	0.11405849903297158
4.4190063929839125	0.0006607346000773361	47.292141133229485	0.12335357034821115
4.420362885687799	0.0006335823533468973	47.318134003013554	0.12373782203153824
4.421639525854798	0.0005879379192414599	47.382738842345105	0.12335360092140146
4.422747666071365	0.0005552474079202368	47.42275338769041	0.12412651670149581
4.423755814099343	0.0006846681333425211	47.34759625917601	0.12432257199648132
4.425772400824002	0.0009540785685746166	47.314660623640435	0.11418541229972529
4.4471792054811665	0.0005012823439817713	47.299796653713955	0.12353323445757565
4.448104181186483	0.00041782800416250083	47.37121115674128	0.12353323795786972
4.449007718253181	0.0004933042835326139	47.301187853573836	0.12334470239205769
4.450053009957596	0.0004921183904438104	47.17180400141845	0.136814333144629
4.450955905497434	0.0004443263722870564	47.251021194061856	0.1328516831449012
4.4519866984702805	0.0005482571427716885	47.25985460267926	0.12334468375715092
4.452868881860379	0.00042491127718733416	47.39335194249009	0.12163116225824876
4.453789244270101	0.0004995065740451329	47.28147673770562	0.12479015017460544
4.474463967410049	0.0005316809500152275	47.1274587998283	0.13528723650515712
4.475267440242356	0.00044224851272558097	47.19858475953971	0.13653666297792458
4.4761875878426425	0.0004744112175625746	47.30706697000791	0.12393835386828925
4.477070999053511	0.0004018775699311173	47.26666827807842	0.13528721100816016
4.478021989289297	0.00043945239126404043	47.230487295319485	0.13622078337790464
4.478842805179515	0.00046055319520846565	47.34295926004977	0.12354956888651765
4.480043514493253	0.0008310678859031599	47.20304940182639	0.11418896393204339
4.499910410150088	0.00042307540103279207	47.22464192022862	0.1339954028510839
4.500973720366387	0.0004428818610464081	47.17247888392842	0.1378078453238156
4.501898020674868	0.0005719234558599735	47.07269636591792	0.13621375985889944
4.5029098939067485	0.0003994130730234872	47.26110045304569	0.13258710934146126
4.503628115784731	0.0003832190991866626	47.371711722426454	0.12316315972698948
4.504748375730909	0.0005061980054648984	47.11705659760229	0.13590206928688311
4.505665610845615	0.000659751025218063	47.20503174788146	0.11690626984886067
4.5242091714237525	0.00045438195750745533	47.14133115123379	0.13608452918353933
4.525237848121176	0.0006159080956326361	47.01255147267649	0.1363651414071297
4.526165209834724	0.00036383967210568173	47.23726483873516	0.1366476147294319
4.527015322955196	0.0004367339330210768	47.235001354162016	0.127588831098098
4.528098007942931	0.0005775991550746363	47.03296818997882	0.13552892808739206
4.529077233754103	0.0005762885407600765	47.254516728452195	0.11543045786265176
4.5458859864644	0.0006300750765666424	47.243434844348734	0.1227853749539714
4.547039413366246	0.0004826618931472945	47.15755347237663	0.13717599958749652
4.5478876488129165	0.0004302733853368877	47.241388085026045	0.13286967072188446
4.548946858850474	0.0009050921334686151	47.07488564727001	0.11827205749199338
4.566041771366017	0.0007670059678990808	46.879410727778094	0.13704852858814526
4.567471297926304	0.000684012722316426	46.93384137021705	0.13669667654235937
4.568972903253431	0.0008999472379583112	47.10258835117172	0.11100817244003189
4.5861972431725615	0.0007664779799814019	46.94642273100877	0.1356540617114482
4.587604000016615	0.0006146138270166513	47.035776877002824	0.13685971607189393
4.588808805668452	0.000868281032199154	47.04262115842487	0.12190825594446822
4.605214944675976	0.00059838705570442	47.18999976506941	0.13666572030014945
4.606420942497973	0.000576291120062364	47.20695313294391	0.13683804972366725
4.607730141928877	0.0009779589009312442	47.18022189981465	0.11727734177011545
4.623708554586627	0.00044382651498238473	47.154373571539665	0.13565570461259957
4.625056353062569	0.0008653259063842232	46.84763201168569	0.13757079849343584
4.6264744156995565	0.000749316393948809	46.976494494263186	0.13020969269570098
4.64199853098897	0.000911297590439918	46.95077434242214	0.13685053459460586
4.64392799729776	0.0010684569108854096	47.03604545275553	0.1223949225453133
4.658456002858487	0.00046408528806539824	47.087842912486806	0.13598230841711087
4.659344562094998	0.0006187225610383013	46.956610795539575	0.13531178647410522
4.6609032708330815	0.0008183915319750723	46.906114182820104	0.1279681392689159
4.675268075085011	0.0005964464066245908	46.963300754525065	0.13651153232809413
4.677003372536291	0.0012367656619246797	46.80925254732874	0.1210526950985283
4.6908260573036005	0.0005855535954331687	46.88580412217243	0.1354713485263698
4.691992057187346	0.00043295331356391846	47.013199903600935	0.13596799116010852
4.693292065603836	0.0006993471723150302	46.85931967956074	0.13045666513508883
4.705957078584118	0.00039325202074869364	47.09600322040561	0.13592760739343587
4.706754089063735	0.00044119239406050545	47.045506558876966	0.1362481236581344
4.707741484416236	0.000592309269882321	46.97240436144079	0.13041272914091676
4.720925597652696	0.0005055263253831394	46.991588808303874	0.1356557067738467
4.722259467511675	0.0009422117689541984	46.96533227057042	0.11353058330409783
4.735070269873914	0.0004954047571538466	46.99209128647834	0.13650994174177256
4.736508786817144	0.0008875633884196279	46.863413746506595	0.12491521624472059
4.750501635455339	0.0013404695527290103	46.815781633520686	0.11271822986631513
4.7634643047558995	0.0005836231265857302	46.81738410752061	0.13724998479890282
4.764667991913391	0.0007239571118401671	46.76907875565968	0.132175880751479
4.777319237284371	0.001253526019008055	46.74054994280384	0.1142487036479982
4.788230362875044	0.000689108490275144	46.736100765468485	0.13662090433621296
4.789828765963559	0.0010127531514453091	46.635713379249424	0.12645593725025772
4.800079346825618	0.0005573711001857197	46.81971386343531	0.137091984172119
4.801275729382142	0.0006628301391752504	46.747887810644585	0.13728930609460008
4.803077797856703	0.000997912123893186	46.73126772089749	0.12096430973119991
4.8120113464108725	0.000669558875788318	46.69802573792086	0.13640628603092825
4.814453275071174	0.0014885544267704493	46.584536127119044	0.11462425118071028
4.82371680478964	0.0005228890366475031	46.7919716696011	0.13585492492325416
4.824778503406116	0.0005389177894803744	46.77775656511049	0.1360320402513757
4.826446094213447	0.0010392147851119304	46.707649172944826	0.11666313913848417
4.834935183698919	0.0006568671671664703	46.69517667104223	0.13827676371317904
4.836168693740723	0.0005008864788098929	46.82036660040761	0.13773885828792518
4.8374942031329535	0.0008906723440847615	46.73357169142149	0.12114357926922627
4.8458786015262145	0.0005180696018251105	46.789123323188896	0.13709940941810314
4.849217260566619	0.005111140867272603	46.76131169635726	0.12044439541393027
4.871658820397434	0.005395521205798739	46.78064561949205	0.1365255707030169
4.900284729463138	0.010219314506620055	46.641637388550706	0.1253989749032591
4.916540986331125	0.00075647102747069	46.72086632847797	0.12642150949356257
4.954007082413856	0.009413733888270385	46.338028795390244	0.12235586269534222
4.976766625470414	0.008592795445433822	46.42751335045689	0.10470143442880785
4.996878841344084	0.004753298493787642	46.66849022499652	0.11877511563090096
5.015960761766452	0.011176357875696053	46.4136830029348	0.1104295290486046
5.047387712545813	0.003022897129416632	46.612782580733466	0.13822862947188397
5.050859012161981	0.0008152206498537578	46.413884893543745	0.14042293928994037
5.05917462441297	0.0037693901744105477	46.416294456780726	0.11721116058980935
5.070772355537817	0.000984932627619104	46.346179893807076	0.13507653678808546
5.078689357743198	0.0036036504107537734	46.328515771584016	0.13265731863722124
5.094134354440397	0.009491302231228101	46.246949003969405	0.13224754231179864
5.132507821490888	0.01492470124554041	46.295556723632096	0.12211860001227799
5.164699822881669	0.016180822606627333	46.04977545201911	0.12647640273165886
5.191596696081184	0.01019749345770231	45.99727932849686	0.12824866750783145
5.21634263130708	0.005235549068794416	46.0406720931085	0.12868359281635147
5.233667799772581	0.009499527170519268	46.03522759707643	0.12964862137908745
5.246198721252718	0.0027904408674770784	46.07095232022289	0.13392945464460648
5.255815304623763	0.0027493070681095036	46.01566751242486	0.13946179224769345
5.26353889914313	0.0025080528029409756	46.2317837501399	0.12393763487205137
5.275904082356909	0.006551407205513903	46.0187808433786	0.1369409868148866
5.2914587886559	0.006377204399332447	46.157848893826724	0.13417676058450365
5.3029903414535795	0.0024477249796944693	46.0590329509348	0.13794359622246932
5.3142688526861885	0.006083929631588327	46.04554481658784	0.11757329366478328
5.344888961480352	0.012137744190034468	46.06561981780349	0.11635291950868261
5.463125523790192	0.01719151488512245	45.789871238884515	0.1422828262914402
5.509683808412653	0.011946805313478878	45.79828879787553	0.13102039773307453
5.546820921640385	0.008577978208065202	45.84997535387379	0.1430163244803958
5.56587836507107	0.009495287798377177	45.794927883582204	0.13407008992076883
5.586845198888282	0.009981577975946196	45.69489436879456	0.14336420894504504
5.63085982421314	0.03414875084930623	45.49053321253477	0.14003282751535895
5.775385506074573	0.042874451116864075	45.266471003932516	0.12350908761243008