-1.0529538226790818	0.43321144657325106	51.45210109885098	0.16743260155648984
-0.711122289222794	0.03943650193191934	51.81110539270086	0.1644491687763388
-0.6303828170379938	0.040932561812417945	51.72235481593801	0.1685145927551725
-0.5222400750216335	0.06381990890747806	51.51092210014788	0.17372605416679465
-0.41033884392881453	0.04932362064582752	51.50414422253236	0.1681394260037681
-0.275706040981565	0.07958749338140998	51.1285530298221	0.19567073083972536
-0.1846597932189355	0.01760058684898296	51.51377387421585	0.16681634855666166
-0.1045262275946871	0.05854011540480007	51.14332115826899	0.16958100268310494
-0.02455297368067655	0.02434727295895758	51.21782958302309	0.1699003863474478
0.02523350463261742	0.025328567953249552	50.8685771396277	0.23519081997743352
0.0731476056663598	0.022682793285921037	51.08878238087108	0.167909074910867
0.11629685949886237	0.020537486034892107	51.0997975794793	0.16645231862126791
0.14468758859067643	0.008244793196535472	51.255529487706326	0.16991673913835412
0.1790213888430875	0.025393625579411314	51.02450103716758	0.1655342691731722
0.21553310292130812	0.011673013882721819	51.13565705192626	0.171939430444684
0.3456787653262787	0.10380507478735125	50.764576606357224	0.1518987907696706
0.4491053139629848	0.010225911976401623	51.056022290208595	0.1679686211204068
0.5034990661533165	0.042103197452691386	50.471039551654904	0.22384879319108897
0.5804642500009658	0.035265487758247165	50.76031246528045	0.1633580781543478
0.6807816137089129	0.06158220173482725	50.558928155823914	0.1719325070955831
0.8457959658708063	0.09516984960988539	50.87203451753479	0.16256880589117514
1.2512110230900606	0.0009677152639288066	52.1414563378607	0.169296458962296
1.2575090465726666	0.0010597588654934998	52.098989099887504	0.16798370643048777
1.263298953447907	0.001568586274673178	51.97380206862282	0.16901515530677175
1.2681862542227278	0.003308870946745513	51.728916646541364	0.17885544686905677
1.2748559205346064	0.003360269610376307	51.72871180058526	0.16303687551341642
1.2787081861327017	0.0005046356443569296	51.89774059972914	0.1660082774714524
1.2847219836581352	0.005474655688777957	51.167547279338265	0.15392648476070778
1.290653642507144	0.0004909445765821959	51.19458709823461	0.17223411285933635
1.2924174564398374	0.0012712823013071258	50.91284752288699	0.17053299623379423
1.2949526072636346	0.0012638829349154996	50.539424479898955	0.22198732424514922
1.2966022402884385	0.00038741270224433333	50.95274252309394	0.1687933512603912
1.2983421076701185	0.0013505231497241118	50.37595304814947	0.20887427589275734
1.3010347892066099	0.0013421756373993572	50.432512217804195	0.16670660207485632
1.3027570242400104	0.0003819610442887714	50.63760663350007	0.1689500442039701
1.3050427648758256	0.001899780106858223	50.29630967414279	0.18003782984529057
1.307883126530858	0.0009436978778396369	50.59432985199054	0.17040545540262197
1.3090140901142755	0.00018824871072852187	50.99242639352032	0.1695190335207452
1.3099543151602928	0.0007513664114739976	50.77393952324595	0.16113574592768298
1.3110799048762098	0.00037471078342968733	50.94248524681181	0.16530048938464115
1.312389416378083	0.0009339565851427498	50.74738434633301	0.1692051271396696
1.313508720627593	0.00018631052086501212	51.12425584045934	0.1719573236596188
1.314253324013474	0.0001859913627974007	51.23001642956864	0.160810051997027
1.314810940027562	0.0003715054217634472	51.0866629469391	0.16171736842395365
1.3153678409347995	0.00018551467065569055	51.22879359657744	0.16502270416287593
1.3158313801421826	0.00027797515401566477	50.990693649445674	0.19494796725480615
1.3162018555873636	0.00009257937602619168	51.39604664470565	0.16746914333083454
1.3170342717449937	0.0007392167859909784	51.00823323933271	0.16069328725982757
1.31814168383189	0.0003686671252343007	51.11430340898802	0.17084503012656038
1.3193382022094065	0.0008272188308849375	51.020293883610286	0.1696611087601663
1.3206230844923597	0.00045820837706859563	51.385398532902514	0.15541393713764542
1.32126410291872	0.0001830130242482522	51.525496526168865	0.165934196439137
1.321721394636908	0.0002742306323052509	51.45557997509598	0.17138381877209638
1.3222695098492028	0.0002738847490954948	51.34913875171142	0.2012703213642783
1.3229992557597596	0.00045570821069558856	51.525416673893574	0.15991130573467638
1.3235457615536457	0.0000910270238070698	51.836190469408386	0.17199550685482903
1.3240006584257742	0.0003637269139646053	51.51820796331176	0.18355287316427238
1.3245459063673586	0.00018163527435823422	51.75981298055949	0.16631722970562274
1.3250904706194444	0.00036281532722891356	51.47275543753005	0.16388265092729346
1.3256343529619445	0.00018118062257559977	51.548487254670064	0.15552589688868038
1.326358471378053	0.0005426363514213645	50.803661304364226	0.2052304589641155
1.3270813845386091	0.00018057794902831084	51.02385882995026	0.1685256147296291
1.3276227807780874	0.00036070595768229844	50.67939040939213	0.17432470700500455
1.3281635029473224	0.00018012856850761538	50.73550761482116	0.16735495412989942
1.3287035527562518	0.0003598094318531484	50.42294233237178	0.1667318667491044
1.3303196844141063	0.0012546553886728404	50.72646995524501	0.16107776108286662
1.3319298243017195	0.000357146396003541	51.56625333584158	0.1588205517262922
1.3323760279718768	0.00008919491110111256	51.90603779282115	0.17110016094811104
1.3328217737062837	0.0003564136452356788	51.874042038320965	0.15682916193119173
1.3335340166553926	0.000355829605901643	51.48746679675689	0.24934092523976412
1.3340674333701246	0.00017769641548342712	51.91395187261607	0.17126032675677133
1.334600195693078	0.00035495712701247165	51.51113379814259	0.2256958524505383
1.3353095303363929	0.0003543778475370533	51.7303694010654	0.17155626965770795
1.3358407720480951	0.00017697231360383394	51.94562233518688	0.16103305630469913
1.3361945725154691	0.0001768282008121101	51.88071076665945	0.16915774644398426
1.3370778147971951	0.0007058757743135277	51.566176265527645	0.1637635491398127
1.3381353398470646	0.0003520795142953817	51.75809091394515	0.1619601260007075
1.3387510423612967	0.0002636855416543761	51.80978174557574	0.16903573912711986
1.3398045057904726	0.0007891400928561715	51.66660546006944	0.1656878979444448
1.3407679409289346	0.00017497586924826325	52.09650194853868	0.16470755526778133
1.3412925515428546	0.00034952926580833477	51.68459508257348	0.22822477214821857
1.3419910480774841	0.00034896755305054107	51.97716357942816	0.17021530163186271
1.3427755161302048	0.00043542222545055865	51.97858227445728	0.17269039804325134
1.343732390144147	0.0005213567073498409	51.94384682723889	0.1840529032559524
1.3447738537912892	0.0005201079612598628	51.99277408051725	0.17261795987481468
1.3459857465857734	0.0006915448403173165	51.85157978195353	0.17825488909499845
1.3472804613494174	0.0006033004977326705	51.96073804062682	0.16210228545985694
1.348227471720544	0.00034399222334558806	51.99430254309929	0.16954068063782113
1.3495155305569675	0.0009431771257381689	51.71572129338431	0.17108230311595132
1.3536967634817496	0.0032270295189248278	51.34473482527894	0.16793965906324984
1.3585105307543834	0.0015957291373535874	51.32457960624333	0.16980977699191319
1.360270659807059	0.00016729210306617607	51.801559993322904	0.1650902373979915
1.3657565052709746	0.005286151109299732	50.903350214784524	0.1614552675158387
1.3736142163031304	0.0025956842801411867	50.75261083076744	0.1691061076714712
1.38766085167582	0.011308831817169707	50.68558396477704	0.1604100413614565
1.426923991620531	0.0019299426037363873	50.517016626837034	0.14928223774984026
1.4308059354238982	0.0016976710773276358	50.59768248135755	0.1497073997735247
1.434096342614155	0.0018171760142033334	50.59383114841079	0.14970740142483518
1.437614083015923	0.0014472632694808687	50.71956400300119	0.14928223561617393
1.440638058449637	0.0015241146883919641	50.65934272150919	0.14970739952484036
1.4437826241125622	0.0016200897777938368	50.59347912471845	0.1501478274089757
1.4466544180374918	0.0014431576873329152	50.6533840708952	0.1492822363670278
1.4498988008741587	0.0019121573359261966	50.53471010357434	0.14928223410088615
1.4535714460662907	0.0014675872165739474	50.63722747054133	0.14970739974198796
1.4566374703307026	0.001988242542827235	50.50188245600724	0.14928223936933288
1.4615475525938075	0.002275596691918681	50.43056831935223	0.14897674535508906
1.465793063248265	0.0024305874660335612	50.367951020618705	0.14970740367293447
1.4699844783778966	0.001812741301582186	50.506207702274295	0.14928223884367778
1.474592506334345	0.00217290279671232	50.43575993294945	0.14970740197509846
1.478658852937218	0.0022258937605429824	50.43856768926116	0.1489767361124547
1.4838375278006843	0.002868172414140286	50.30361651597301	0.14928223892547823
1.489430714641935	0.0029464069473290632	50.28385414800171	0.14970740283791042
1.4945937794662072	0.0030926970823763676	50.27081833927312	0.1497073947537751
1.501485481244234	0.0027237444548968395	50.32409526328245	0.14928223830945042
1.507072121247314	0.0031229186387142067	50.24140159043146	0.14928223208731214
1.5122725692499026	0.002142633796451231	50.39181943340851	0.1492822397369264
1.5173881796718085	0.002624355835863999	50.311394771685244	0.1492822368539537
1.5236890553843194	0.003554002251399543	50.18202307039856	0.1492822359342047
1.52998188407862	0.003256713458014482	50.19858219271744	0.1492822441276843
1.5373881576969106	0.004272569808514666	50.045788391024956	0.14928224262619216
1.5460630450065214	0.004002663858827056	50.074643504294215	0.14970741002543203
1.5529930346777272	0.003216111618498581	50.18343142879034	0.14928223649064026
1.5613936383925981	0.00445077949430252	50.016605283604065	0.1501478461797341
1.5686445765158705	0.0033093466787854843	50.143175560797985	0.14970739912516798
1.5768039280604387	0.004718576534895213	49.977118792868474	0.15014781247089481
1.5842513247293875	0.003287423444259608	50.12472609448024	0.14970740099593943
1.5923973757028511	0.0042421478569547874	49.985172327178844	0.14970739897426655
1.6007493800478398	0.004574835868909009	49.91505339359919	0.15060422831779097
1.6094648348345748	0.004118724117097181	49.96395991215395	0.14928222529650723
1.6167154142981617	0.0027714169873720865	50.12046268134313	0.14970740853758926
1.6223581483813772	0.0034126895612769355	50.031534034898634	0.1492822274262242
1.630340302751133	0.004227472502393436	49.75923380302701	0.15614374728629205
1.6393941268938033	0.00451634062870736	49.904392790895656	0.14928224324366915
1.6489972452941415	0.005048960273759948	49.849167231766266	0.14970739582738446
1.658817647717263	0.004802523266211176	49.85944524357387	0.1492822257895241
1.6678651045561836	0.003896075375370536	49.92890527772299	0.14928223776438299
1.6767985501835478	0.004859976953003024	49.64444965513006	0.15706576427888702
1.684700739126972	0.0033090386614521945	49.80725435517902	0.15706574769018725
1.6915322996656075	0.004330188318311007	49.67317757834332	0.1580365175793085
1.7000998082947971	0.003783749317211606	49.727523854778156	0.1570657539797936
1.709333620477588	0.005396619580489388	49.56390428309507	0.15706574102766419
1.7193916594024659	0.004294375839884938	49.65015051319318	0.15905938552413404
1.7278696786348213	0.004702905939274943	49.629004321838536	0.1570657438278273
1.7370082367396278	0.004157920013367944	49.68255414396759	0.15614376587020462
1.7657507688863179	0.01648894888493885	49.357469230873875	0.16618717556541193
1.800077975601973	0.015235817609121861	49.43091661954202	0.16129996898183396
1.8268025241528445	0.014326536693455712	49.34671839307498	0.1664731700628806
1.852922766105205	0.011804835993938449	49.42500839225468	0.16454581681093167
1.8791870547868048	0.014286427534423121	49.395782810448964	0.16049560867040544
1.9070968193251807	0.014885574305430943	49.323682544871744	0.16281752394498522
1.9302595184776843	0.007055951364372834	49.61374609992808	0.16237353022980086
1.9442985177010605	0.0068315079706417325	49.548912703117395	0.16590480717325987
1.9564334788568467	0.005314718493915629	49.64104746174817	0.16705626005427862
1.9688642024091432	0.007747386740208366	49.475721173727855	0.16618719432265833
1.9827313685106405	0.005002445621946602	49.655166138449005	0.16647315978327454
2.0001888243158663	0.0144165256737192	49.174624893447316	0.16705624127120097
2.0261136837576244	0.010185843839647102	49.31031948221129	0.16647318063396
2.0492128867069614	0.012877647925812195	49.22655901381009	0.163537536048395
2.0778778467452486	0.018082682059794308	49.00397949521264	0.16618717298592744
2.1348382670631656	0.03788759460388386	48.62072587292275	0.16618717512108364
2.244974695962907	0.05880179728617367	48.216430851181656	0.16676285921111025
2.3130851234505068	0.01753470830105426	48.29690529478883	0.16649769432946354
2.354543881206029	0.023907434326005773	48.11732885607939	0.1664977064450598
2.3953410531372836	0.018378399708804775	48.19173859528538	0.16619928089732364
2.4423125687582474	0.023005374639611248	48.0555193067672	0.16649769816742707
2.492293731842861	0.025146837275532966	47.9981119857631	0.16592689329794127
2.5526574741590045	0.042083196257763356	47.89235889580387	0.1565701402875833
3.073822703430876	0.019017278259318243	47.68567348294645	0.17672219187795976
3.096193766760635	0.008956815839947492	47.70105669323641	0.17332998915213926
3.1180031750362716	0.013006202490680737	47.49327522490712	0.17672219838610934
3.1406395505751394	0.009302715023582988	47.630890258465314	0.17644937083384263
3.159091828555298	0.007665862918658669	47.69366825803998	0.1756459914392937
3.1715291152221714	0.006153888544037669	47.77078051626861	0.17564597228371034
3.185222655818463	0.007139741419623002	47.67832030022919	0.1769975268568912
3.20803448647403	0.015707314072110432	47.49821964321777	0.163132255410299
3.4265078502197466	0.007247418577575655	47.518353595142145	0.17588985770230905
3.4504961601851005	0.017421615265560627	47.24339168874615	0.16705821145556612
3.6120661976727955	0.013330670477438765	47.23275006121437	0.16032339473132903
3.731934686984499	0.0087562937341398	47.275267829129525	0.1615936201625721
3.825516605166206	0.005460334882089078	47.279118414516695	0.16975002583459223
3.9367530427126307	0.04600896127795265	47.10443278752236	0.15927090311611805
4.011592044316906	0.011720876013982461	46.90053816409702	0.18014155829451267
4.061472701351978	0.006975794933889353	46.847163258506264	0.1777883408078495
4.111882388933475	0.009298031991874024	46.811702383562235	0.16770217583647978
4.158045950039892	0.023918596727806753	46.73791380462327	0.16145399622279466
4.644393823565679	0.13870263791222687	46.02711286521948	0.16539296168669554
4.85774193776081	0.0319355734721264	46.21355886072406	0.1672815842926847
4.964981270135661	0.04221761773308264	45.68585517867056	0.2520328261283779