-2.0782978159736833	0.42370210973047806	51.44474755413299	0.1176545717094268
-1.6867601173151372	0.08599890710456697	51.64526847921046	0.10660688238787425
-1.4842556492122974	0.10789925839116314	51.51341022381815	0.0986175991878479
-1.3466892671643884	0.0393026724551842	51.773916564308166	0.09409517078576161
-1.2744409903387646	0.03327927106952713	51.9166508769594	0.08822457624135997
-1.2125150133851041	0.028856777326194773	51.86268558188915	0.12165327252792528
-1.1583271386368805	0.02547181861640249	52.056083773935626	0.0909900559361593
-1.1101565487878253	0.02279761229625875	52.02522105623321	0.12494603742915124
-1.0667994034197763	0.020631567175093967	52.19413299138014	0.1006063897628601
-0.9742437795554384	0.06668629445454839	52.0901432814063	0.1013573462841685
-0.8979899051186365	0.013986940260080525	52.63670156508058	0.10515503709853304
-0.8453634838558546	0.03717213908155179	52.55476559119423	0.1070960425875689
-0.7984304707080548	0.011121497935099582	53.02302821220796	0.10083798571912529
-0.7662854989721348	0.020656099146270174	52.949099980088164	0.09856099122768269
-0.7268218722130516	0.0188618671960992	53.02746597676414	0.08770566377265127
-0.6906474184192264	0.017354425002150987	52.94513283542782	0.1003945610631892
-0.6572558023842108	0.016070101243952067	52.92424811744762	0.09969123562091778
-0.6337958507901972	0.0076125238385397935	53.08006928217722	0.10449905902926651
-0.5701786797209087	0.05260190608517418	52.560645247049266	0.11067739629813786
-0.508952281746083	0.011421288246663108	52.86091913150308	0.10732545586228659
-0.47597291518702134	0.021172187008916415	52.714276804444665	0.10920401409542631
-0.39860390128446793	0.05315179823345664	52.45529290887932	0.11546739316299351
-0.33295620969479855	0.01523172239374767	52.737156491306884	0.10497160170946046
-0.2792934893442804	0.010095958550990295	52.87566211435283	0.09657186231822915
-0.21381549867629462	0.052097972075079976	52.3594139773226	0.13135941825765035
-0.120421823835977	0.04201720346939155	52.46465437942207	0.10938749127328067
-0.06772881169000322	0.012405460119255751	52.74789728804618	0.10457117691366545
0.016573830192376016	0.06640848791078093	52.32847738664458	0.11896079346246036
0.0827780590801862	0.004386074563980313	53.020065052786045	0.0982015086367859
0.11244390247960123	0.024578841980159905	52.55354824648767	0.11015723943561744
0.18749774512801665	0.048248560439117585	52.37418746243084	0.10013081051960465
0.34797552535397025	0.10082332377733136	52.02567212672219	0.10090167705085204
0.44945797443380076	0.010683751102554111	52.33796204904658	0.11135023965118516
0.4867723159784314	0.0259521302763254	52.13652222025675	0.10148887458129222
0.6003095606460682	0.07992741352514897	51.736327684630105	0.09557317389379782
0.6740506745335162	0.0003746986602920135	52.7056358726491	0.10898060214508878
0.7393322195408176	0.06028957214557434	51.438968379836126	0.10951191881376676
0.8457419910134112	0.047188093401566406	51.11051805283766	0.1262792728660323
0.8907658065195458	0.00022749246069530632	52.179407619907686	0.10534130125546219
0.9802857671545899	0.0807111503022871	50.683493070895096	0.1425236034092209
1.0872217346329924	0.0316924048446889	51.21747696190195	0.11000087196707323
1.1184849556292253	0.0006733143392845253	52.16219645273679	0.10542475821315331
1.1734355217959225	0.05102297161360847	51.10532927903077	0.20688910901820656
1.2307141933177765	0.00894369690255188	52.05130269698617	0.09843401149992811
1.2488419154519332	0.009176535028662345	52.1240048445115	0.09889747420582065
1.2616189500814539	0.003680420672141906	52.339937552127395	0.10815321824076482
1.268918108111909	0.0036190810001908045	52.39038627840748	0.10707061294939434
1.287012248519932	0.014250994244240645	52.391359855637674	0.08305585634856849
1.5786205391351598	0.018951269572497847	52.09852271343763	0.10198873680527595
1.3236196151143413	0.0018053094672273453	50.62800449016296	0.07137493027683377
1.3265068881732043	0.0012657694991754479	50.84590362788164	0.07039544573337246
1.3289481414197308	0.0011384056081211098	50.940430271160906	0.07039546060783956
1.3314912074695398	0.001471905160103108	51.05030588444214	0.06034455570641875
1.3343472692842722	0.0011919239293958907	51.15446178083853	0.05982684581679151
1.3364678859392665	0.001029191796080405	51.22884557067957	0.05914095210524113
1.33874852718769	0.0012305888829953965	51.12888648567799	0.05982685515860295
1.3412471050009016	0.001275937579110159	51.08159290807983	0.059826831372960416
1.3435950831087833	0.0013452415122843357	50.970397426555394	0.06357155680826275
1.3464007831783291	0.0012569019487448947	51.03638189709305	0.05947980838158248
1.348705286129216	0.001060037720213879	50.918547813336886	0.06974528542681016
1.3510843382416533	0.0013537710491648247	50.77199469195711	0.07238147340319245
1.3535092204091745	0.0011345984001064078	50.84284834931006	0.07137491990033921
1.35596350839033	0.0011204104732296452	50.8414823492426	0.07039543956812268
1.358202445243031	0.0010409854610552247	50.89767137394238	0.07039546311221441
1.3604106123221615	0.0012690773843231059	50.82798022704197	0.07238148923452566
1.3625807425379726	0.0010746823293703205	50.91475068084114	0.06974527546037017
1.3647477208669285	0.0010521476790336256	50.86439068249578	0.0723814641496681
1.3670597179297508	0.001261191935201221	50.76739558112218	0.07039548109633537
1.3696994227072674	0.0012157919630405233	50.75472416681675	0.07039548234826684
1.3720829208199883	0.0011884847479346262	50.73645061135959	0.07137492290667005
1.3745467652773906	0.0014543318519969096	50.70602930640822	0.07069110147691665
1.377568111772866	0.0013293026404466665	50.7991595672705	0.07039546378346223
1.3800416775025244	0.001107912897192787	50.86414129961587	0.07238148728954988
1.382556222226316	0.0014314218266954187	50.72601558099949	0.07238147394190883
1.3852894816137649	0.0014005856800681086	50.71838733166185	0.0703954629953057
1.3884868272931106	0.0016307693251714434	50.623114981613185	0.07039546751439944
1.3914884721469545	0.0014920568648156202	50.62497242704391	0.07238148265867621
1.394348237885892	0.001348485811115823	50.66654486254267	0.07137492705116644
1.3975435672376497	0.0018113604877241418	50.53524139560372	0.07039546336738205
1.4012250072677508	0.0019575942631996804	50.50080325105723	0.07039546399338258
1.404656081802887	0.0014666579248154546	50.627514353697045	0.07039546080505392
1.4077698149050362	0.0016204759857571954	50.593353197901955	0.07039545483020353
1.4108854221125282	0.0014938488394160752	50.64222952217545	0.0703954602998507
1.4133851331174914	0.0011523687252727917	50.75748302211936	0.07137495382931464
1.4165320481078354	0.0017491234919260838	50.588479393886935	0.07039546559504417
1.4200061929067755	0.0017166919581535147	50.58760162716755	0.07039545520939852
1.422845156228717	0.0011743106303241896	50.713514855361225	0.0734161813918447
1.4254864065070334	0.0016835436150483888	50.55401486205042	0.07039546585848037
1.4290019358467194	0.0016024471975634013	50.5529728593025	0.07039546707763168
1.4321721742770708	0.0017739051208242474	50.48855646656419	0.07039545782628968
1.4359001306391568	0.0017879205055884755	50.48037638453529	0.07039545158562258
1.4392233224414352	0.0016954700088377278	50.500398494599246	0.07039545545000703
1.443143442608948	0.0020213831187950054	50.4215106855294	0.07039546190639771
1.4471675081332476	0.0022175449058871475	50.38296321098788	0.07039546353184521
1.4511827990470538	0.0015367439508107282	50.53799442171949	0.07137493344082692
1.4545188655292793	0.0018992424778934308	50.45232212583521	0.07039546006978672
1.4581838196156849	0.0017231341532806398	50.49473209193693	0.0703954672924836
1.4618181042707785	0.0015484339122710878	50.56008652833833	0.070395452724238
1.4645429668614989	0.0016874644951829765	50.54832402442425	0.0703954549421876
1.4674860350703687	0.0014077763490075422	50.641659943485976	0.07039546306973739
1.4707175954388017	0.0017668721515451565	50.50392863444154	0.0713749356135395
1.4741242415271574	0.0016001744908696785	50.51831842719279	0.07039545793196696
1.4771242030768088	0.0013768781138540714	50.582830488109316	0.07039546020634156
1.480138720831966	0.0016074461869038357	50.514898293963974	0.07039546247568636
1.4835713203012804	0.0015149064393765103	50.53429286185724	0.07039545296426153
1.4864117204853733	0.0018758774179294523	50.43488342087932	0.07039546953882199
1.4908392333855216	0.0021010977749994523	50.368606470416765	0.07137493426628537
1.4953860576905649	0.002220562241891102	50.33730558338871	0.07039546173315987
1.498997961818546	0.0018026683355741458	50.40191803993131	0.07341618178102352
1.503563257275321	0.0028366312209500977	50.202625223243835	0.0723814793728461
1.5091970454535566	0.0025577179417346327	50.24821613738685	0.07039546586004193
1.5136813132611404	0.0021316712745302743	50.320748315348325	0.07137493241685094
1.5190443219693355	0.0029929557830204122	50.173490333609664	0.07137492287192597
1.5247939033383069	0.0029390632709858735	50.17962996832763	0.07137493069499315
1.5302127438795086	0.0025438686955895945	50.241390179243005	0.07039546006515132
1.5349329453519862	0.002046647555753322	50.33028908098305	0.07039546189874718
1.538375083093842	0.0012930613008580887	50.60956658294755	0.07039545681034196
1.5402657446002113	0.0007304015747703674	50.907812135961294	0.07039545167726348
1.5416859820533737	0.0007712151147249249	50.91374805948722	0.07039543541431177
1.5432332758897072	0.0007342898772851154	50.92124283599701	0.07039545278005413
1.5447019016980266	0.0007633545463171838	50.89155129058417	0.07039547897692108
1.5461731228031905	0.0007293360729185687	50.88864609933895	0.07238148435477064
1.5475992713465352	0.0006818242632317161	50.91935201715182	0.07039546655033972
1.548930796109577	0.0006260078126234404	50.95158165332616	0.07069110165430258
1.5503703497779784	0.0008132342387757179	50.833442848407024	0.0703954797227487
1.5518399018081321	0.0006342402823974486	50.951647087659815	0.06974530179841784
1.5532129506204522	0.0007188462397106362	50.86672205348381	0.07137493478996905
1.554781431098221	0.0008370688229164766	50.763946422617884	0.07039544136511527
1.5564842786941184	0.0008129176148816197	50.73857394778526	0.0703954398598761
1.558011643154969	0.0008296422759609502	50.736898360904846	0.07137493069476125
1.5599724100643388	0.001062225929035217	50.65139971609106	0.07039545835118322
1.5619825692527167	0.0009166679555714774	50.731811088175576	0.07137493296749635
1.5635584127302826	0.0007925346341022297	50.81777956363118	0.0703954726218634
1.5652465125486719	0.0007341015583219267	50.829977136194174	0.07039544583468005
1.5667194357778251	0.0008467556219620321	50.73211432882514	0.0703954579217056
1.5684980533752364	0.0009245187657269132	50.67587333854761	0.07039545711671906
1.5703883608713223	0.0009371533891782066	50.68784138571823	0.07137493420122386
1.5720975576910032	0.00073682720175395	50.810155290189904	0.07039548463330791
1.5735639950830256	0.0006894800041089647	50.82797221128298	0.07039545035503644
1.5751313831631248	0.0008269833491646061	50.73243824906862	0.07238146635624935
1.576430495924764	0.0006134003457706141	50.91849509037094	0.070395450985042
1.5778543444303683	0.0007341387074104917	50.89024194788488	0.07039547264201979
1.579026448053135	0.0005910909836647302	50.97990174898593	0.06911704421590006
1.5802884049643178	0.0006149504031831887	50.88017367374979	0.07039544130418295
1.5815675690986815	0.0007220932762178561	50.86553267339321	0.06382105652480295
1.5829446627846087	0.0005880929092564105	50.872243070399854	0.07039544239086296
1.5842736352534386	0.000736037677730568	50.96679016774469	0.06087221191897736
1.585655967078193	0.000607396840436813	50.929181498445544	0.0703954686020735
1.5869194418086268	0.000610211784760014	50.9593370878913	0.07039548429276839
1.5880216894425028	0.0005846838459936602	50.94730725245897	0.07039546661679202
1.5892828649288029	0.0006262570790819075	50.88266874818992	0.07039543966986732
1.5904631774713616	0.0005700505423334617	50.918885123481935	0.0703954646563964
1.5917806963536714	0.0008139936511069466	50.77938700702346	0.07137492932598799
1.5933718018878842	0.0007444661525534939	50.995821159019435	0.06034458490106956
1.5950155366915133	0.0008416646836719508	50.71574296150274	0.072381481160073
1.5964470388707908	0.0005700901889042468	50.86334741338994	0.07039544153500427
1.5976192364945285	0.0006735516419266798	50.94943267051224	0.05982683619453804
1.5989375289013965	0.0005757392499832845	50.89081000775193	0.0685095530751967
1.6000319465032649	0.0005920632244275346	50.88844119645046	0.07039545463567895
1.6012388323372224	0.0006635303823925231	51.05245756214656	0.05982683560735554
1.6025351554968805	0.0006151667635229032	51.08738449001783	0.06087220810162695
1.6039135017361315	0.0007134020083991766	51.03648916138221	0.06034456124930363
1.6051425995083652	0.0005939193694347777	50.99233350417239	0.06680131903696956
1.60650176440522	0.000715729318171966	51.01116980258493	0.05982682180753448
1.6078654166756736	0.0005574787363850064	51.135633845830164	0.058809893263427886
1.6088984138729618	0.0005724797823772171	51.10131226232829	0.060344582445538815
1.6101352100292121	0.0006717818445521246	51.02727627682423	0.06087218176095119
1.6113987943216699	0.0005562078938407812	51.09799971158215	0.06034457534277291
1.6126953966966362	0.0007163833873665571	50.97417731635124	0.059826831323321804
1.6140462225852266	0.0006367197301747559	51.01481594893711	0.06034454726826008
1.6154314577556745	0.0007161728092370735	50.97349118252762	0.059826834221618296
1.6167567120335915	0.000613518981621546	50.892465233990684	0.07137494236152561
1.6180246512319945	0.0006884631352255678	51.027781169433226	0.060344555842806645
1.6192570192013365	0.0005791783330085503	50.91005747321502	0.07039545326651796
1.6204710638668824	0.0005934577239838486	51.03232610767091	0.06087216020162901
1.6217155403511547	0.000721735366022008	50.90658673684592	0.05982683865807915
1.62308920668061	0.0005877840754569974	50.83104541273437	0.07030026151877818
1.6242904996512368	0.000664945473344359	50.94367209880606	0.059826850190005644
1.6255764661422638	0.0005509118341013044	50.856000955449915	0.0703954525844167
1.6266434624626867	0.0005453808243764313	50.8642113315054	0.07039546633189281
1.6277495310913188	0.0005544149398480812	50.85873103311358	0.07039547855572907
1.628935941105239	0.0006578707727765136	50.78549508754443	0.0703954762784788
1.6302994259868593	0.0006029709403079572	50.80780251278041	0.07039544072337191
1.6314789000045826	0.0006147674844346938	50.78827207333117	0.07039544934555367
1.6326345703858152	0.0006162251754137965	50.80698858263416	0.07039547087575193
1.6338981560031562	0.0006894411286063669	50.78028640910848	0.07039543942801109
1.63526051443893	0.0006063648469284044	50.82262013559431	0.07069108757877678
1.6366594533472012	0.0006881343965611242	50.73472608318794	0.07137493272071267
1.6379439751970433	0.0006626891146017825	50.73850911694073	0.07137494627499545
1.6392409480170873	0.0006221460526902698	50.75545459586842	0.07137490993670718
1.640752575105411	0.000990154442185373	50.55555701177912	0.07039546545149938
1.6426256766970002	0.0007442032892758003	50.6698003076554	0.07238148243433527
1.6438264221826773	0.0005302495686108908	50.82615247431759	0.07039545979988732
1.6450739288604546	0.0007249990889884949	50.68046757272117	0.07137493167868281
1.6465035465955598	0.0007106393805819814	50.690614901215866	0.07039546060747699
1.6480498247680588	0.000894092991245319	50.590954438343076	0.07039545362712377
1.6497352817931972	0.0007677843300614544	50.65647470873316	0.07039545926850152
1.651153611943246	0.0006467858521785088	50.73014739806101	0.07039545638365247
1.6526578667249836	0.0007911721759616584	50.64086796855554	0.07039545637576376
1.6542020369874846	0.0008432750242415956	50.60623985594185	0.07039546059760407
1.6558052190547834	0.0006809267294870868	50.68860971988056	0.0703954392979958
1.6571746804736691	0.0006115863541545961	50.740625276911935	0.06974526282349856
1.6583592294512808	0.0006701355922455178	50.692730581007496	0.07039547877813548
1.6598949093694053	0.0009435882622376514	50.54629472172649	0.0703954597695675
1.6615408882374696	0.000796364666142944	50.63711323723868	0.07341616995077828
1.6631768104105056	0.0006214415595312325	50.79987305841859	0.07069110223625613
1.6646630348109193	0.0008279915338265591	50.661916969504865	0.07039546433528206
1.6661270188986352	0.0007231277206267157	50.69234516665836	0.07039545970391091
1.6676545363688489	0.000796640361076532	50.626869377727	0.07039546203882797
1.6692354298102459	0.0007492277892326243	50.63500631421473	0.07039545951195264
1.6708238019004529	0.0008182162851054772	50.58252470282683	0.07039546483363504
1.6721467855280505	0.0006294368368456894	50.7022868583901	0.07137490895976992
1.673668313939073	0.0007800596896097371	50.62762104752704	0.07039546331223602
1.6754031025262701	0.001035621998664074	50.48171362903985	0.07448014354272435
1.6773039580710656	0.0008386396721016924	50.58231453811011	0.07039545469302437
1.6791261701632216	0.000909197307926308	50.53698588972007	0.0703954639181857
1.6809942414027683	0.0011035010037066908	50.448201254253135	0.07039546311692504
1.683202992313903	0.0009594039799254085	50.503646161034766	0.07039546407622019
1.6851011363536166	0.0010565864725172053	50.45829216816031	0.07039546957895286
1.6871928262863614	0.000968806852386592	50.48652934756852	0.07137491971182967
1.6892835349864213	0.0012146895666036346	50.38981580828266	0.07039546826921622
1.6915298207705212	0.0008116140195515128	50.563377197074566	0.07039545307976094
1.6932647524220206	0.0010924756773534516	50.43331657021533	0.07039545042071237
1.6958310600862634	0.0012945158662084272	50.35769121974552	0.07039545349524007
1.6983291463878911	0.0013774443769622754	50.322511450991456	0.07137491922608688
1.7010383629377916	0.0014454651101161449	50.30365169199466	0.07039546053498075
1.7045663521126244	0.0017498635652758454	50.210899028800604	0.07137493109432773
1.7070825547048563	0.0010495824726861568	50.4357593530309	0.07039546370785181
1.7104189938238605	0.0018961551600604964	50.17674277043494	0.07039545116488893
1.7134580357017721	0.0013046218007912028	50.33690172148148	0.07039545592612348
1.716149603374059	0.0016289911500251178	50.238013100137664	0.07039545217552308
1.719118547332555	0.00133079294340352	50.32274695573446	0.07039545260687953
1.722298751509178	0.0017527828079346292	50.194579072420254	0.07137491752895134
1.7258484484029013	0.0016387435652693405	50.220852914348576	0.07137494541348285
1.7290855726045884	0.0016925944452577631	50.20130692092755	0.07238148103550654
1.7330517298129788	0.0019961302361318316	50.14100400431824	0.07039544539633112
1.7365539003274286	0.0019817204460530085	50.14258129373345	0.07039546018081097
1.7413425853583855	0.002357121827813038	50.06016075885947	0.07039547739207064
1.7458901295374425	0.0022031581909215483	50.088311418721304	0.07039544069304933
1.750786384540833	0.0030506278816312435	49.928758585520775	0.0734162042189957
1.7565261114443438	0.0027665375055772805	49.97634887294552	0.07137492285289423
1.7625777270311682	0.002984959944825022	49.94238184236506	0.07039544868059448
1.768520552476385	0.003113203184474044	49.91730456113501	0.07039547084854837
1.7745853426425466	0.0033516913823212653	49.866528945129375	0.07238145939480445
1.7813326509186183	0.003171239772360535	49.87187259972516	0.07238148951764936
1.7876162819591899	0.003077366235259731	49.71418835820957	0.08397145636213946
1.7933607155194384	0.002393530551689013	49.810184095606544	0.08583060206124056
1.7985817353725293	0.002779124635645019	49.92532708577528	0.07039542160331573
1.8032915861393322	0.002328289339867733	49.805298666773304	0.08776576461458149
1.8087114025255262	0.002889553164078811	49.899690106832345	0.07039546400793388
1.8140820576874435	0.0025832928542946776	49.942356410103216	0.07039548473688581
1.8194313469304821	0.0024812920895465065	49.81773015767088	0.08049631067277027
1.8243326565997735	0.0022161871667350425	50.00209502053593	0.07039546993196534
1.8284656283119218	0.002166312646666925	50.01151213903298	0.07137492599352342
1.8327676848897252	0.0023282559427223017	49.989421132213614	0.07039543955834286
1.836843422579517	0.001842244458105921	50.09042075868513	0.07039546352983292
1.8407613133912764	0.0019412019541703157	50.055914921191075	0.07039545316477
1.8451991151254135	0.002431836865622665	49.94669210706971	0.07137492686826158
1.8493093052248095	0.0018946080974200279	50.05686682364206	0.07039546396855394
1.8537539546364494	0.0022122302119371956	49.99240062596672	0.07039546778453432
1.858050566962391	0.0021499787542576367	49.9985019434951	0.07039546369529294
1.8617290324760336	0.0014185953430952414	50.16837059479771	0.07137494311292952
1.8639669841327826	0.0009830128719652555	50.325257396479664	0.07039545748220707
1.8658779850657055	0.0008251167540909665	50.38830251874106	0.07137492975800924
1.8673594609740836	0.0008949339959667813	50.35799763113971	0.07039545190077338
1.8689172462158152	0.000553219283733902	50.56622008163629	0.07039545513040214
1.8700831221084255	0.0006191374225944785	50.51413013308664	0.07039545884849444
1.8713802978773255	0.0006725973169788435	50.46572500902525	0.07137492858734101
1.8726925838636836	0.0006569313686512148	50.464244395604005	0.07238148513883334
1.873854295280667	0.0005268612188828157	50.55699251916295	0.07341617332684415
1.8749279767453026	0.0005184820455332639	50.583375362381794	0.07039546265396252
1.8759189803682463	0.0005255394255749717	50.57601265484547	0.07039545655698336
1.8770685830426694	0.00047015034220894463	50.614077971408086	0.07137493468188424
1.8779715532013437	0.00048967456675701	50.594068824957574	0.07137492929276111
1.8790129122355552	0.0006468558827753646	50.47540302186568	0.07341617043420313
1.8802021517625225	0.00044054722224007184	50.673915011923825	0.07039546583425936
1.8810777011726099	0.000480950778326494	50.629780103575854	0.07039546480720205
1.8821116476283979	0.0006300731909079792	50.49442484486195	0.07137492636658072
1.8831408231494093	0.000355386045991226	50.728646640723625	0.07238149765222769
1.88418835279753	0.0006316867868064241	50.48395101969483	0.07039547080777057
1.8852852007879564	0.0004953202391860376	50.583899676499954	0.07039545935196001
1.8862103483553934	0.0004615067107191023	50.613503425386526	0.07039545834057552
1.8871782606344876	0.00047194826960534963	50.60194353744384	0.07039545555476574
1.8880833657483624	0.00046352640251204206	50.598259084999555	0.07238147813297471
1.8891076375732008	0.0005086779237499144	50.56302354040117	0.07238148380432402
1.8901112728997178	0.0005257305950354786	50.56520798261338	0.07039546197333366
1.891152371798024	0.0005136755353140647	50.575889283198656	0.07039546748439052
1.892117281845654	0.00043372751782766005	50.65042790723899	0.07039545900939795
1.8930483719835547	0.0005629211059993115	50.53853838260659	0.07039546465395187
1.8943149344812553	0.0006504099797040722	50.47390661994689	0.070395466900656
1.8955148133774185	0.0005214801049775062	50.55976816152523	0.07137492626645259
1.8966081504212104	0.0006335174983639653	50.47630439111638	0.07039545341753253
1.8979326436134147	0.0006629160443619735	50.44958056650706	0.07137492831973287
1.8993334146014587	0.0007271382661797512	50.41393714669489	0.07039546691468457
1.9009352910420902	0.0007622398391879124	50.377818431218564	0.0723814863832418
1.9021868482303337	0.0005955173783190077	50.48726184092209	0.07039545626351013
1.903250274873103	0.000517247496547155	50.546873988056895	0.07039546564519593
1.9043022835803878	0.000565059792066516	50.507095503225194	0.07039545468220379
1.9055276976118047	0.0006431777138191145	50.45179699903892	0.07039546698842673
1.9066849736631284	0.0004879528472522113	50.57341825924731	0.07039545386853864
1.90776808342403	0.0006054138624304248	50.480820042142376	0.07039546441247994
1.9093184972856851	0.0009438483347174873	50.27450758696696	0.07238148295869662
1.9111055117662687	0.0007869285718423799	50.35486992648589	0.07137493461987877
1.9124785644933617	0.0006659663903181279	50.42391117468895	0.07137493175533857
1.91375883668279	0.0005566647026027288	50.50053280238826	0.0713749318371403
1.9151364443178165	0.0008070809033804561	50.34597135019207	0.07039545914629579
1.9165954471198507	0.0006875495984544591	50.41738317376033	0.07039545853183075
1.9179053336673737	0.0005572522084008006	50.51012425824531	0.07039546276936032
1.9198351270213856	0.001256902002416935	50.15314000932173	0.07039546120103193
1.9216578736148973	0.0007314903959776253	50.38391191796757	0.07039545443723977
1.9233062887465644	0.000854305856381832	50.30689266983178	0.07137492028154001
1.9249116713735772	0.0008821716737971005	50.30548042525001	0.07039546527080243
1.9268022741447572	0.0009657548989756359	50.264356568343985	0.07039544929675148
1.9288170419353776	0.0010185973531341565	50.2385485519022	0.07039546712106982
1.9311356403392252	0.001252085866065704	50.14836891107631	0.07039546216144946
1.9330055916293245	0.000754938472407396	50.3650308497797	0.07137492652403626
1.9346979344555673	0.0009617200637714214	50.26457112104321	0.07039545803614417
1.9369496362978154	0.0012073110464777788	50.15267456372203	0.0723814823896273
1.9394734996838505	0.0012892839404233499	50.14348526851069	0.07039545013886782
1.9415498878947017	0.0007498443772900131	50.38541081035888	0.07039546989008263
1.9439878688039525	0.0015984614597795014	50.05411268536595	0.07137490417193168
1.9468823001821238	0.0015983393173430393	50.02552336442683	0.07557451992612464
1.9500950544901452	0.0013831540045079577	50.104868281756545	0.07137492845823183
1.9533895943555477	0.0018483214238671562	49.97790072973868	0.07039547449584495
1.9565293250016238	0.001398496411483617	50.09658015055239	0.07039548390611373
1.9599046322024753	0.002036639047118437	49.923855251466094	0.07137491728984469
1.9637810973249044	0.0016849217966617047	49.9950866944758	0.07137494499716301
1.9665899718935702	0.0015412809726970923	50.03751313757536	0.06974527652459839
1.9697071715487906	0.001349111743577741	50.07085974967594	0.07039547463026775
1.972398932812229	0.001338419423964914	50.06796669744614	0.07039544969829985
1.9754102802155067	0.0016057697096053826	49.97907712600044	0.0713749191929002
1.9789972924813497	0.001839963368672235	49.92494300800485	0.07039546892420422
1.9824352050040799	0.0019834099622483294	49.8861365822059	0.0713749341451716
1.986607567338458	0.0017373056371373964	49.947039507220836	0.07039548010850144
1.9897777600816824	0.0014652224908554216	49.84594392128286	0.08397146103433507
1.9927298441776478	0.0014440535047099007	50.023361094506335	0.070395484745936
1.995259785661687	0.001232231342398503	50.090211219172915	0.07039545417936785
1.9980825780405163	0.0015480786739064684	49.99023334163658	0.07039545259930077
2.001240962090381	0.001774115515375333	49.92467454177623	0.07137494018301446
2.005265284352479	0.002037384297353526	49.86293288182414	0.07039545264332846
2.0088091086958597	0.001700129577542911	49.92918028971374	0.07039546539074741
2.0121557033043063	0.0018393160920077236	49.84035780516799	0.07402323506685958
2.01605587701804	0.0015040719252084188	49.98034153211498	0.07137495945327743
2.0189478199575994	0.0016194086065010628	49.949734489422696	0.07137490462699529
2.022283868757577	0.0020674847736058383	49.843652644341496	0.07039544267165503
2.026223617215096	0.0014676021104999821	49.80847960921454	0.08397143646603451
2.0295209790801874	0.0019444812837148197	49.85098356123234	0.07137491183932645
2.0328796047896933	0.0014092003775390816	49.808621903040766	0.08583063157741194
2.035938949994539	0.0014013439390946011	49.808042478878534	0.08583060316293609
2.0381635050018216	0.0013719065044015316	49.8241819610506	0.08397143804230185
2.041374994594997	0.0013827065009732696	49.806494872389145	0.08583064207828801
2.0437871153076363	0.0015937602929060604	49.74665907338671	0.08397144410938726
2.047557976990209	0.001555802652568045	49.75532670687694	0.08397144728460997
2.050226928868626	0.001404841193894579	49.83654797432426	0.0804962962449838
2.0533398041057893	0.0016916835693881124	49.69229709558608	0.08776576880088369
2.0567302418690243	0.0015457985232037138	49.74243005508748	0.08397147755309853
2.059673678490059	0.0016128382733465929	49.71430122364223	0.08583060187373663
2.0629165141709125	0.001701849251249832	49.69094938395358	0.08583060165780985
2.0660661889352534	0.0016090242370570018	49.72350210705224	0.08397148033946508
2.069881261260143	0.0017146859469960214	49.68470515895072	0.08583063561166741
2.0731080949654386	0.0016059428354528369	49.707365487576226	0.08583060081682495
2.0759785958975403	0.0015040299024828322	49.73884532606932	0.08397145969468502
2.0791200631196727	0.001639154498192855	49.68757384055837	0.08583060250144207
2.082338499415581	0.00144704091828913	49.74595814586145	0.08397148601197729
2.0852789493460744	0.0014478154404562735	49.741994260557405	0.08397146591485617
2.0887270446656254	0.002020430451395683	49.59297719938988	0.08397144930105714
2.092715643386299	0.0020091043415441357	49.57466801119539	0.0877657429326871
2.8905522525358647	0.006213371210999395	49.10817080154986	0.09886368644906889
2.8982724159742794	0.0028031437157567092	48.988416395021275	0.09550348188344429
2.9035275989629596	0.0027693734282038048	48.96303688856012	0.09966614485794946
2.9107582560663143	0.0035407523208357866	48.8666705275484	0.10112216283416291
2.9163778203987336	0.002554216109395094	48.99266307234622	0.10096896761443637
2.92188314176701	0.00358392658732138	48.861454770747834	0.10014644225871289
2.9285862722417297	0.0023527248018917223	49.002853900442496	0.10198921588417341
2.935378058871592	0.004246347483250691	48.723911371517396	0.10250763857093147
2.941512141051563	0.002283732655184673	48.99823939330069	0.10014645298381286
2.947082771021326	0.0026303977331702632	48.92517791219659	0.09966615587718419
2.9512247142627004	0.0024813787922708017	48.919282460597955	0.10147639401857081
2.9570779163196956	0.002937724100514752	48.839604983641955	0.10303171217898005
2.9620087264109873	0.0021784071496103075	48.97776657437271	0.10198924712690885
2.966379003499836	0.002156643692185782	48.99706588962258	0.09966613553371363
2.970742263524703	0.002372284964579385	48.93436577674511	0.10147642605353789
2.97661599776848	0.0031596040677182406	48.81654958438521	0.10112214605334896
2.981970118817042	0.003005271312587983	48.811233417011394	0.10250766660910522
2.987470390943283	0.0019402452805154862	49.009811336914545	0.09919069929456911
2.9919458132004646	0.002598136116806627	48.85934271087258	0.1019892424902408
2.9967893302631854	0.0018990556714213963	48.99353670654166	0.10250768936785788
3.0004482152735177	0.0024370067889435223	48.89120894626704	0.1009689949764045
3.0056555457127585	0.0026268821768568	48.90782510234109	0.10198922266643584
3.010283976426175	0.001840954480433145	49.1210705522513	0.10147637804067944
3.014197153025517	0.002039098978269072	49.07877649090082	0.10250765873047721
3.018568988359444	0.00244369081134336	48.95836024542086	0.0996660960193381
3.023299742720593	0.0019968052844111734	48.97763593809295	0.09966614392153966
3.027564411710138	0.0026017058014519393	48.82689739196591	0.10198925362815887
3.032367119490848	0.0021614095853102542	48.9060222962694	0.10250761939636199
3.03933785882091	0.0035449636326237714	48.69947032948032	0.10356150642644632
3.0451047447948394	0.002798569665648968	48.80559459333527	0.10250767791985138
3.049234843832023	0.0015840410358808068	49.06589893369362	0.10096899676080136
3.054142386845813	0.0035240739388683927	48.68512240048673	0.10409717351851515
3.0591103618280187	0.0020322895434339476	48.910565992051644	0.10303174205910696
3.0639081775431496	0.0022971426331412767	48.90507348584437	0.10112218118703575
3.067829265357629	0.0017073719319177284	49.04518066848948	0.10250768528373583
3.0718787840792237	0.001973409253758133	48.97158799859412	0.10250764539416275
3.076503853233244	0.0024174079795300806	48.861042561962826	0.10112218143024809
3.0806972272790523	0.0021179245572886195	48.86416371006548	0.10198923700397126
3.0851755112571935	0.002460782053283427	48.79084007032261	0.10198924887112876
3.0909142930855076	0.0029681411137336233	48.7034966210658	0.10198922680298017
3.0965980580986168	0.003018311501861321	48.694685832549546	0.10198925166209791
3.10167492159544	0.0020180890342999425	48.869826690921116	0.10096894029738004
3.105885679057777	0.002259269947824611	48.83566291626744	0.099666137949698
3.11168087981053	0.0033434367891506315	48.71692611172456	0.09362901525244272
3.289807709266106	0.0019272202569081765	48.711855118064044	0.10200367692665221
3.2924194493586416	0.0014704186997345802	48.59842251887568	0.10252956054328233
3.2951594518274065	0.0012925527067699145	48.65298190962404	0.10148350229031665
3.298656750794696	0.0019511600364011123	48.46687184394902	0.10252953593559921
3.301795395036563	0.0012176137934828844	48.69715726840015	0.09919731808085223
3.304515930372556	0.001484999530838209	48.58824112155815	0.1025295220582682
3.3074651007421654	0.001365685089617393	48.63512147622832	0.10252952342627324
3.3100194808509746	0.001357697806115813	48.63064723417531	0.1009689724242585
3.312407819659316	0.0013502518389228537	48.623608249050015	0.10252955596768992
3.315469903067606	0.0013407437018369112	48.62927132464876	0.10096896607813763
3.3180693308795757	0.0012794602819604108	48.66512233877455	0.09919732516573875
3.3206558288850783	0.0012718629336422546	48.65756851600929	0.10065909046558648
3.3230834012005515	0.0011066557458470803	48.70818995930203	0.10096895971745741
3.325348552432869	0.0012581939343591713	48.66431146968037	0.10096899916691734
3.328279347384404	0.0015100786470008014	48.56563101676154	0.1052477738774726
3.33130975828965	0.0014995783290190636	48.56845859358445	0.10359875605347794
3.334283490527194	0.0013866241388745116	48.60819844523609	0.1020036570098927
3.3367771854732915	0.0014297617743366812	48.6034264304448	0.10306121539926041
3.340083173608063	0.0016723056772995884	48.56378731184325	0.1025295376854792
3.3426154210536625	0.0009572382386909815	48.78198924618644	0.10306121423795905
3.344846178331342	0.001303189662295843	48.62992237210046	0.10200366600008869
3.3475744291078193	0.0012950286470131912	48.61117993039034	0.10252949250705118
3.3503546203121184	0.0015837333428251452	48.55598366755972	0.10252956551755613
3.353274869480064	0.0013764480079015262	48.65327559726772	0.1009689975360679
3.355867824538847	0.0011239511076182476	48.71677561446886	0.10252951152007041
3.358012932915428	0.0008752748910452269	48.79638276633072	0.10200366120358854
3.360257871868355	0.0014028816741235724	48.56115472621223	0.10148352579894018
3.363318882238863	0.0015371363237550474	48.50562161568922	0.10148349486623225
3.3655086483863546	0.0009080856476291777	48.51997813435163	0.1001897349469422
3.3675971392813375	0.0012366970567541683	48.37416435558953	0.10255441744243764
3.369742086602856	0.0008992767669617845	48.55286187103519	0.10096893047807706
3.3717358121892946	0.0011778413175690722	48.71701844980289	0.1001667145690006
3.37429006239633	0.001405109973776802	48.59372919543906	0.10148351033062294
3.3767238055081616	0.0009315238417377189	48.76179127456488	0.09872010121788428
3.378735400990861	0.001205364519265374	48.60937653851286	0.10096897616876528
3.380733967337049	0.0007845002012445723	48.78896414959073	0.1009689909318666
3.3830302936920287	0.0013312162802721094	48.547616623513235	0.10200366956031688
3.38573459960768	0.0014141977099160917	48.52295737294019	0.10148355330543397
3.3881912356597716	0.001315490385365035	48.557295543334	0.10096893901168617
3.390552945684429	0.000902310838599632	48.72464951479354	0.10148352236424979
3.393405165349696	0.0015686271678235274	48.57800176811846	0.09151597167027388
3.4964086296152423	0.001237488048797651	48.49781384224693	0.10132829887020177
3.498451322524873	0.0009853477850331194	48.59154279900661	0.10169039404099554
3.500638511562732	0.0012254938366982723	48.52731986938068	0.09872011410297254
3.503248991891872	0.0014617768250851269	48.434303747334674	0.10242302369285046
3.5055059859022517	0.0007270929916387915	48.661602758524864	0.10132827664081168
3.50714738383384	0.0008968223454669466	48.37713568327232	0.10170629534020746
3.5091023119276636	0.0008927944721778509	48.366488892449745	0.10207931926583434
3.510627720408655	0.0007870095328451535	48.424943956897394	0.1017062883285112
3.511898764790091	0.0006482412976418637	48.5108470043406	0.10170634355315915
3.513356630403771	0.0005780566427616075	48.56321922216829	0.10133614354776227
3.514819512477202	0.0009150034558425358	48.37245893617924	0.10133617849114465
3.516979609598941	0.0010453447252881077	48.31298717511269	0.10170628798174026
3.5184911832479164	0.0007392881943966968	48.479417472711575	0.10170628401656716
3.5202884964901155	0.0009370275731500939	48.40134998272271	0.10096897820745483
3.5219086818282177	0.0008001795679467147	48.450214043944754	0.10170628491436463
3.5234064594031844	0.0006312901319101578	48.53207796920577	0.10133621867195876
3.5248702726404897	0.000794741454708892	48.44042829580934	0.09974959776130965
3.5263137416735946	0.000858104269637889	48.374333734639016	0.10283434624658923
3.52793417598199	0.000558975599865258	48.60332570788203	0.09694726353104273
3.529338051257196	0.0009177044041722655	48.36678688238986	0.10009797414122887
3.5311540502681824	0.0007833121666491177	48.431841825029984	0.10009797991156558
3.5324650140755978	0.000715879523300732	48.46548383630862	0.10096896673445127
3.534312442925091	0.0009720485034697311	48.35463192545261	0.10133618598592815
3.5359360627707312	0.0009361444160712924	48.38370360636272	0.10170628574034522
3.5379820451082304	0.0008353563137961387	48.44879550058054	0.09906070383881327
3.539865815429896	0.0010876678745279041	48.32424896494874	0.09906070862289793
3.5417176680555356	0.0007326517244010874	48.45118967215839	0.10133617421970745
3.5435071809026137	0.0010785863899579885	48.26432946941032	0.10170626843680039
3.545671653767986	0.00101008893550798	48.50153305670414	0.10205528551478844
3.548113693743799	0.0010985907784515224	48.53242325407492	0.09938912098081844
3.5500214779110797	0.0011875283265556208	48.243852635807265	0.10207931970308837
3.552051445744885	0.0007776266777231515	48.42175746566643	0.10133619160596552
3.554071253092072	0.0012693888670175146	48.195411702878324	0.10360149497533011
3.5562304072068613	0.0009550240800010041	48.32601493959458	0.10133619823466372
3.558231308192995	0.0008586369209854944	48.362538697942185	0.1013361816887625
3.559627463854456	0.000764179060406861	48.40611345771327	0.1009689908666629
3.5618301282663474	0.0014901690239619624	48.386163939303344	0.07581647465955184
3.6355542152624203	0.0018435564252178914	48.53134874368353	0.10203550471720171
3.6373652892333785	0.0008433897133555386	48.39623013732056	0.09974161239411827
3.639433009628555	0.0011446179516737798	48.18098070692292	0.10133333790179656
3.6412519972413593	0.0007092328941919588	48.36719310990674	0.09905808655503716
3.6428661921768395	0.0008075419188648981	48.28629193113671	0.10096896989329536
3.644138775456856	0.0007296929301360844	48.32373809513977	0.10244372373174765
3.64613827210244	0.0010018557006191973	48.212043298641944	0.10078635770310405
3.647924056706163	0.0009229135129112026	48.238659090093805	0.10358072256731422
3.6494182842007783	0.0005468732367560302	48.47987036600604	0.1013333497546543
3.650728717659482	0.0006443548279419092	48.392855203216925	0.10133333440491335
3.6520306758034478	0.0006671415447838748	48.384707699005844	0.09905806722678362
3.6535248890140934	0.00088645704982297	48.22768772349243	0.10170057782746693
3.6552403959028856	0.0008584386187349574	48.24204611099835	0.1017005582559044
3.656939272801564	0.0008062311336072117	48.266391629609615	0.10170059190160254
3.6586095355019905	0.0007787924491843229	48.28583768346741	0.10133335859838709
3.660253963180593	0.0010910373025221412	48.13856871667106	0.10170059958255681
3.6622280909515386	0.0007240562187643489	48.31945608320892	0.10133334446013802
3.663502930346337	0.0006978819346605699	48.344222047199054	0.1017005676572546
3.6651428515930533	0.0007431838956352894	48.35458460218245	0.09905808260014957
3.666350062733409	0.0006215896032583216	48.3979635462338	0.10133335789766797
3.668050926410948	0.0009525603920875601	48.210617669154416	0.09974160324644599
3.6697649085244333	0.0006878915555750742	48.323009859470005	0.10207068853196567
3.671453079761503	0.0009451180027500375	48.21247741257016	0.09939855163701629
3.6729717774171187	0.0007770108090467434	48.27613782155335	0.10207069071960855
3.674475993043253	0.0007977761143935976	48.29250373320643	0.10170059699500951
3.676124785880175	0.0008181347830409593	48.318065355710644	0.10133336594390745
3.677918537836084	0.0010475506355991657	48.38172799408855	0.1013254771617077
3.6801107453654858	0.0008106602860666113	48.32389634252699	0.10207071013849205
3.6815651052817273	0.0008541220941812369	48.23162910178279	0.10096897488183852
3.683353389073332	0.0011034735315897642	48.33843286624519	0.07976600774917932
3.7403595856566376	0.00123573383416382	48.36837487392409	0.10242015907336968
3.741984118111348	0.0008034508743009593	48.186687966218116	0.10096899026387522
3.7437282827395206	0.0006601844735247422	48.27137010065369	0.1009689971866648
3.744753305904771	0.0006985481343247657	48.24319302207348	0.10168897394967884
3.7460130443994	0.0005174170793139693	48.39453163678803	0.09905272153295917
3.747264897393835	0.0006151403910261621	48.29624432495096	0.1013276060271599
3.7486677035316287	0.000791172916398123	48.20621705081316	0.09905270936653023
3.749965094757737	0.0005521659048463619	48.34118010238008	0.10096896675766528
3.7515277620560488	0.0009824825163738731	48.080887812598334	0.10279000873989826
3.753711364108651	0.000977547263731618	48.08438214665003	0.1020531705332348
3.755302044843365	0.0008765876885630956	48.15238821596425	0.10006539678067862
3.756830409158286	0.0006017475352445542	48.29670379738236	0.10205316659438601
3.757947075255429	0.0005808357027065229	48.31579955932223	0.1013275868381371
3.7592227311369815	0.0008880041140309435	48.126529569602546	0.1020531248759908
3.761458243345926	0.0009794751776229908	48.10040898401972	0.09972532538304618
3.763384345368933	0.0007839377765202452	48.17468092926724	0.10132757473960267
3.764549095419719	0.0006483552343367113	48.261564512054925	0.10205315484931834
3.766288361732159	0.0011205896079378803	48.038067385369516	0.1020531683049509
3.768058911052785	0.0006809632523572918	48.25699143868599	0.10205314919925891
3.7694166158039986	0.0006222748115400919	48.30969911854522	0.09872011526536922
3.7707253133198506	0.0007331954315941769	48.203660447821505	0.10132756647960522
3.771927038911712	0.00037495753111597567	48.49752226739904	0.10096897797360324
3.773027471077431	0.000710620913596725	48.23669069759453	0.10006538762005604
3.77442804477411	0.0008015302876519892	48.170179249084256	0.10132757153265606
3.7763436681501474	0.0009650358852160509	48.090699753257155	0.10132761019322459
3.7782454404994894	0.0010530978573795498	48.14475253394032	0.09191849242037366
3.827070740434203	0.0015114910791656521	48.11615020357268	0.10177018617009169
3.8285456432167013	0.0006253451882626999	48.205616998793104	0.10177016215847727
3.8296278412403053	0.0005088817639769552	48.33098547154325	0.09872012288892196
3.830992415962932	0.0008181947953386391	48.118625675836476	0.10136785969395823
3.832677925312985	0.0007009290915516275	48.176957486507185	0.10217593585098288
3.8341049496011808	0.0009260869517302078	48.045049618667086	0.10258519066207128
3.835746169403416	0.0007445524636665565	48.12424043929204	0.10217593419220433
3.837440746213341	0.0008061425532405405	48.089473493229775	0.1017701816260709
3.838833182082235	0.0006428509110287201	48.19153612461761	0.10096899745026544
3.8405667922844913	0.0010564754675513894	47.97455862961969	0.10096896284162496
3.8424323015425603	0.0010360105463907208	47.97273623809168	0.10217592526265326
3.844115742854827	0.0005080606093946131	48.284055811943354	0.10136786302422834
3.845253736431218	0.0006492503639319768	48.20962141336565	0.10021827115151057
3.8467037392487518	0.000710214971814643	48.17122772868158	0.10258519382922754
3.847863896997719	0.0006296152209017483	48.2298659226479	0.10136787118164423
3.849925141602009	0.0012376103258473342	47.914336373110345	0.10217588988046607
3.851968353580867	0.0007484351453920173	48.123843402556105	0.10136788437097019
3.853423753491864	0.0007770077938043825	48.11604827259257	0.10177014979201882
3.854729286996432	0.0005422759651535662	48.307492621856326	0.09946306047491074
3.8561069631119604	0.0008493733531025802	48.09285632236774	0.1021759511226249
3.894976032822079	0.001129777908493752	48.0008006458999	0.0993671317786138
3.896931398971847	0.0009278807944045572	48.08467971281467	0.09872007284730233
3.8984436441392685	0.0008826251624554575	48.06206438567125	0.10201943463934975
3.9004828227483435	0.0009761000644555578	47.99504335353056	0.10237483549308134
3.9027567083986083	0.0009987478892931109	47.955717358616695	0.10237482318742971
3.90418790041685	0.0007604234267225652	48.08603200348974	0.09969409953306717
3.906143425176765	0.001046048994154558	47.94430636747599	0.10131652551581077
3.907724898369522	0.0006582602468990084	48.15147467292347	0.10166669239846719
3.909341199187489	0.0010657027359715163	47.92422966116624	0.10273296841652989
3.9113738637449966	0.0006663499983011686	48.11905975870086	0.10096896664929317
3.9128669667321985	0.0008809004797192482	48.01108393684126	0.10131651389015829
3.9144728623124356	0.0007561272807288706	48.10156491534053	0.10096897180436079
3.9157819302238392	0.0007403969267238568	48.11316139014498	0.10237484985298508
3.9174759999225053	0.0008313730290535628	48.05859082135351	0.10201942944642206
3.9192319059598546	0.0007879526321256744	48.07619495853238	0.10166662320173696
3.9213657512886693	0.0014617973215367269	48.06126461034144	0.07776109598936579
3.9558020359271797	0.0009452954956540885	48.04526513120081	0.10033390370701688
3.957796601177999	0.0009898492053731641	47.985725609407616	0.10161425466547243
3.9597887916999843	0.0012894311528925438	47.80283769628057	0.10972791077065161
3.962114682221502	0.0009437574154269731	48.00789574132304	0.10161425840107052
3.9645906527009886	0.001275252834869546	47.74607658745419	0.11717715094027337
3.9669814345738175	0.0011605691738820702	47.9108864172371	0.10161429812856387
3.9692874116031156	0.0011116418417602845	48.116748151191665	0.09931852336906903
3.9721012115497896	0.0017817665778638433	47.992870927446646	0.10161426196504153
3.9760634040598752	0.0019112188852955052	48.01363920758691	0.1016142491663919
3.9788550572909305	0.001153799051905168	48.230730962084664	0.10118309914620129
4.008917586209609	0.0008144762671781505	48.03147101633424	0.10006492340905339
4.010135505091444	0.00048748140867539816	48.19244853901704	0.10132746712573085
4.011609465363857	0.0008313088587645723	47.92076068024387	0.1020527506407647
4.01296303878207	0.0008287219369486019	47.827998123194035	0.1107654097603932
4.014744696522606	0.0007824559507777138	47.81046378899535	0.11549139862493103
4.016275546372812	0.0007369803898260913	47.83638980733514	0.11661281908667308
4.0180629803346175	0.0014211133570850322	47.90225495322015	0.10278939574253255
4.021218781740727	0.0016514915593679878	47.9480966360682	0.1020527415051467
4.026527980728756	0.0037084724800160247	48.03267559936666	0.07621336329071092
4.057114057418929	0.0009834195542625325	48.05046454449888	0.1018453421522258
4.05866017868133	0.0007653302636893847	47.83694392320814	0.11790524511817262
4.060050558263965	0.0011105258330405823	47.757400522433294	0.10785028121164521
4.062485634687189	0.0011074111285550102	47.97540067006755	0.10228988339691147
4.067823416703058	0.00502708107777727	47.6453269210037	0.09628666037792447
4.162962879808376	0.013813497205344307	47.78581625663165	0.11549140135125013
4.179957709733633	0.001260228384491127	47.601885062104685	0.100609540780417
4.211421453305625	0.0005792681539985764	47.75252565871982	0.11722659655230439
4.21259315010942	0.000849562421736755	47.66829427778492	0.10734014372374098
4.242027506303706	0.0006541726366339821	47.671215322509404	0.11761129027585941
4.243148461950621	0.0007031558793407532	47.772132662023644	0.10164273882274513
4.2708110514696065	0.001260095450055699	47.53371402618863	0.10209141463973462
4.306660313390456	0.013669231241898576	47.48189995195403	0.08241046401639733
4.768501214163074	0.0083916869008628	47.06168660858442	0.10386754675866759
4.816828226052891	0.00857333025694909	46.88718833117933	0.11618015049128529
4.839265491484585	0.004607606382476441	46.79967820691685	0.10755877854821089
4.853319301514877	0.004497265165360273	46.66624246267024	0.1193150748327823
4.8689599299200665	0.00781804359208108	46.694618402087514	0.10774387012731813
4.8913374430660825	0.007391977433613809	46.62725299388617	0.10816597129936292
4.909372806585029	0.00993045887732193	46.75511779881194	0.08832568273742553
5.023000310280149	0.012481182477903188	46.4992663322509	0.11304149412648301
5.050274451344818	0.011720244351515991	46.50397607447749	0.11494535470063996
5.068949522377714	0.00465403720576345	46.81445145047643	0.12122589312981513
5.241352302431401	0.01910062276802626	46.2102526641806	0.10782453422462969