-1.7834156709464513	0.42370210973047806	50.93427316312971	0.1456117469920119
-1.2469802594083843	0.18480617313671505	50.9838490577617	0.12771947091915606
-1.0518071221371565	0.0393026724551842	51.204332492427845	0.13293523722571376
-0.8896943260613366	0.10823538773176929	51.03303887781788	0.11687594611277953
-0.7324984360809428	0.05652422945051279	51.10970619901681	0.11821004579469516
-0.6630020837117081	0.01605524893256166	51.22381072546299	0.13662731616701723
-0.632023222546938	0.014949896376756769	51.258297791238206	0.13694986127368597
-0.5893413230691059	0.027101060055877615	51.10313475197061	0.13635638114289292
-0.5148146964820104	0.04565513672116674	51.03322067107071	0.14035978719144107
-0.4611962003322225	0.010088141384283223	51.441959186396346	0.13728214969270167
-0.42260973107757016	0.027691465843507495	51.495784394559976	0.11373382286899514
-0.3871736104851902	0.008507237754742722	51.71399237507794	0.1350021817992914
-0.3623736573569788	0.016070101243952067	51.66345735075529	0.12920329895376811
-0.3313671319501952	0.014962773005901271	51.745652052183374	0.1161913037910315
-0.29548426509358533	0.020664289602260858	51.31259768254559	0.1322110902730952
-0.2560056711913025	0.018868695926608944	51.07779762271818	0.12119411333200296
-0.22564429427258592	0.011729763338320319	51.01811980259153	0.12625625156087822
-0.20839670898205176	0.005636528001401511	51.27542597813351	0.13059956172612083
-0.19726748004520447	0.005493921376153434	51.42123560848295	0.13173818103439294
-0.18109076818797587	0.010586093456394503	51.4722880703509	0.1186737220019875
-0.16549503494410497	0.005106343131854079	51.66879889203545	0.1350696305486936
-0.1554005794873599	0.004989023382104613	51.773893343976496	0.13232344227445275
-0.14068563709333226	0.009645629866082863	51.64077427837571	0.12549540667687342
-0.11721723426093217	0.01370734831984926	51.624829694496704	0.11609546225919508
-0.09931487255028998	0.004384598514854643	51.806944589666294	0.12799042035037095
-0.08212135978784973	0.004214405496114294	51.811776155143804	0.1293511975585267
-0.07377329464050042	0.00413416927038523	51.70271316663113	0.1484062108009969
-0.06558268144561896	0.00405693118680591	51.80786162323934	0.12794406373986034
-0.05357930861169624	0.007892675801409534	51.69951664690001	0.11867461228164966
-0.034282730632068936	0.01132449762994075	51.61273643851035	0.11324563574282173
-0.019439951429931435	0.0036480006857818287	51.73124307833259	0.11569281123490925
-0.005087736085663819	0.010588244240454653	51.34757949903163	0.11713219018144778
0.008805317587889105	0.0034182958069263725	51.34867253206501	0.13790947376769458
0.018941002651867545	0.006678884803560485	51.04650485011873	0.15283365687173184
0.03209746663610441	0.006479589439079307	50.98642642438284	0.13554729031460624
0.04170968621498039	0.003168876206727715	51.092772907207504	0.12873534892587005
0.05420373738345019	0.009237032617783015	50.83233412771085	0.11422433445396814
0.06634837906568514	0.002994101927228503	50.93573960296848	0.11874600813535263
0.07523905805553222	0.005866862332202395	50.54470180395356	0.14910576691129038
0.08395137632671062	0.0028751703657999683	50.69463961559411	0.1315914309808885
0.08966397949101235	0.002837598725343598	50.489173134675674	0.17021919681853043
0.09530241917498067	0.002800996335826257	50.6040557424611	0.13212776874153287
0.10086858818194983	0.0027653262211020076	50.51114335248751	0.13215060960272937
0.10908632425034953	0.005426985125914378	50.30765537168549	0.1250307601378979
0.11715145126568988	0.0026635662824151017	50.42442442289702	0.12951272876838923
0.1302691641722507	0.010337268267890323	50.28637343428838	0.12225272257099407
0.14550467376429915	0.004990456585205453	50.59330428071267	0.1234440017952767
0.1553726258079719	0.004878342967411368	50.41485459633304	0.18698508757292018
0.16502133087130516	0.004771156087560054	50.78837727585974	0.12951991468145604
0.1791039850808876	0.009237851276767389	50.82672691535384	0.12015468904532929
0.19050045348241545	0.002249647671324263	51.24364861044864	0.12668573397401478
0.1971974927881825	0.004430446154751743	51.185377874734094	0.1220310515773713
0.20813472461663302	0.006480395174739518	51.212574855172804	0.12406766852970942
0.2166904222169968	0.0021179930840185476	51.585497142217164	0.12227023786695278
0.22090588255648685	0.002097534328681027	51.642217910613084	0.12313386730551966
0.22508081874587033	0.0020774670347383875	51.60786692918244	0.12944653686127935
0.22921600250748436	0.0020577800732264353	51.7039949566784	0.12044613137751527
0.23534587997668693	0.004057878838263376	51.57657704767634	0.12625941390987747
0.24139043673935018	0.0020008960327429857	51.76029571038698	0.13089369214173935
0.24537390622424743	0.0019826271707895156	51.65625970071816	0.1675322024555136
0.24932116713093083	0.001964688905598093	51.753033331434146	0.12857334667868425
0.25323287466038175	0.0019470723308170823	51.72930049428069	0.12579147697621818
0.26095215364992846	0.005738310720879367	51.36725693430362	0.12221544229584173
0.268536619652796	0.0018796558479698083	51.565967157084046	0.11529913467912084
0.2722797560812132	0.0018635249159360127	51.21479752841672	0.17165430535961854
0.2759909035638936	0.0018476685064108672	51.329824397047744	0.1288686704839256
0.27967060693465434	0.0018320796591091227	51.17535639748605	0.1681631209134994
0.2833193945642601	0.0018167516583938285	51.31782426629825	0.12893800149009094
0.28693778430136013	0.0018016780003698907	51.13489172889466	0.17804757071209665
0.2905262731480685	0.0017868524284467763	51.44381503354037	0.11680081996126668
0.29408535385348805	0.0017722688572399791	51.09583807743036	0.18668633122632083
0.2976155045094698	0.0017579214093805398	51.33662366435155	0.12702140757277264
0.30459087316501404	0.005189736901217067	51.077726147986034	0.12539411833554812
0.31145597645574924	0.0017027817364554125	51.25717349861819	0.12604888717594656
0.31653451094098334	0.00336597157865905	51.097742607174546	0.11980629872889251
0.3232148114412225	0.0033145925057728393	50.73992053916545	0.16720886137703075
0.32815845617357825	0.0016385379470302342	50.96476765690263	0.13290434678410826
0.3314232292449258	0.0016262665550710613	50.88333489243989	0.13704235376797258
0.3346636450662123	0.0016141775944538076	50.900980040575675	0.125782089305589
0.33788005963094286	0.0016022670446676508	50.81840751230142	0.12676816072638009
0.34107282822632795	0.001590530976439226	50.702392274432505	0.13950084858920017
0.3442422959905786	0.0015789655835909936	50.638310272679064	0.13559575521967113
0.3489535474877434	0.0031238588915423293	50.37672379929446	0.13756452309440534
0.3536142367419501	0.0015452570124835547	50.56639979761952	0.11709901357399298
0.3582254420630509	0.0030578734872150895	50.30198498629099	0.13443771216762562
0.36278819870776674	0.0015129576135424763	50.65740104063528	0.13570213345197218
0.36730351749724416	0.00299461805052831	50.41256795596833	0.20311236867565083
0.37325183131153344	0.0029538818765381366	50.99803500393232	0.12331523338753904
0.37766020338122247	0.0014620248571047968	51.306557503650126	0.12831254889435695
0.3805744549874402	0.0014522470564527074	51.40429772187381	0.13054341712471507
0.38346927918276713	0.001442599178979891	51.31370697929834	0.17466843833012427
0.3863449353938309	0.0014330786451862549	51.666317290424026	0.12659605088575482
0.38920167791362276	0.0014236829434069172	51.40479302211117	0.15989894530291282
0.3920397497131551	0.0014144096481893123	51.475095861135806	0.13645510667093613
0.3948593953402037	0.001405256376182291	51.413175801741055	0.13434231990986056
0.39766085251593136	0.001396220812198211	51.44585491239896	0.12198249105288272
0.4004443564578493	0.0013873006936105496	51.37031402322414	0.12889431647232852
0.4032101317141769	0.001378493834973703	51.19586884693455	0.14773467628912762
0.40595840471956673	0.0013697980863425646	51.33313954130881	0.11632476907818408
0.41140332235310934	0.004058194820472517	51.04592026953537	0.11697554487721314
0.41678081736693356	0.0013360851668360624	51.17471130636578	0.12922500309633328
0.41944480189375893	0.0013279146370454725	51.18084676383427	0.1262423128407933
0.4220925430119739	0.001319843435938421	50.72946178995698	0.23192968084996077
0.424724239550123	0.0013118697572533145	51.122459659325756	0.13130154877986477
0.42734008673211504	0.0013039918382592984	51.13160477542539	0.1296207673166998
0.42994027046933	0.0012962079757472022	51.04881181676418	0.14623582543567035
0.43252497913679605	0.0012885164895698282	51.1697990792501	0.12053417708675772
0.4350943958459205	0.0012809157449892475	50.86977131522715	0.17979153654733004
0.43764870237469117	0.0012734041400497644	51.04953190972426	0.13800024561234142
0.4427126791999522	0.0037759265296063906	50.840130909564316	0.13850538263139286
0.44771829062884355	0.0012442185422863895	51.19650186208637	0.12742240370231972
0.4501996251425608	0.0012371299891742757	51.22507127666247	0.12816176835988863
0.45266686309392984	0.0012301217482179997	50.97563947691422	0.19162492097798325
0.45512016556759044	0.001223192457086805	51.334283931547596	0.11528247216731335
0.4575596854860354	0.001216340799317319	50.9671662176683	0.19679597095126947
0.4599855786365125	0.0012095654724917772	51.364947691965945	0.11804105454050384
0.46359919954114875	0.002399085666327481	51.13616876600799	0.1327034450562817
0.4695558763786091	0.0035496075398476325	51.1702462478514	0.12220840567700542
0.4742630840885516	0.0011704473313782068	51.38501192776925	0.12913954920489418
0.4777603065195825	0.0023221199466984944	51.136052275627264	0.15277489677644288
0.4823798906035794	0.0022975504947290314	51.30558881677617	0.13005554183035467
0.48695085212680406	0.002273495523434047	51.294259395163174	0.13791932277202934
0.4903477759726769	0.0011278911368028677	51.60923528336978	0.12012197737448846
0.49371833531983983	0.0022383429090265757	51.42085941786823	0.12142795338445364
0.49706293873929824	0.00111058555672218	51.51870420972327	0.1219333752993915
0.5003819796676756	0.0022042607925165454	51.185299323502775	0.12416183612268594
0.5047682759909786	0.0021821102009077294	50.9075509118691	0.12979399668066452
0.509110714099644	0.002160400362263184	50.687920675843976	0.1261380205579424
0.5134101631840549	0.0021391182470810455	50.48143038268193	0.12210433992059642
0.5187253003243206	0.0031696471185136345	50.53502628227068	0.10898035670815251
0.5229310661536684	0.0010463666606781382	50.83466626073912	0.13007223431069778
0.5260588758542479	0.002077715499993943	50.80647846826506	0.1403675129147223
0.5301945526035408	0.002058023847760487	51.04905004000097	0.1327745759130505
0.5332706678759132	0.0010217491662371286	51.36024122824508	0.13348119641470818
0.5353093746617725	0.0010169640136104912	51.433609032610114	0.13768850585489426
0.5373385543450357	0.0010122234761314164	51.1683872055725	0.21811683746480584
0.5393582970484354	0.0010075269292474048	51.511553598200166	0.12920976386520894
0.542370409047795	0.002001126515289858	51.457092515594	0.12866997321816828
0.5453617724414337	0.000993695189571336	51.80547593157717	0.11144159633506862
0.5473446289492876	0.0009891686209126114	51.78177429869737	0.11408239332558022
0.5493184749351498	0.0009846831015762497	51.576917970358544	0.13522295198429596
0.5532394530799376	0.002927499041213899	51.230926770961915	0.12822190957175125
0.5571253490743939	0.0009671405904070965	51.33078642115874	0.13563309562907286
0.5590553351046268	0.0009628521949297609	51.369504128577745	0.11670095517924368
0.5609767822920693	0.0009586016618922685	51.25058791692419	0.12747542592904929
0.5628897672830329	0.0009543884889394011	51.067363970082354	0.15888556669253093
0.5647943614614674	0.0009502121918573105	51.191837891621454	0.12740924752322744
0.5666906395178686	0.0009460722855493691	51.094317625982924	0.13112446705921973
0.5695196224873991	0.0018798592471132441	50.74764184387491	0.14935397874376374
0.5741940245146038	0.0027896016424741135	50.70834495850026	0.11986856768540202
0.5778976563796627	0.0009219710905890746	50.77105824826266	0.12940964099905397
0.5806547985904049	0.0018322728943922755	50.686291915919405	0.13578659855071612
0.5843039708106685	0.001816941667985532	50.73093021561986	0.16169752275241644
0.5888227346851223	0.0026972020426369626	51.03675365500644	0.12427464077505777
0.5924041956227752	0.0008916835695111468	51.34374578811561	0.1351211578222538
0.5941839108153917	0.0008880369755615116	51.46726745287351	0.13389225236750893
0.5959563639047081	0.000884420083383411	51.594945284211754	0.1312103938517565
0.5977216112960368	0.0008808325368882779	51.77099359050876	0.12453681200590463
0.5994797126419993	0.0008772739777338414	51.78843686762259	0.14692804736315745
0.6012307255664078	0.0008737440560076023	52.05049098418683	0.1228244923814235
0.6029747082956407	0.0008702424248078538	52.21995475927591	0.1158198777204264
0.6047117144775218	0.0008667687505462865	52.23289682045582	0.12620723974893233
0.6064418009883483	0.0008633226971855819	52.071051868437756	0.11367001594116767
0.6081650240222647	0.0008599039340520774	51.59074883074405	0.14019222194476075
0.6098814352732045	0.0008565121432805537	51.34037975667797	0.1348885349684773
0.6115910896484904	0.0008531470044298273	51.177804351372814	0.11987881424596021
0.6132940401382323	0.0008498082045921588	51.38232772923501	0.11564637077866194
0.6149903403729793	0.0008464954332804359	51.414519691652835	0.12552752074928414
0.6166800395830143	0.0008432083921867603	51.499984587730175	0.1309461674718456
0.6183631901907845	0.0008399467802810964	51.7754413209312	0.11047445716718068
0.6200398440067483	0.0008367103012106851	51.5057158736196	0.1155737282806604
0.6233738543664247	0.0024909348008989372	50.89317841890238	0.10924559678385284
0.6266824661478863	0.0008240100218037374	50.649554988510076	0.12395355609194551
0.6283273668608398	0.0008208949670802904	50.820058154953564	0.1307661791429337
0.6299660609733455	0.0008178033757149462	51.1116543657134	0.11548410693042042
0.6315985963613993	0.0008147349813271092	51.18974663907893	0.1310383661512993
0.6332250167300555	0.0008116895283346904	51.38461617176235	0.12997312717315762
0.6348453689192051	0.0008086667581640732	51.63474948788837	0.12776641653761764
0.6364596980413859	0.0008056664183397708	51.630593949546004	0.16712233140597132
0.638068049904013	0.0008026882579087477	51.68273865091227	0.12843430079126122
0.6396704662280088	0.0007997320362306587	51.49589673281594	0.1307788115498727
0.6428576699061497	0.0007938844400599751	51.27319865555415	0.13101323708642437
0.6452328172409816	0.0015791091073422373	50.93991330331128	0.12932349261581053
0.648379607369729	0.0015677086267102214	50.60083446204442	0.14515447687497018
0.6507248268183055	0.0007796328556130416	50.66811003457174	0.13751752062751896
0.6522812997387766	0.0007768437215673745	50.825206852970034	0.12383563474707827
0.6546056001742588	0.0015453944753908613	50.69496905624668	0.154175807663522
0.6576854426907361	0.0015344739246054987	51.10069809225681	0.12420603145412316
0.6607435984726984	0.0015237066292700437	51.28975634488285	0.13819682682719248
0.6645362558374095	0.0022656872398196214	51.53525451545362	0.12337945827297568
0.6675467141243108	0.0007500120581929852	51.788417176734086	0.11337259130983517
0.669044153386831	0.0007474304837916672	51.38805564709402	0.17135215486490862
0.6705364483528669	0.0007448666183098832	51.5387893941785	0.13528015865429494
0.6727653184820963	0.0014821072682189773	51.312164806438375	0.12972158663596975
0.6757194628381364	0.0014720599350332526	50.95452855478388	0.20534090071484531
0.6786536482931069	0.0014621479080739186	51.094630390549554	0.13663368671928783
0.6830180880662864	0.0028950552953106974	50.858211200774306	0.1288585217681956
0.6866219138521488	0.0007177827979418161	51.00322978820482	0.1331449282654509
0.6909073965458348	0.0035536738594286322	50.601102704572	0.1214213168219526
0.6951510045130613	0.0007038238110494009	50.7809085257633	0.13634986115442532
0.6979572144450386	0.00209787206575155	50.41040047235326	0.18526445378879358
0.7021328203336217	0.0020777983365995296	50.77522370668455	0.13603092707784492
0.7083219051847975	0.004096795681858781	50.94438513780646	0.12622684539723308
0.7144240275436666	0.0020198177621758586	51.32993325395706	0.1314409119512839
0.7184449913771314	0.002001203359185915	51.35643461687098	0.16311706445631452
0.7217675882658217	0.0013239676306179735	51.732798416286045	0.12576545714321546
0.7250649576456651	0.001970930258186664	51.762794359725234	0.1319920777651033
0.7289890367442962	0.001953202078847835	51.64317662365181	0.12767796734026518
0.7328779766647031	0.0019357899817051437	51.4337682434103	0.13040486361681894
0.7354513909249836	0.000641451121737055	51.57718776965717	0.12613826919128393
0.7392831439443746	0.0031790826601189696	51.01988373754599	0.13389386902477218
0.7493388882233019	0.006833902160447625	50.40317730512633	0.1357801617427823
0.7597739973139854	0.003639085110537801	51.20178181845526	0.13594368979678653
0.7645992058598667	0.0011996256680781795	51.816434282135965	0.1223347823457058
0.7681832536529114	0.0023795328107267862	51.89061905709087	0.12405498022101533
0.7717379653129399	0.0011800678817883389	52.06092839797203	0.13118520470627065
0.777598582856621	0.004657001351881021	51.754843171160424	0.12012725607457422
0.7845285002970437	0.0022916402994788126	51.77930805571501	0.12402289062908915
0.7885204677229458	0.0017030043091360338	51.707187307564226	0.13328003361134066
0.792476075562276	0.002250084746920906	51.31260478049168	0.21261475533881924
0.7952796132878988	0.0005589015918708144	51.85506558170707	0.1266681866294297
0.7991744076787566	0.0011078234345926195	51.704126222495546	0.12116133091948454
0.805770994902117	0.005455618142760459	51.20724743578268	0.11995479607715318
0.8144134188810088	0.0032088749383368323	51.04649068602611	0.13355304437590726
0.818670981442881	0.0010591902493161489	51.25418265252661	0.1259132354436958
0.8228872097775761	0.00314687143674313	51.00965909867055	0.13305402818753792
0.8286184900278109	0.0025880131230245204	51.240379870935605	0.12443738315502667
0.8317130542026505	0.0005139275573712952	51.59817071078032	0.13353912790110734
0.8337639145137687	0.001534519105847155	51.24670973314205	0.17037856953784375
0.8368221596457264	0.001523751179987658	51.503342731733355	0.13006040264533453
0.83985901926803	0.0015131333219140807	51.31402961793613	0.20156518141724467
0.8418718587415659	0.0005020455259193216	51.7994944113125	0.1348161811605029
0.8453720347173685	0.000996031150001294	51.82183131050556	0.12267107426942067
0.8483498954616495	0.001978449893485611	51.658945579074015	0.13091672564322607
0.8513074770161195	0.0009825111293282431	51.85538713751562	0.13152258657015392
0.8532680667305705	0.0009780856536213826	51.93064931886105	0.1286897658871066
0.8557064231503009	0.0014589143344583466	51.7045103767107	0.16505761032582345
0.8586144935897864	0.0014491779620241457	51.884758028631	0.13741362698250606
0.8615032210482936	0.0014395706827331502	51.89234837284957	0.14149315750693664
0.8643728606735372	0.0014300899476125482	51.9863901678127	0.13269764799065698
0.8672236635326553	0.001420733271279358	51.92021188915541	0.12651338267061565
0.8691138552955535	0.0004715210705892829	51.98300218875789	0.13734780846769656
0.8705261194795619	0.0009399804823545764	51.68066240458349	0.15461924158692736
0.8724020234960945	0.000935929059966778	51.80954187383398	0.11955924270457584
0.8742698591686049	0.0009319124126218733	51.5961858536295	0.13458027794809543
0.8761296959487495	0.0009279300937616252	51.54915962338581	0.13824712679257462
0.8779816020540367	0.0009239816651733677	51.49563023021802	0.134346081860521
0.879825644832994	0.0009200666960713952	51.30125199499542	0.1722645222666439
0.8816618907798832	0.0009161847629402432	51.45850001417641	0.12288202468098032
0.8839463340013602	0.0013670672540592097	51.240706984222186	0.13603946740691678
0.8880282921802407	0.002708556616937304	51.0440389446207	0.12269158323222823
0.8920722410044708	0.0013417264262124472	51.04646008173804	0.13365832175491474
0.8951917056769771	0.0017761647449882738	51.04064954670584	0.12654252499037208
0.8978478142137822	0.0008826675106700848	51.151125890644025	0.13462023946842122
0.9031117880958699	0.004360167483398714	50.906698968733444	0.12100350629953836
0.9083127222640013	0.000861652660419124	51.30829667612486	0.11820703906761154
0.9100326174774029	0.0008582470870116483	51.05153704053239	0.17452077130412738
0.9117457284113499	0.0008548683278226387	51.23817381908902	0.13514866075048917
0.9138776580814818	0.0012760231586610676	51.1530662771496	0.1377397837592288
0.9176889548137339	0.002529747966259788	51.028180315418716	0.13606285428805323
0.9214670950000083	0.0012539179505240599	51.26863305946256	0.1219490535214348
0.927279640764469	0.004536574050524905	50.920792944861184	0.14612390533852712
0.9322006450384994	0.0004077691020528989	51.5216529065064	0.1326555334061792
0.9410801687462573	0.002796615955746645	51.18070348237037	0.1284281785960871
0.9466376895667779	0.002761056605149755	51.020465041832054	0.1791739069259822
0.9529032612067225	0.003499082708450312	51.23008169200564	0.12399774297825024
0.9583124525157944	0.0019198730473276766	51.322043968333546	0.1365110251412
0.9670552736704079	0.006773797217080969	50.99349545482662	0.13147598207214134
0.9807606417967631	0.00692800063834058	50.80381803058423	0.1298807760849314
0.9887093504969608	0.0010740558480050277	51.103703303452285	0.13636844954152333
0.9919196237375716	0.0021322915532109923	50.958683220996434	0.12912547267980387
0.9958113359360146	0.0017610578730262367	50.98804356235584	0.12039109813890575
0.9979194802060685	0.00035050601855939355	51.25651947266088	0.13525561388404403
0.9986199274609748	0.0003499411642721395	51.26737854197603	0.12757782145700736
0.9996684839031225	0.0006981945776108373	51.1571265390525	0.12393542578384185
1.0010626329192884	0.0006959568641780995	51.00038087782923	0.1576799774452596
1.0027990492078926	0.0010397697189229883	51.07765423816612	0.12294563874509667
1.004183200809663	0.0003454870387361531	51.329556434899345	0.1268812665373163
1.0052184268964819	0.0006893289667214095	51.06506189321897	0.13787690754565968
1.006594901416151	0.0006871476318694153	51.13159323149886	0.12499291042664107
1.0079670267938285	0.0006849800592444785	51.118281134452154	0.1265095303055141
1.01001712055333	0.0013635084403514639	50.90667215273886	0.13286456838177368
1.012057582264243	0.0006785586221663049	51.08747503881481	0.12738531014930463
1.0147633703826382	0.0020230324073285703	50.78185225238997	0.13174694305550466
1.0181220698265425	0.0013382981615762477	50.994332869027176	0.12409490992507963
1.020124891865993	0.0006660702919028187	51.382394163466046	0.12661117312913406
1.0237729139853564	0.0009907482196787013	51.643403106857505	0.134853843513777
1.0260785288863479	0.0013140031983218425	51.861144414929	0.13835190531953329
1.0280450746379908	0.0006540333300802802	52.29523040625925	0.1338829976685023
1.0300027556013431	0.00130218352250591	52.46724088899944	0.1205341375068271
1.0322756188753732	0.0009715397980974995	52.150527240966895	0.11990989734462967
1.0335690770980375	0.0003228835226854641	52.14063840819183	0.11815886624582449
1.034214364377936	0.0003224041292618517	51.78513823783448	0.1496887469628296
1.0348586947733724	0.0003219261569075779	51.98193122572294	0.1068569210367726
1.0355020701607567	0.0003214496000223371	51.77447195265205	0.1109391774075045
1.036144493844447	0.0003209744519742763	51.6205295049865	0.13579729267857674
1.0367859691134598	0.0003205007061727843	51.92149577644929	0.1117103485410409
1.037426497810913	0.00032002835712240704	51.90746577614002	0.12951761397392014
1.0380660832017177	0.0003195573983047733	52.070265312952436	0.12181260196449026
1.0387047280602075	0.00031908782359123386	52.24655846956898	0.11228641389171187
1.0393424356232681	0.0003186196265407929	51.938679978263515	0.1351565495815159
1.0402972439477411	0.0006358398040412571	51.49592015063489	0.11761620012720506
1.0412499581767585	0.00031722324376798686	51.14917872184534	0.1286487854448161
1.0418839415619934	0.00031676049889701866	50.94316287735933	0.11958985264228413
1.042517000806739	0.0003162991021044893	50.984339086709184	0.11627270898453217
1.0431491386012672	0.00031583904750808736	51.09061782901551	0.106639970320938
1.0437803580940654	0.0003153803289184045	51.101475970050394	0.10798085560326778
1.044410661011425	0.0003149229412047679	51.168634354785496	0.10122801307562655
1.04504005047926	0.0003144668782443811	51.52285826910601	0.10071887805567996
1.0456685296092416	0.0003140121339518278	52.116873409273836	0.09558316722851902
1.046296100097156	0.00031355870329082767	52.170088202182676	0.09828816262278445
1.0469227650324913	0.00031310658024113813	51.967575529615345	0.10259053937531518
1.0475485270248186	0.00031265575915453216	51.82163435353123	0.10121713503384445
1.0481733891376628	0.00031220623408083055	51.56744420746101	0.10654995104078178
1.0487973530270183	0.00031175800010638005	51.42471192505169	0.11385132005627492
1.0494204217347445	0.0003113110513443065	51.42082302084161	0.10686406359215854
1.0500425978257448	0.00031086538227492505	51.30409618978198	0.1097652332950124
1.05066388431647	0.0003104209870794911	51.32335414420639	0.1138804011724747
1.0512842828240834	0.00030997786096341587	51.57195773747439	0.10571446402468909
1.0519037963438715	0.00030953599816945843	51.706130645185944	0.10423886022795265
1.0525224278576693	0.00030909539297503105	51.462973383123455	0.1054907242878021
1.0531401789541297	0.0003086560406725796	51.35722177628415	0.10039556610194227
1.0537570525942825	0.0003082179355997125	51.83358319694316	0.10016531291225944
1.0543730512672813	0.000307781072453018	52.11463551428063	0.10721667521590282
1.0549881779096766	0.00030734544563500664	52.03028539859996	0.1015585546541226
1.0556024340729202	0.0003069110505512358	51.72870790420694	0.11495295865084819
1.0562158226732377	0.00030647788166271233	51.56020114905652	0.11318970395599104
1.056828346613876	0.0003060459334634874	51.407639409706626	0.10773927247035255
1.0574400074189652	0.00030561520144182434	51.445930012414216	0.10529746198865865
1.0580508079717699	0.00030518568014903917	51.374499274464	0.12381183615199949
1.0586607506886478	0.00030475736448750383	51.48657228041004	0.1194507784893949
1.0592698384292716	0.0003043302490703923	51.75348196206814	0.11149967988496436
1.0598780726821135	0.0003039043294934787	52.038961326045666	0.11334992609981563
1.0604854562873198	0.00030347960042560024	52.25394556936084	0.10825476711784136
1.0610919920725101	0.0003030560565671205	51.80186101753025	0.12504572416749238
1.0616976814999641	0.000302633693592443	51.393841148195555	0.12719446836909767
1.062302527378101	0.00030221250625643396	51.14806946495628	0.11658715700655597
1.0629065320532947	0.0003017924896573642	50.85923140415118	0.11862512596558243
1.0635096983112173	0.0003013736386090856	51.25067776633247	0.10451009141182105
1.0641120275799598	0.00030095594888823724	51.28469607695045	0.12375860622175337
1.0647135226264286	0.00030053941536166407	51.582528378868346	0.11213781803850552
1.0653141857582165	0.0003001240332353595	51.80977049786944	0.11937847893364537
1.0659140197199501	0.0002997097974335848	51.85467010142852	0.11222360704674557
1.066513025906333	0.0002992967038323408	51.72303586294322	0.11350996069194855
1.0671112070436437	0.0002988847474074244	51.46299031196974	0.12888413517325992
1.067708565846305	0.00029847392316394215	51.475500981915324	0.11307381259657967
1.0683051036844895	0.0002980642270505887	51.27739424550796	0.12814547908448862
1.068900823254573	0.0002976556541229478	51.28508416672703	0.11011951981979225
1.0697928734796491	0.0005940897809406981	50.90245872084277	0.11642195750555748
1.0706830951695483	0.0002964366281535837	51.04235053846012	0.1281915185282968
1.0712755639924272	0.00029603250209582965	51.291860317411086	0.12368235157713826
1.0718672261050062	0.0002956294761118457	51.47655985938043	0.1357138169825094
1.0724580828218957	0.0002952275463140705	51.85088150675925	0.11611710485285491
1.0730481367715194	0.00029482670793807875	51.7055611873984	0.12506810813031968
1.0736373901322798	0.00029442695654433796	51.370113564642814	0.12235182865017594
1.0742258455118543	0.00029402828742073597	50.93949356980175	0.1525010210297669
1.0748135041941191	0.0002936306967697285	50.8433692154075	0.12608386745289754
1.0754003687697793	0.0002932341799260028	51.27604240324504	0.12082404963454242
1.0762791818054842	0.0005852828165168655	51.76471142889257	0.11763250490992828
1.0771562196817142	0.00029205102861952286	52.56636620130028	0.10868183955647003
1.0780314902060817	0.0005829260522445592	52.25053774571093	0.11798982583364147
1.078905000270893	0.00029087738658349356	52.310165891593506	0.1238430706938349
1.0800669539299212	0.0008703005553644326	51.91328630243687	0.13728589484294182
1.0812258072224898	0.00028932712573831676	52.19707544183348	0.13592365968315198
1.0826700388369306	0.0011534663047505654	52.03511692506359	0.11844259792631912
1.084396800883974	0.0005744446044843296	52.17137111297875	0.13072275128946284
1.0852576141538295	0.0002866535639554426	52.373297706154695	0.13501483817698068
1.0858305430869304	0.00028627565484981826	52.48553977387298	0.11740445769137033
1.0872595678403085	0.001141340907490346	52.31785505082857	0.11820315370306138
1.0892523355118051	0.0008520868814994226	52.35519287557458	0.13102445870492976
1.0903869680846738	0.00028328787832497586	52.512009793863605	0.12695027574839018
1.091236001083937	0.0005654691996264786	52.293516881170426	0.1251241325085871
1.0923654694812772	0.0005640004961760659	52.16395636265134	0.12965436028458607
1.0943349985104962	0.001403621350637326	51.72947420385765	0.1359402178298053
1.0979691662112192	0.0022270798094245928	51.167622044051555	0.1642209441879305
1.1024006397553945	0.002204470579127872	51.40565573712035	0.13492412073853977
1.1054212577910107	0.0008209466912114653	51.70115128155386	0.13591947192070683
1.1081491615114971	0.0019035480257853863	51.63709921373028	0.13162030734937014
1.1143590669180854	0.004289195835090206	51.62629482959174	0.1371373227385438
1.1228538356847044	0.004206114653463053	51.82142358068535	0.15938926506301818
1.1291176188299998	0.00207294284548451	51.9723286802057	0.12949422779936628
1.1350368079750468	0.0038341527506199056	51.71145867925713	0.1308875291257501
1.142889303242015	0.004016480282447641	51.46163986979054	0.1418983354675994
1.1476328731982297	0.0007449092057108015	51.77378607512937	0.13452620874345012
1.1498618709264092	0.0014821915715306578	51.561563761178725	0.1300504134902984
1.154285836470736	0.0029343395649692136	51.21362936100465	0.15446558415023953
1.1601152170747122	0.0028952161244508766	51.24673853833933	0.13588050536078655
1.16586738728666	0.0028571222193447144	51.22661879911225	0.14575287795780456
1.1694241853963012	0.000708454607624443	51.59152722215764	0.13545944399958168
1.171544365505909	0.001410008870157876	51.41590193872483	0.14145789696331917
1.174355267087307	0.0014009122830935918	51.450956865725544	0.13637206379346137
1.1771480924326028	0.0013919323160124428	51.46255566850044	0.13734294427506796
1.1813039417273052	0.002757352336948578	51.35000618486766	0.1384604240825273
1.1854203995301147	0.0013656701303728608	51.61649031779637	0.12982573706980022
1.1912983459177386	0.004491036757454709	51.45941897424633	0.13200097091584942
1.2001887970139702	0.00440003527791745	51.45049893790361	0.16546913777656605
1.2054370003866675	0.0008694366648864318	51.93978080248941	0.13269962509406988
1.2101927676267785	0.0038698550414053424	51.44253096974079	0.1800049044109109
1.2153221633998068	0.001274805847351156	51.87253170554574	0.13668733812472206
1.21934040208156	0.0027366415096356086	51.74584281701047	0.13238022021642085
1.236065557488444	0.013773944067298339	51.48326061709496	0.1235311504190044
1.2562500684532085	0.006574213569788713	51.359976721765975	0.12615159644209967
1.2692033870349917	0.006381025642706513	51.10916250176611	0.1430924583834132
1.2817815216864725	0.006198867525160995	51.07753107054692	0.12417351232393427
1.2945370488952632	0.006550578192129984	51.02738149280686	0.1268080543123967
1.302779342941592	0.0017371431851551874	51.294745608047506	0.13028023865487817
1.3159534932984318	0.01129110040317526	50.72169843594861	0.16159634671989784
1.32857608332348	0.0014732667451440769	51.29338274206923	0.1303609786160179
1.3682831499928645	0.036601416586431804	50.42946886369843	0.15474075044927
1.4082195254413432	0.004769397050362914	50.91226357692857	0.13700588075112335
1.4777080567380478	0.008592877545984654	50.736976727779265	0.13120942448217643
1.6623822969300517	0.04827138709355788	50.07119090268858	0.1367512486193958
1.70890530683933	0.0007500709370141799	50.907657937103366	0.1357257229962393
1.714797533724684	0.005112472894054005	50.531550197969324	0.12715141142329386
1.722399323210917	0.002511881996902831	50.62152007842619	0.13670355983161267
1.7273942527980406	0.0024831577122901996	50.641359978927596	0.12415781065063924
1.7324615827204521	0.002583529164369332	50.3213006179405	0.1773456505697595
1.7360635451501358	0.0010248761751037946	50.651820174336464	0.13507342555100837
1.5277799653925084	0.0014124323170711653	50.565225383868345	0.10144833513643858
1.5302820103808055	0.0012937219396480725	50.60025197644739	0.10035546143295303
1.5331327110351276	0.001318475181283774	50.57101381147503	0.10061994655076606
1.5356448432964573	0.0013134110577470938	50.59045199569271	0.09984360487359374
1.538485911591325	0.00160266510924698	50.49272779973811	0.10061994719441877
1.5413887485166995	0.0013237322283055678	50.58554825600853	0.10116621485661384
1.5442374434642971	0.0013922888109281389	50.54196788703033	0.10116621615233394
1.546854715366395	0.001633970414521247	50.45828145101512	0.10061994600422865
1.550076019888726	0.0012704848532432958	50.5639869893763	0.1004062425803056
1.5533662937081285	0.0018145193771958498	50.39723362531699	0.10089014427361553
1.5564429793833634	0.0015813396864179565	50.45461917689467	0.10089014407032125
1.5598777950784608	0.0017851141282687517	50.404875637573056	0.10061994905479671
1.5635811483072612	0.0016484656984095782	50.43988137654698	0.1006199488819935
1.5673004286200145	0.002099695419854419	50.32479993510194	0.10089014255261801
1.5711192535863951	0.0017956888207124135	50.384895235523786	0.10089015251110613
1.5749465650537338	0.001981829433726847	50.33517052116163	0.10089014943749502
1.5784965248139464	0.0019012467778889443	50.35534914091577	0.10061994296356819
1.5826565181119416	0.0023527628156189938	50.25916296993128	0.10061994526727737
1.5875847546215134	0.0022811336258166336	50.26810272572452	0.10061993834937066
1.5917795687797454	0.0019555976464852914	50.33244248113272	0.10061995066012355
1.5963232432733194	0.0023085964086399747	50.170449036661516	0.10119911320707008
1.5996112845803063	0.0011905386897893059	50.119772222874744	0.10035545784520289
1.6017110202510068	0.001269892425983182	50.20919813539773	0.10035547126301127
1.6054262111910007	0.0021438895719358532	50.27581702347675	0.10061995146599112
1.6102495797627698	0.0023641099279926954	50.228966732969866	0.10061995486187586
1.6152103735781123	0.0027729835078956337	50.1548639941268	0.10061993742199564
1.6205415801905234	0.0028060112056002458	50.14469652769781	0.10061993471646004
1.6264434375633243	0.0030670048460021576	50.08962318110057	0.10144833503920414
1.6330545287020461	0.0032500629418475905	50.05266815623958	0.10173662926041303
1.6388659912697925	0.002644008874319901	49.97878720228411	0.10699293600674442
1.6443753048736838	0.0030675486662717273	50.0811763159284	0.10035547896323561
1.6504011589187217	0.0030389339639317788	49.90612751655041	0.10699295227017783
1.657528131234208	0.0035267310736075107	50.00065396394743	0.10089015507557494
1.6634170764874354	0.0026406576453398725	49.94939004871431	0.10754542998253856
1.6687600375927603	0.0025915414603729613	49.9522900907486	0.1075454429235266
1.6742707507720032	0.0024185524681519673	49.98190018404417	0.1069929551119085
1.679040945237162	0.0031773369374670274	50.03120328940482	0.10035546284622957
1.6855439028269843	0.002982603972312118	50.04720505353005	0.10061993176113934
1.6910424156196031	0.0024583778996552104	50.12691986393699	0.10061995402375136
1.695066538147075	0.0017000651188892632	50.30480591621569	0.10040624752649087
1.6977753610390631	0.001066864938066752	50.511328914500474	0.10035547041478825
1.699782020752488	0.0008983025849698073	50.62349512674773	0.10144832738348995
1.701505565497265	0.0009034146446573644	50.68734863887761	0.1006199470064505
1.7033017393091976	0.0010689167394237397	50.81716764941396	0.1010889787811739
1.705784737476646	0.0012328058180523876	50.79679826047204	0.10160278979099022
1.7080896916970825	0.001017915052517414	50.86505901518376	0.1005951685652085
1.7099371324146517	0.0009897848926556678	50.85294016349922	0.1010889789101813
1.7118444812298819	0.0008736956811989376	50.90931655009313	0.10110946852126099
1.7136423288575373	0.0009392210875309106	50.873777280859855	0.10136157939367439
1.7155032884984038	0.0008680449665740667	50.911898954793074	0.10134331984815216
1.7171757099991658	0.0008446380395946319	50.98282773770277	0.09937669049305425
1.718871705488135	0.0008446780767118902	50.964273477531705	0.10059517366089689
1.7205046747518224	0.0008680644736083005	51.0182139219023	0.09808685990356684
1.7223299104360028	0.0008710351345829415	50.89190415925851	0.10083963501225271
1.7240849579027113	0.0008971529983522053	50.84376218468514	0.1016027934625583
1.7261934906068461	0.0010959420628320362	50.78898692617154	0.10059517297673466
1.728118991224942	0.0009312624365034465	50.87216420575686	0.10108897630790431
1.7299515493840802	0.0008753710594358246	50.88496380733006	0.10108897728444978
1.731847560723311	0.0010332567853995349	50.769000067081265	0.10186752470008728
1.7337417704206692	0.000856494996858383	50.838149650496405	0.1005951697869612
1.735566836850205	0.0009667305516134135	50.800872661451386	0.10083963818279483
1.737496006840121	0.00099596379505777	50.81775736952332	0.10059517179144459
1.7394039325822646	0.0008104406422730607	50.890119711092936	0.10061987148912493
1.741350975468794	0.0011485254253244188	50.69810729852086	0.10083963446853339
1.7439094140503526	0.0014138562181998772	50.58463395242692	0.10134332060567887
1.746565427542988	0.0011895267086394134	50.675339494401676	0.10108897664066165
1.7487047367422308	0.0011214644121751377	50.705802356847016	0.10083964207109657
1.751350225029328	0.0013620111155453365	50.60454752609496	0.10059517070624412
1.7538905610347904	0.0013786589691159477	50.576930498064044	0.10108898186274248
1.757139818649204	0.0016963674755395945	50.47723639971765	0.1013433149713996
1.7603467756726126	0.0016854014266428608	50.475914494851395	0.10108897895600424
1.7637856986094533	0.0018553943404566106	50.42041164959519	0.10134332897503714
1.7677517492503432	0.001923382821852402	50.39810646587205	0.10083963454078862
1.7717763161176467	0.0020516618474267717	50.38350592001591	0.1003554590266664
1.775743468759004	0.0018795438762084272	50.42699771784652	0.1008622712582426
1.7792022841324546	0.001326703205557736	50.34142029801442	0.1005951659452692
1.781192844980363	0.0009973329577771587	50.314799086577054	0.10091596084012137
1.7834041427162481	0.0011732022368863388	50.236619933695394	0.10063259576161647
1.7857813648248855	0.001172510554701705	50.22011612806205	0.10091596808737226
1.7878614733318252	0.0008158407382360895	50.16032873862583	0.10035545917807524
1.7892493096459376	0.0007154792400227777	50.17237126074589	0.09975256544507587
1.7906553210651803	0.0007131666494144993	50.172049038437	0.1000256318032938
1.7920483492125352	0.0007559288230822587	50.12447568067377	0.10065188994539051
1.7937483210490428	0.0007754106807064896	50.11087716308037	0.10035545903425439
1.7951622281510282	0.0007575163778627597	50.112410458296125	0.10065189331698779
1.7967247613812378	0.0006976987309319979	50.15550167944215	0.10035547250858005
1.7980846049846853	0.0007066236128066487	50.16058878860746	0.10014899740251874
1.7996422110834147	0.0008216733520105605	50.08561071114764	0.10035547763754636
1.8012604066988667	0.0007924327328225488	50.09815435620716	0.10035546227842908
1.80285337229023	0.0008595594700761193	50.05904079614374	0.10035545410391808
1.8045034438773246	0.0008125273148631509	50.082089512523076	0.10035545601655846
1.8060873058877625	0.000746875513359345	49.94817900413962	0.10699294126223319
1.807706149704194	0.0008337141835299824	50.07420587071911	0.10035547675146342
1.8092513360007332	0.000767161308855773	50.09902634781403	0.1009553920660127
1.8107910441286568	0.0007105171083099375	49.95848489569712	0.10761243298804982
1.8122016954839992	0.0008076584572325844	50.066656966619256	0.10126616683116187
1.8140040948684795	0.0008926407471772218	50.030331264075365	0.10035548311812746
1.8155377429371309	0.0007187965612993002	50.114781366952904	0.1009553830562893
1.8170899135602143	0.0007494525799302203	49.93363196333683	0.10699294574356073
1.8186974604644837	0.0008923133788647472	50.03615264750704	0.10035544788589987
1.8203254588221918	0.0007161917918118325	49.946117486477846	0.10825326583162795
1.8217607438928085	0.0007190871879970417	49.953158340636385	0.1069929545182483
1.8233458865254697	0.0008605467159587309	50.046648714001364	0.10035548209965152
1.8249226544160133	0.0006681935438086428	49.988048524942506	0.10699295818405097
1.8262856120033986	0.0007662749903871384	49.92801825485881	0.10761243469618165
1.8278025000692457	0.0006521093895260624	50.00033888603188	0.10761245972660263
1.8291461243290685	0.000772876367975718	49.9256295296255	0.1069929426656356
1.8306582231929869	0.0006942014405274398	49.964352974462614	0.10699295360056055
1.832113733261132	0.0007945694888396985	49.89295087653143	0.10761246174136051
1.8336590434172915	0.0007520959520263183	49.91579432548544	0.10761245465151895
1.8350866998447564	0.0007050069527397088	49.95396856610992	0.10716132117473133
1.8365605038000452	0.000827133200275638	49.87508547072862	0.10761244442307624
1.8383179364169502	0.0008997184633834849	49.85150067855803	0.10699296063149913
1.8400960125215509	0.0007889205870770139	49.91698628758462	0.10699295709174213
1.8415052110756016	0.0007109944139822072	49.96900504248977	0.10699293588336732
1.8430750999275207	0.0008360963568833137	49.901525744187616	0.10699294243347299
1.8447715112279979	0.0007742390243439399	49.922311750209325	0.10699293134710941
1.8464960942676085	0.0008841762964941362	49.85250726555673	0.1069929553602713
1.8483548418987223	0.000952118166940482	49.795862016874246	0.1082532602532717
1.8501071562558415	0.0009815357756743108	49.78853816269779	0.10699294412762095
1.851884319084121	0.0007322257214161409	49.9139467055488	0.10699294741598096
1.8536346945010558	0.001038339079707932	49.76133151746173	0.1069929457622878
1.8554753671537574	0.0008977097936996887	49.817623385416525	0.10761245251730374
1.8576594023420014	0.001288977017604334	49.67323556674383	0.10656629026440398
1.8602898892973765	0.0012150284665862006	49.68691512051939	0.1069929420241119
1.862552838481617	0.0011883691760998442	49.69430151413782	0.10699294926162521
1.8648754850279636	0.001082040127096266	49.7319131847387	0.10699294770311782
1.866887293334845	0.0008803522711387588	49.81862230501493	0.10699294490787753
1.8687695085989957	0.000983901246053851	49.76460025813449	0.10761245161828209
1.870528469881029	0.0008307032555031869	49.8403109295995	0.10699294367843025
1.8722709738051972	0.0009186575560054019	49.78018475672157	0.10825325893723807
1.8741044133946927	0.0010359822538813423	49.72682262634551	0.10825326382763031
1.8766351238590873	0.0015142425033814319	49.55646941083502	0.10825325568925374
1.8793031931668853	0.0009891107892940861	49.74632865989014	0.106992950817293
1.8815840084416	0.001347033144275183	49.59742127694927	0.10825325823810222
1.8843517082950108	0.0011848244010663276	49.65045485783182	0.10825326363636743
1.8865654682209239	0.0012127714682143656	49.64872329689709	0.10699294683537605
1.8887477209192145	0.0011007832469931277	49.688974983155845	0.10699294951473103
1.8911768344568625	0.001350097648969141	49.58768193837608	0.10825326105061485
1.8940890853157373	0.0013243807042674271	49.60412871403207	0.10699294482287547
1.8968116515083104	0.0015538877439609372	49.53130569949136	0.10825325708922792
1.8993919407465847	0.0009971725501016384	49.747555653374306	0.10699294238894681
1.9020990496269405	0.001529621412920392	49.57238679542387	0.10699294247188953
1.904552611118349	0.0011690003165223215	49.668779998099495	0.1076124553308509
1.9077393451754188	0.0018172535610869438	49.46329004512336	0.10699295690404163
1.9111704489517236	0.0017644330141727454	49.46701329110064	0.1069929512411525
1.9145236958815337	0.0013813653856365102	49.56590495022769	0.10699294124276867
1.9168237632275016	0.0011480498585331584	49.642091628162134	0.10699294631204198
1.9198507166013363	0.0016854665144044223	49.468607202371274	0.10761244808995621
1.9229921046517875	0.0013526081969308771	49.567828133620694	0.10699295078324585
1.925717904561715	0.0014796980498862308	49.52016251272264	0.10761244404350638
1.9290822760385447	0.0017865778314206568	49.439061481024126	0.10699294136569205
1.9317947253798744	0.0011305766289073475	49.63399659566767	0.10699294562650137
1.9346809406986947	0.0017170677597537895	49.428883399646125	0.10960256835230806
1.9383951248365454	0.0017798295169404797	49.42664600878639	0.10761244795641259
1.9420778136010357	0.0019999748179978577	49.37270308670634	0.10761245207308469
1.945646523628144	0.0016574540894090184	49.45504903279918	0.10699294755484655
1.948891951216309	0.0015705593377344778	49.4638850718424	0.1082532591323038
1.9521191483006768	0.0014362427206484469	49.5074501897938	0.10761245356362345
1.955595027882035	0.002175345916232107	49.33192140415914	0.10699294454393918
1.9595719810492445	0.0016941671397090712	49.43116888370195	0.10825326161412323
1.962333195740662	0.0014570704080253112	49.51012366724154	0.1069929469678926
1.9655813563364846	0.0017105343723561746	49.43615585306922	0.10761244149236628
1.9693092288557277	0.0018100985039521595	49.40713186011766	0.1069929432643036
1.972604291773898	0.0017360410018846463	49.41618609534962	0.10699293725450451
1.975974095660229	0.0014184678365551306	49.49194866869002	0.10761244561509348
1.98008920107437	0.0028740908439876815	49.17739448447816	0.10761244219842214
1.9847315031210848	0.0016493933476055078	49.40598587968163	0.10825325380078542
1.9880178245402824	0.0014773872658707622	49.46162865760475	0.1069929479314544
1.9915640965258201	0.002206950788427728	49.2840633308155	0.10699294403319955
1.9957708298797692	0.001904761735932417	49.33353157761654	0.1082532592926134
1.9997889060058975	0.002205683183899446	49.27184495492196	0.10761246232637421
2.0036404472907647	0.001836830295111246	49.35512093838561	0.10699295509999185
2.008064625644	0.002651133199143702	49.197887645293456	0.10761244070821124
2.012837224705172	0.002202206783308687	49.291900467057246	0.10699295617369925
2.017661786260963	0.0024893622046742005	49.2133299507722	0.10825325183262882
2.022111889785287	0.0018183592995880524	49.344100875473366	0.10699294233479248
2.026938349460666	0.002802307053128737	49.14011545939884	0.10825325936826187
2.031784714111042	0.0020952256486764173	49.2860112049556	0.10699296220175147
2.0357318460362395	0.002118035584548488	49.28220993858535	0.10699295305245499
2.0404736539117674	0.0024890963588653776	49.194037773758595	0.10699295396253299
2.0454156762068085	0.002511203619193225	49.17796620302105	0.10699294764695437
2.0509245597679966	0.003371475817445362	49.046959881591896	0.10699296769865024
2.0565696607508768	0.001945315166911982	49.29286071812251	0.10699294687704854
2.061381314173822	0.0031307556156881357	49.093227667006914	0.10699292405428013
2.0677249815982703	0.002757048650496898	49.152826258546014	0.10699295537151393
2.0722174057969127	0.0016120974776052783	49.37807986368741	0.10699294294434167
2.0767179222499395	0.0029241900678114332	49.112540996678234	0.10761245162572526
2.081530940308809	0.0021864996251216404	49.220747432019124	0.10761244913295206
2.0863812746684274	0.0025853670090753003	49.13772337420755	0.10761244929122071
2.0911836921727804	0.0022734599945321656	49.195059753449584	0.10699294107602508
2.096759291904583	0.0030770586592479272	49.05536113602367	0.10761243973414554
2.1023124521052208	0.002568040739932316	49.13034541692319	0.10699293740457048
2.107855372076119	0.0030477378630653583	49.05480072563271	0.10761245681655915
2.1129171145515437	0.0023608515711508117	48.98293083096654	0.11637513889640058
2.1189138154823177	0.0030752345760345526	48.84595018678508	0.11637516085653223
2.124206883518622	0.0028558471139905365	48.859642428922584	0.11766609802374739
2.1306179081174017	0.0023511319426400145	48.936313462979044	0.11902137437270184
2.1347836802998192	0.0025416071363282594	49.09512435582363	0.10699293273479016
2.139361851552797	0.0023707011484064965	48.9908871195807	0.11498104430084533
2.1441251213898336	0.0020851381769554046	49.018904209260356	0.11799399340290367
2.1481911962420113	0.002339729593306219	48.99301955892707	0.11498104344054129
2.1528824243498703	0.0022630748088241096	49.00589811534137	0.11315266011240376
2.1578886472828596	0.002320196586309458	48.923486845804746	0.11766610582827171
2.1624228358331368	0.0027100806994167187	48.865983106616774	0.11902133774205019
2.1674620635923225	0.0025868935989179147	48.9225418403112	0.11637516636878997
2.1732611786566958	0.002417987785757337	48.92571784871653	0.11637515475162438
2.1776604852443158	0.001916284488459388	49.00337677015302	0.11637514162965618
2.181724234655898	0.0022485117714878067	48.92821943022424	0.11766610140580787
2.1869926232506867	0.0027679619793673986	48.85987059878533	0.11637516328917924
2.1919243942294573	0.002323566514901823	48.919833903466284	0.1176661017985674
2.196197278694714	0.002123191316519944	48.93854799246793	0.11766610891327246
2.200426334062171	0.0021916685222596296	49.09065182793103	0.10761244271382817
2.205101050736813	0.002426517812693068	48.87412584228639	0.11637515676124914
2.210638647069667	0.0027694763400593096	48.812418766743086	0.11637514175107645
2.2147396116704487	0.0019025421932091788	48.96756442495758	0.1163751552334146
2.2188454196643406	0.0020574561457662424	48.92587324411267	0.11637517200382594
2.2239294175017865	0.002750577891490956	48.80526090269362	0.11637516123989648
2.22841891314224	0.0021244379107925974	48.92374769481371	0.11637515366131418
2.233035887533824	0.0021728543469206607	48.88928166634042	0.11766609464931069
2.2372125455192364	0.0018192238103282206	48.9452227451911	0.11766610581299008
2.240521180520872	0.0017903800842948066	48.948958138529456	0.11637515177915644
2.244900791893694	0.0025479718439995135	48.76677132480774	0.12044499527458105
2.2494370689886023	0.0020329104141842518	48.88468818700887	0.11637514128641085
2.2545820465144972	0.002673772922722975	48.762474650853115	0.11637515846140492
2.2598729690440837	0.002881087654494355	48.72798841982312	0.11637514997225867
2.264833937181927	0.0019166030647727297	48.90245089453572	0.11637513405293244
2.269025995945691	0.002669860439826226	48.751525829285086	0.11637516928355361
2.273362045886596	0.0016163019627699064	48.96223710387201	0.11637516629120516
2.2771865459307143	0.0022765183938407096	48.802241016720465	0.11766608447378386
2.2810196694829252	0.00157161499943331	48.96289837283148	0.11766608823925716
2.2849233479006665	0.0020566742384382814	48.8538723272649	0.1163751377507357
2.288999407971831	0.002417608538611375	48.76536933918322	0.1190213554108338
2.2944449770584656	0.0029727337137367693	48.68885525992163	0.11637514703416034
2.3005492150635334	0.0028299696312373544	48.73071040537047	0.1163751536142047
2.3053505060029207	0.002322665869389671	48.840721164225016	0.11637517232707123
2.3095942568770917	0.0021465990510635847	48.873474310539265	0.11637515289270493
2.314389306118268	0.0023750353951465615	48.78981394339518	0.11637515970086769
2.3190650676521627	0.002175170198854311	48.789187602677664	0.1163751381724545
2.3240054514443353	0.0024648799765199657	48.72914491953727	0.1163751484020622
2.3287413852482706	0.0022859671266619542	48.757978652118894	0.1163751560380013
2.334481204567712	0.003130801737172384	48.60906440432893	0.11766610331403232
2.3392294738538877	0.0021703263494200612	48.765044612775746	0.11766607156454897
2.343824460521503	0.0024367134272890614	48.71980417539799	0.11637515048221653
2.3494093920636034	0.0027550836072912713	48.65608803254528	0.11766610028913195
2.3535052839122934	0.0018536144360085873	48.82664826545526	0.11766608816386466
2.3577489170504724	0.002069774504177869	48.78513511918913	0.11637516082123815
2.3609817590531597	0.0012966916859370123	48.98692396988341	0.11637516668165734
2.3644417365104347	0.002422837042667675	48.71283193444698	0.11637514537935194
2.369820672604821	0.0029170209960012543	48.621044282786606	0.11637514963297636
2.3751940908772387	0.002171707665593778	48.73000880761538	0.11766609427584915
2.3802504834159444	0.0026970186254654345	48.621539140979294	0.11902135147192164
2.385079837263457	0.002235297501162538	48.7133522509584	0.11637515642544127
2.38937960181323	0.002118639829387945	48.73152062160999	0.11637515806048207
3.238862366104362	0.0066690777648049145	47.7523763677996	0.12875697394520752
3.2517986334949716	0.006294854077954825	47.44378114066047	0.16535140853223967
3.259844972215068	0.0024548353400417455	47.704320579775064	0.1372011985462905
3.2654301202531495	0.00287664019181943	47.410486565392645	0.1908511987336213
3.2689783977241027	0.0013265797397826872	47.96424272434008	0.1349114285920006
3.271828268679278	0.001293465561361729	47.93252182620017	0.14491826378879907
3.2746018250140216	0.0016075702575108716	47.86367922641332	0.13962516841818978
3.277789022880196	0.0013955740734443668	47.70824856579361	0.18978406389901137
3.282756110964791	0.0035131098008173633	47.438150446376085	0.18958401682420614
3.2877801522245567	0.0015158714805705632	47.73115424888249	0.18415754244323693
3.2908776949742236	0.001995371008965481	47.59207023291151	0.1900389796508825
3.294662731094175	0.0014205331865200746	47.87139130489571	0.1449182823810772
3.2980952421689875	0.0021185906142442983	47.50711073667484	0.19759788338938356
3.3020366877131195	0.002014880649848435	47.54933307635356	0.1961819793640001
3.307297347873178	0.002405756804953867	47.66887775570069	0.1349114345353243
3.310868715836831	0.0019342493601765683	47.637727347444354	0.16960990871218154
3.316108507702671	0.0029001454941620557	47.64092820146514	0.1396251627757159
3.3261687354798757	0.00787504930748149	47.513566931226954	0.13720120367167982
3.3453469571584202	0.010975582067301521	47.629873467386794	0.12517228995940477
2.399081973693133	0.004361808763449382	48.81116095489123	0.1261462227902744
2.4098564280523327	0.007658665898709147	48.51067819531663	0.12996333063812315
2.4230128186953728	0.004953423664247031	48.716933058137	0.12778607080721668
2.434874664653908	0.005623182388292538	48.65840786234031	0.12851740683016885
2.4461096513336194	0.005479578884174244	48.7130725708771	0.12494152299668106
2.455475968769273	0.005362972993804455	48.664484054410224	0.12996332983504785
2.4706843679419195	0.00813730527124196	48.60680879802716	0.11917034175153547
2.4845519537462493	0.006448483584243517	48.565354145523614	0.12851739741643636
2.49567359749537	0.004888585747525001	48.68515776825203	0.12814955650553092
2.505664199362177	0.006142230454974827	48.579856348247844	0.12778610694072082
2.519858554925074	0.005944988206600914	48.547162977979596	0.1295677317953579
2.5309404604034844	0.006439035341901453	48.53152116674148	0.1261462211389244
2.543126176965281	0.0062608758531162365	48.5114785768397	0.12778609536201543
2.555784759764051	0.006081021087574348	48.497766156832235	0.12917702001114162
2.567369389518377	0.005328931808340718	48.54508838292044	0.12996333088829554
2.5789897401745625	0.005764631214456454	48.503605813176456	0.12996331714631304
2.589662101798896	0.006187099902420265	48.56492297166907	0.12219078430953961
3.2476843501137256	0.04482699211125074	47.43597530825812	0.1333160906274988
3.328539495777646	0.007545643905714801	47.43430984483585	0.13001203114015597
3.345868583683449	0.009315959950164753	47.27553700009854	0.1314546946001549
3.3599395098410425	0.005129974719418512	47.516195295809624	0.1305812810920351
3.3667476611531195	0.0029412203575676765	47.57780067739726	0.13086980019375813
3.3729454805784584	0.0027793103412898615	47.592587331150625	0.13001203455101812
3.3792857817747213	0.0032868429281971557	47.50614303497439	0.12768053202715396
3.385058780904508	0.0027929457874202286	47.51119931807058	0.1311609413499146
3.3921769263556563	0.004342916539773277	47.287031612532445	0.13175116949230095
3.3986653197890564	0.0023575400107454475	47.53928005750821	0.13001203388565727
3.4044059821861086	0.0029297676897005786	47.42125501093411	0.13175118347056444
3.4096661245495166	0.0028945305474861968	47.42728238616054	0.13001203948424472
3.4155158435635515	0.0037797220479639905	47.29812389005535	0.1305813060903792
3.4225414543354904	0.0023966997566160376	47.48474415026436	0.13086979582003144
3.429064447933548	0.004559166647443266	47.24276978079894	0.12700423862189364
3.6357408527430817	0.013090586178486767	46.891030170390785	0.2040439173569283
3.663016420383949	0.011913233932602116	47.02832819251283	0.12979724437061269
3.6865711995279753	0.014091309001594414	46.90796424098949	0.126876201208568
4.262655965261278	0.05583855071800446	45.90527727178432	0.1493226725460479
4.376690722589277	0.025930078156442937	45.95376756274091	0.14819886072746044
4.632947058296683	0.08383554268245628	45.47470176702388	0.1500277531034691
4.938168606335645	0.20597591808249843	44.92693659474358	0.1664778117951237
5.333839143124176	0.12594074268472766	44.74106122182594	0.1687380147618445