0.4006111534491994	0.4342652187408441	50.66314017244081	0.13468325312423593
0.7057042929486643	0.004058691463381125	52.34135693402522	0.13686216944318838
0.7391699218136956	0.028451046062466272	52.101785960353425	0.12696797558393172
0.7672313561968462	0.0005032235240899812	52.99382504456786	0.1411692434313785
0.7752092065272447	0.007410957855140674	52.21454938921487	0.20538371767542923
0.7837703842802146	0.001211049557657318	52.88925273976202	0.1399732895996151
0.7928781876520075	0.007827048907870584	52.55880231885798	0.13212765929321432
0.8182147066454941	0.002461162412639103	52.929794786970604	0.12971587301338397
0.8465782150513219	0.025151583131664487	52.462086275921884	0.14619362626925264
0.8718202080005006	0.0007910466189712398	53.30908720832457	0.13314341510697686
0.8937993641279505	0.020680241990048306	52.48659666582557	0.11772417590026353
0.9159718751990313	0.0019650929848925346	52.571326491586994	0.1423491958669749
0.9401195565823359	0.021629810191750313	51.6950706295915	0.15809041429932497
0.9714095201527755	0.010063122261227186	51.58136054387444	0.137203263740979
1.019299394435792	0.03633143961048152	51.120732145970656	0.13642464950409966
1.056523724084921	0.0023265429604183733	51.76752061587419	0.14261037440878074
1.0698874897991724	0.0038854068307900857	51.744619996650925	0.13273512931624998
1.0748722016381775	0.0011151482395731797	52.002978817261706	0.13819506757386857
1.0832170776328547	0.007171289075761154	51.47384450208387	0.1695698403835939
1.0973279123327058	0.006942028537210877	51.692330073335484	0.13224397079989972
1.1176700633392762	0.013248729686634207	51.50200505346696	0.15254002284162307
1.13731655401457	0.006545993599320252	51.77791668612487	0.14104309442645893
1.1449750477974732	0.0011597915298073138	52.18945134172735	0.14017687863262962
1.1506315723265879	0.0044750632563334515	51.90293529744399	0.14117311102316535
1.1557013562143057	0.0006171804908283399	52.3585849533438	0.1406316370371089
1.1686722328388415	0.0121800730548248	51.8244889005609	0.12941942935478717
1.1865684934198677	0.00584418071630487	51.95177202289677	0.1408811455281646
1.20394052307584	0.011414146894548192	51.8425674552999	0.13584151608257045
1.215476247278666	0.0002689102167531473	52.627164975898765	0.14066103411245434
1.2341611021542493	0.018031028004763406	51.71819105677299	0.142763974851837
1.2526514840804541	0.0008228313144148401	52.40477530398404	0.14221932155346548
1.259994536382361	0.006472286687369638	51.91837535313894	0.15104593070401945
1.266897099037878	0.0004777673272949079	52.53472479141993	0.141880190863201
1.273299532385848	0.005884695918315744	52.082398118139395	0.1302995263671468
1.2849122726821416	0.005729428262315268	52.02876285651362	0.1439346151033664
1.2962225658490265	0.005582143450814847	52.086867135049914	0.1389158011193833
1.3024299926308678	0.0006603509578533747	52.58077299594436	0.1355352058029028
1.3057192597537943	0.0026214738891399184	52.29534641638348	0.135655453881949
1.3089838017205562	0.0006504606114320598	52.56429340853468	0.14131903408683025
1.31042686958591	0.0007923701579721551	52.509838854279295	0.1453858669049296
1.311362298888747	0.00014375732803325835	52.91796765832615	0.13977435909482025
1.314299370210556	0.002784373758917135	52.29321176463831	0.13692655159550565
1.3172876223269903	0.00021271392815468032	52.80599421345874	0.140897157111314
1.318349891742438	0.0008487770918662233	52.3770891741327	0.16952288686191339
1.3194801225874313	0.0002821903538085922	52.73163995663652	0.14070248489020465
1.3222928977326527	0.0025233174923458396	52.22978141768945	0.14245346077381116
1.3262004265972358	0.0013892866560745046	52.390874632686334	0.13053983813652145
1.3278643788923783	0.0002767947877382994	52.69196877188648	0.1377499747522897
1.3314478860300132	0.0032942431130082374	52.0598143086686	0.14754329489643322
1.3352742637751307	0.0005442244116615928	52.439846905542176	0.1421394708237868
1.3389323292592406	0.0031030430281629136	52.31580704438773	0.12504388067148264
1.342091312863853	0.00006696856337613612	53.247087881365935	0.13934755999125148
1.3432950772019119	0.0011353143820769659	52.75209601139233	0.13604022257052673
1.345626221563296	0.0011956624183449326	52.565025480728195	0.22575446229214072
1.3472836969274504	0.0004632086260658466	53.18394709781139	0.13892282284135377
1.3484071777340843	0.0006600169936436143	53.092766389566684	0.15525870591011595
1.34933021992464	0.0002634462777191798	53.43468609189224	0.1356372290036681
1.3515637599662416	0.0019657115527391524	52.68833750178018	0.12914369314164736
1.3539162309282613	0.0003910185084703925	52.59843614555838	0.13504970573518946
1.35495769719319	0.0006501365736820505	52.281360131606874	0.13821670637337294
1.3567742750853071	0.0011653611219657257	51.65508691362034	0.1808660057875138
1.359098765484121	0.0011591403791892958	51.816825640393944	0.12409857360781885
1.3614108806395189	0.0011529856968967502	51.83275963614641	0.16481454569990114
1.3628178040027925	0.0002553903496211305	52.44201072493448	0.13677528994239616
1.3635833000225719	0.0005098811800951775	52.288305630106294	0.1538560363791284
1.364283821387255	0.0001908972748405633	52.647084041429466	0.14124140205162822
1.3652372603920657	0.0007619145741486704	52.50859340650015	0.1287636423260092
1.3664419527437905	0.00044321901331961886	52.70951236410704	0.1347906165202271
1.3670114322414553	0.00012646806062435097	52.913232930458214	0.13664531821568834
1.3675801659458018	0.00044205893126792465	52.222316244339204	0.23529311440568082
1.368463385093774	0.0004411608351911257	52.53476659165882	0.12037822813361837
1.370224453033464	0.0013181266387679758	51.86391188071121	0.14870935625407872
1.3716031568819353	0.00006256898911637812	52.38931606171535	0.13823207739064697
1.3748446174597873	0.0031672901776846445	51.00554445761315	0.1483724946691572
1.3790472708147048	0.0010455960788093566	51.69858149285121	0.13960211590685892
1.3823559403942105	0.002258437513505339	51.962979613205874	0.12416239590799219
1.3847906570097903	0.00018209284990427577	52.50615667460083	0.14234007567380658
1.3857001682386878	0.0007268476206941597	52.285056676664375	0.13575412612915005
1.3871514359399377	0.0007244227914564343	52.15475458186314	0.1746035797414589
1.388116260486945	0.00024093840231235262	52.57440250450167	0.1417122107928273
1.3896195208061606	0.000420185261104421	52.51497114753764	0.13751220576878906
1.3906387737458243	0.0005988575394554017	52.44841709061326	0.13881434657237532
1.3924316405801163	0.0011927808293137453	52.198306665639485	0.1614100140634132
1.3948106742417634	0.0011862647261375663	52.29179083846723	0.1377267490340044
1.3962318640155704	0.00023647782517225853	52.64467670974301	0.1335706676727543
1.3973536835583351	0.0008845041416607153	52.313229214848846	0.13980057793679077
1.3985314240429605	0.00029403625019637785	52.52348168551245	0.14223006082684678
1.4004677403070964	0.0016392779090553475	52.14723176294499	0.1328859175049717
1.402512018797335	0.0004078949387594845	52.355526872618796	0.13826559592864626
1.4040824849152669	0.0011612074301710841	52.097799709544994	0.13403639446029286
1.4100791715714407	0.004810191979195686	51.599416450799524	0.13286557735113466
1.4155985761920973	0.0007350333957936044	51.882993625181584	0.137202685105597
1.4178543488932531	0.0015186990126117743	51.7233831053688	0.1351446069673037
1.4208811746011065	0.0015081512030687611	51.646189720123665	0.14298143265181762
1.4228874018417645	0.0005004001174089088	51.89716283791644	0.13766623621112686
1.4247183373320902	0.0013287864770960775	51.618171047825506	0.14746842488938228
1.426706957178952	0.0006613579587478697	51.7864121642748	0.14036241894333368
1.4293443644849537	0.0006573537985761714	51.75411485965903	0.1422623084996201
1.4318569385301565	0.0018517581887151663	51.51535024165671	0.15161711116518375
1.4346257309774826	0.0009199950395713473	51.79880605268844	0.13915359322220286
1.438504805113198	0.0029499875268987597	51.60427286803693	0.1443834683467996
1.4414980897634915	0.000053267731938402435	52.55266962878485	0.14252760560047809
1.4433054267463294	0.0017505350404326088	51.815516468736966	0.14536775966140428
1.445633223866185	0.0005803924530809552	52.14368106865247	0.13985307884698606
1.447948610597185	0.0017319191911611363	51.98970413766417	0.13326401669511215
1.4549765618255202	0.005267273934640418	51.93767487727569	0.12965185360481776
1.4615875405756285	0.0013732149374240461	52.33106710253901	0.1393087886987939
1.4660402991186738	0.003070802116140831	52.19405220269993	0.14184649493404378
1.4751563572092348	0.006014032473377671	52.10721910176963	0.1351901348943231
1.484084992053711	0.0029458263210035045	52.30657008946987	0.13240511923951545
1.4876918901271146	0.0006704994730510347	52.5863887355981	0.1416340329358938
1.4896033900966565	0.0012397446796475744	52.40024804382842	0.15332548585766131
1.491316576149993	0.00047494762376291977	52.67689767659568	0.14008479850259706
1.4924549571763563	0.0006631860370090616	52.518005715922676	0.155239963103037
1.4937793079341715	0.0006611667777646902	52.57926160476808	0.13759970088271017
1.495758292512813	0.0013163216797160216	52.522287726308384	0.12121688587078963
1.497728300183669	0.0006551821107254518	52.51379534083059	0.14095183587863977
1.5006201713876468	0.00223143048167207	52.28662466813585	0.13180316484448307
1.5031233031772175	0.00027732577960382375	52.67801318209952	0.13868088793605665
1.5046459227263522	0.001243598348863748	52.32459534453084	0.14130313804026814
1.5071260244340645	0.0012365168391353142	52.14822973377996	0.1780185174136097
1.5087715920372196	0.00041061348948685913	52.53497076175125	0.1410843031632322
1.5118176739253233	0.0026276808435597362	52.21976713996085	0.12352772100958544
1.514662540885174	0.00022504520232563384	52.67430728716822	0.1319963192093739
1.5165040020100666	0.001613469625900565	52.180414641984825	0.14050143315935126
1.5186499841197598	0.0005351722144435357	52.434462693328506	0.13714347423258005
1.5250250309719706	0.005801111268528019	52.018062231583635	0.12815676634220374
1.5313078501337039	0.0005197993011057095	52.537322450096184	0.1391031721278511
1.5328644551002437	0.0010358791265830318	52.287130624309896	0.16251083497538021
1.533942157558006	0.0000430546574006805	53.12568786383653	0.13495459310495475
1.536046728229985	0.0020566330208797445	52.1439982078236	0.1695628440722889
1.5386099405394056	0.0005111326232108297	52.58839268130524	0.14140788004844865
1.5399708264398417	0.000849222445922436	52.51218789289201	0.1387642576184933
1.5425110502823638	0.0016885395459875598	52.44470186899683	0.12831976196143993
1.5458750669410999	0.001675510754303845	52.288495708731716	0.16365627245339634
1.5481728051314358	0.0006250010532933163	52.70420947273687	0.12643458306739047
1.549088507290659	0.0002910528310856993	52.769921378319694	0.14209997475059133
1.5508727331357628	0.0014907062178819979	52.34939269449274	0.15989946758779186
1.5527321297902166	0.0003710843807958806	52.77095481486854	0.1357744857851393
1.5546246537736952	0.001518935616186875	52.35143631086979	0.16205852294646375
1.5563863254238997	0.0002453167600767005	52.83696407773465	0.14200238196131795
1.5602937627298852	0.00364679240825499	52.26560172889237	0.14363908255151533
1.5642868211938747	0.00036134161689853686	52.82306775551141	0.13730402438047662
1.5694354116283753	0.004761109060198034	52.31657926271692	0.1376733010174912
1.575111488213477	0.000939857580952611	52.73031737913944	0.13737498985317806
1.583027690096853	0.006921609762883247	52.458426881622074	0.1257674059681475
1.5966548610575364	0.006707797438872704	52.456381983466734	0.15394446218752997
1.6040813740259208	0.0007693079421815255	52.94379967138875	0.14098121706834116
1.610842343811238	0.005951191093301485	52.376131210606175	0.14211041994578538
1.6172865049560579	0.0005330488974778144	52.784692629229625	0.14257916145985244
1.6231809335871494	0.005328745141426083	52.19564678657168	0.1405063856239747
1.6291347734752204	0.0006570238319088947	52.540178431735484	0.14157865499318228
1.6343252430482762	0.004510357678466714	51.98680779883616	0.1528695673662232
1.641038623019738	0.0022205860533213067	52.26731107752622	0.12933917294186068
1.6439893575688402	0.0007351832750625553	52.42912775515063	0.1412187403528717
1.64788170119738	0.0031463294794720634	52.100167162362595	0.14319173854372602
1.651608144208271	0.0005910533132906324	52.4827932408406	0.13934696757694914
1.6569601827434344	0.004735381447999768	52.03779313520971	0.127063900749601
1.6663291572094852	0.004634319737014104	51.56689887083382	0.1801787902468918
1.6732255894548973	0.002280654855490464	51.76761844479282	0.1316800950929307
1.6778867632219066	0.0023799413642764397	51.808787089839875	0.1617608963191603
1.6806596418741662	0.00039925099372121	52.49285423720924	0.14199753609653967
1.682161909761326	0.001101800300103	52.425824176291364	0.13506230519613657
1.6834759590323412	0.00021359170194302864	52.82913350792135	0.14239275007195032
1.684573043787987	0.000882647406461994	52.50059503641277	0.1666396943547508
1.6863347605591996	0.0008790741970746424	52.80944009003181	0.12985382163387424
1.6880893597856161	0.0008755298017855248	52.85364908123328	0.14513243207884444
1.6890543886637936	0.00009037101527084068	53.449064434929035	0.13919668524913226
1.6893254171254668	0.0001806292707568048	53.337588984505786	0.13154417418618936
1.689866967145751	0.0003608083455026823	53.061121011966684	0.14055892994434552
1.6920264394650948	0.0017950936318176713	52.48933341307949	0.13440814043696947
1.6940859063129459	0.0002679901911314375	52.615523285591564	0.14202212062733283
1.6947404998835482	0.00038651392750224797	52.50358017336333	0.13513989778217503
1.695750207797769	0.0006229187196241918	52.18827278353063	0.1509470931334442
1.6969942617123217	0.0006211368973050556	52.37448210129738	0.1354487658892523
1.6976740222386648	0.000059063376217143376	52.928499449760295	0.1388182140340323
1.6981167718080887	0.00038352075868902094	52.42141104204401	0.17595640559083298
1.6989125853372227	0.0004122662146285716	52.61808049688241	0.14227231485141673
1.6995893522512944	0.0002646156053315855	52.78742732619353	0.14072867923129
1.700793153419046	0.0009382511820381788	52.69991711489758	0.12856455553041496
1.7017889029126887	0.00005850640162084454	53.35428828659329	0.1382384147426713
1.7020521019382087	0.0002046483433795462	53.03202249771237	0.141640216749146
1.7024612058789246	0.00020445565609828096	52.829513865651194	0.18415641898936985
1.7028699248015453	0.00020426333132922764	52.99681306396715	0.13607121217364834
1.7035988246869924	0.00011652616724506055	53.037521093291936	0.13825466659546676
1.7049368124316757	0.00040658702803871965	52.6264474154847	0.14190105081658994
1.7061548638041288	0.000810896568981117	52.30713480045023	0.15423926969981044
1.7070228136694583	0.00005780554196216869	52.87954374999298	0.13663759945810455
1.7072539743016302	0.00017332434649565108	52.38705043072001	0.20023546530700134
1.7075138830362664	0.00008661032474843872	52.73662158111436	0.14108993151626945
1.7082062135005134	0.0006053065543668534	52.30465447490625	0.13926418587260886
1.7106493788048627	0.0018343951374098773	52.29517323301886	0.1236429675868
1.7126225966131465	0.00014266245820626985	52.8691613570682	0.13749454794316013
1.7132213659718425	0.0004558908880684661	52.67143770537244	0.1322581457407923
1.7141321919665318	0.0004549357708288215	52.51867046528542	0.17326546587550912
1.7148140600538442	0.00022711102756430262	52.90396797445538	0.12861315401745885
1.715551544371389	0.0005101328091625507	52.40029436255769	0.2284692219250794
1.7163160702596905	0.0002546177842639131	52.880783512285234	0.14099773911903207
1.7184327187168034	0.001858118948505553	52.64285657347047	0.12549553423975582
1.720903170814322	0.0006158597272699592	52.934112616823626	0.13575769473401145
1.7218259792948234	0.0003072762550426231	53.10461469525528	0.1389975477189326
1.724332808860928	0.002194100809956314	52.758237968227014	0.14553373257146612
1.7267147795245497	0.00019335061411784873	53.33805789972266	0.14167048439304225
1.7302360199019602	0.00002739846773058501	53.64304624499849	0.13789077031864463
1.7319859913962876	0.0017191621992926084	52.6537482979714	0.1415857807782411
1.760934634497938	0.026396612653245794	50.813548860390625	0.13740960419681914
1.3330953105168115	0.0009298350079319004	51.86967099007646	0.11352044938505539
1.33502589038364	0.0009563408988058254	51.8839960754476	0.11211459197323755
1.3371003737883056	0.001053397576583122	51.991132978797786	0.10722843716798576
1.3392155582021528	0.0011308611019328729	51.97136988760144	0.1066384703908466
1.3414747646642065	0.0010830788055216714	51.993174789300916	0.10663846193650332
1.3432717024538579	0.0008682283151217607	52.090429054825975	0.10663847665985689
1.3451676422771883	0.000882732634722165	51.9115850572836	0.11290719898215641
1.347174498306725	0.0010193152408495257	52.01892336321369	0.10692980185788835
1.3489117974535012	0.0010366714829042965	52.000137879907385	0.10692979628252686
1.35125896774864	0.0011753372268194263	51.93034723387839	0.10663847180893533
1.3533488836629939	0.0009266201842166342	51.844775561239636	0.11290719523660395
1.3552404145602086	0.000933963134665676	52.02642760912934	0.1069297985069353
1.3570719875256394	0.0008281333554351298	52.095667121880666	0.10692980282125644
1.3589055324398989	0.0011000627911820896	51.99388117040338	0.10663848920364025
1.361106513894486	0.0009534825643603782	52.0549279715297	0.10663846344923233
1.3630252591119265	0.0010019284037266621	52.03463173666118	0.10644420035018322
1.364808471843094	0.0008008005607804387	52.1589322633166	0.10554802693998751
1.366663505726978	0.001131214178988951	51.942153222662	0.10663847956917004
1.3686303638800328	0.0008331584668857805	51.87565716373198	0.11343000203220137
1.3702934922742958	0.000787612370813611	52.06620336498012	0.1058922355983029
1.3717595511946574	0.000839686244003594	51.83804008567469	0.11250297857733438
1.3738311450738303	0.0010582300057125854	51.887436503966704	0.1066384874413474
1.3758619261916318	0.0010052754451319664	51.88650085545263	0.10722843837952677
1.377840083811181	0.000929778570421081	51.90710727984824	0.10692980676834815
1.3794468736485208	0.0008234177412969946	51.79230342809827	0.11290721016113313
1.3812038312164692	0.0008445736944089618	51.812363154033406	0.11352045700955343
1.3828744609711654	0.0007681718345461143	51.89395930621831	0.11290719944675762
1.3843412622160778	0.0007944429778857412	51.91414681063632	0.11250297098127741
1.3860089686601098	0.0008004772754814193	52.02231830141292	0.10692980390502113
1.3877215445301112	0.0009194129033143042	51.91794544949977	0.10672748478390172
1.3896885457607504	0.0009467670119708959	51.86867402919635	0.10731531832545345
1.3913926794996145	0.0008772991846723819	51.89968828028013	0.10753463623041766
1.393381843050466	0.0009997461353760796	51.865938565505175	0.10672747775312649
1.395089357016717	0.0007913237565644265	51.81436381950016	0.11250298019776704
1.3966868454173396	0.0008563345215158457	51.949795895684936	0.10692979979635453
1.3985784672943122	0.0009202337769905819	51.91802275824889	0.1069297897328541
1.4002979247555407	0.0008697427639715027	51.93849339064716	0.10692980153893654
1.4019172505175743	0.0007352170837758349	52.1076088033588	0.10433218806662409
1.4036729662780059	0.0009080491475630013	51.947988530692406	0.10663847710114194
1.4052855696877957	0.000936528536260812	51.94020769508372	0.10663848036987844
1.4070940613197158	0.0007438030318970737	51.86317433759737	0.11250296488885636
1.4086222200118268	0.0008072655131194972	51.82474490034524	0.1121145871659018
1.4101879599056586	0.0007642854663434918	51.85121035544127	0.1119053281573013
1.4118022641381707	0.0008398763160969482	51.840202905343986	0.11006986956834598
1.4134446847232658	0.0008750610059217299	51.91147764637104	0.10692980306510635
1.4152818309447137	0.0009505823496960608	51.87920835999131	0.10663847955325534
1.4170464374829437	0.0007297693618081813	51.82185290409558	0.11352045639377878
1.418500720929047	0.0008200010909450926	51.95394714535723	0.10663847651431008
1.4201544199849874	0.0007763201649574039	51.79144912114989	0.11290720023091051
1.4215899855032208	0.0007124152683784203	51.831464369397665	0.11268035637852623
1.4231069663770426	0.0007015953722365392	52.00424858009616	0.10625520035094882
1.4246768107688683	0.0008831737899043598	51.89908211662086	0.10663847898621964
1.4265085044556667	0.000942865839375049	51.880779209381735	0.10663846790655503
1.4282528823410718	0.0009088818087035293	51.87598063300685	0.10663846591168154
1.4301188032647771	0.0009200227465969395	51.835188997093816	0.10692979854029953
1.4319331807044464	0.0009148257836203137	51.8421199977811	0.1066384829361371
1.4338728475224642	0.0009500522141458452	51.87509440852118	0.10644418000789731
1.4356689419885456	0.0008813462140596301	51.9323694285268	0.10722844489092162
1.437280176202845	0.000796056393122349	51.965062586496764	0.10722844307402628
1.4390702980341747	0.0008999145611493697	51.87316836812781	0.10769766755849845
1.4409304175510562	0.0008627325167991129	51.912232703692	0.10663847284514137
1.4423495382596547	0.0006831497043666994	51.98153047591674	0.1072284449438045
1.4438938442790108	0.0007893229302169944	51.8955446423732	0.10692979440111254
1.4455356014366685	0.0007982190296488945	51.87473267273495	0.10663848205178791
1.4469239960855989	0.000718076891058668	51.78737452045189	0.11103556194348471
1.4483604021463847	0.0007419221430816518	51.89095161020757	0.10663847922999216
1.4499671090787518	0.0008201529260345763	51.819919339243505	0.10722843936713634
1.4515861097876885	0.0008288112292677687	51.76637693288236	0.10841342489692901
1.4533546247734463	0.0008319221877555217	51.843835364408726	0.10663846664611301
1.454821614365076	0.0007012623443225201	51.93976197909926	0.10663846781639455
1.4562193046268126	0.0007144568138351366	51.77442019856637	0.11352046769792289
1.4576638355555982	0.000653064761998154	51.83974814670402	0.11352047390023633
1.4591419396350247	0.0009053022964854445	51.89991597786063	0.10644417843093187
1.4607755679934056	0.0008585915946157845	51.89636638828253	0.1064441980145453
1.4626999445944548	0.00089284283654235	51.841683733684164	0.10663847025869627
1.4644011265186636	0.0007933426841290181	51.877728283554575	0.106638478397716
1.465808668674828	0.0007101870344085324	51.9404687985095	0.10692979332577075
1.4672919849892097	0.0006927067135460648	51.811347389883544	0.11250296453918163
1.468832779793408	0.0009190875079148482	51.84973082577966	0.10663848626308142
1.4705898670910598	0.0008668055363237225	51.85422870308505	0.10692981207617713
1.4722356678632318	0.000811417527038986	51.87963207661649	0.1069298107282782
1.4738777272954393	0.0006835176098213778	51.79749117058461	0.11290719545225819
1.4753978372668564	0.0008572622629869233	51.87517871128714	0.10663847906785726
1.4768880962349176	0.000640744239997449	51.76965526646209	0.11415600173852981
1.4782386763065496	0.0007464375224308662	51.83904796836159	0.10692980679835495
1.4797558190051583	0.000815779152819498	51.7939525704042	0.10692980827361191
1.4813357240485474	0.0007241238298130604	51.87389776799908	0.10663847202361294
1.4827307000799426	0.0006576145801570146	51.75930677761205	0.1135204648793499
1.4841694952429254	0.0007689042140246904	51.871907614834036	0.10753461936296571
1.4856564723001537	0.0007662760714529463	51.88769396338307	0.10722844050254084
1.4872989913331351	0.0007921451584133551	51.895272259044106	0.10663847405699448
1.4886654170421538	0.0006056822496945245	51.84728451410355	0.11290719542262297
1.4899965925662406	0.0007169720119614251	51.95131677378618	0.10692980668798086
1.4913237003095974	0.0006079229859759874	52.047015468790555	0.10589225180657255
1.492760389026837	0.0007479266242379833	51.923757358176026	0.10663846252736636
1.4940602129506142	0.0006465805696668714	51.987992398437854	0.1064441795451813
1.4954573147175831	0.0007397681593137341	51.914554146055316	0.10722843152516995
1.4967537942401878	0.0005968515033311423	52.01184354816398	0.10692980725778055
1.4980183553785893	0.000597454516765545	51.86158655756556	0.11211458414801764
1.499244269778186	0.0007426727113352251	51.92105692584443	0.10663848821248893
1.500745671216324	0.0007261672361206355	51.90109679715367	0.10722843369370748
1.5021121990444963	0.0006242792071479505	51.94096256686997	0.10663846797907651
1.5034721313263528	0.0006777480456346738	51.8780354013647	0.10663848795627522
1.504774869335089	0.000646939621679807	51.894217045719245	0.1066384785890094
1.5060645295486048	0.0006243623033947741	51.90556787235292	0.10663846504994874
1.5072015827778782	0.0005746513593351197	51.98556094979331	0.10554802872058584
1.5084658054760602	0.0006095056777145932	51.935243369863635	0.10663847154416228
1.5096170885072393	0.0006226909327322354	51.934087924915225	0.10692980290074897
1.5108584179068227	0.0005755086365904209	52.01630473108493	0.10522114164747463
1.512078098670393	0.0006961443794973306	51.87999008907563	0.10663846347815266
1.5135065217937544	0.0006464730192306337	51.92235004488722	0.10663849176772526
1.5146872951487143	0.0006008364422782718	51.96944065899555	0.10663846353485283
1.5159568705816784	0.0006159107409313153	51.97315449273221	0.10663847116928023
1.5170817774575878	0.000567320511609739	51.983071267181984	0.10692981362888818
1.5183555396120094	0.0006928486331993674	51.8744561087163	0.10663847294031667
1.5197879627400321	0.0007161437542138508	51.8404449090865	0.10663846869029876
1.5210383006894892	0.0005821344575770602	51.94174590434973	0.10663847013926032
1.522183317618686	0.0005684366945543498	52.03514549873568	0.10467977174892881
1.5234642798857414	0.0006097659306067532	51.92351958676991	0.10692980340813925
1.5245589341328865	0.0005598364254713218	51.961774403839755	0.10663847082135616
1.5256486419696054	0.0005584334755305169	51.983899193754674	0.10589223842174487
1.526965380651398	0.000719718749917743	51.839263158735754	0.10692979430048882
1.528367550659394	0.0007043155409239953	51.860168065647635	0.10672749511205251
1.529808676734377	0.0006704691371023029	51.88962885997469	0.10692981391626204
1.531032702529607	0.0005883956198126333	51.9583958707427	0.10663847013261424
1.5323721335678768	0.0007594260589563512	51.846867699303694	0.10692980746697872
1.5336988306209762	0.0005858715013672927	51.98458680156703	0.1064441987758123
1.5349398787105724	0.0006958849293373238	51.91041542369384	0.1069298039521235
1.536314436459056	0.0006551478040601985	51.94379066444408	0.107228455281367
1.5376120864490517	0.0005763469209786929	52.01787171665754	0.10663848146986024
1.538671698010969	0.0005738777292126813	52.027478425788985	0.10506377656166142
1.5399113767974426	0.0005839203577094859	51.91142142360242	0.10663847933051208
1.5411284708105528	0.0007156827162568761	51.81385490344138	0.10663849646341671
1.5424646129614432	0.0005488340338722627	51.976265697961686	0.1066384795700966
1.5434956183642532	0.0005433208697705402	52.04410952760296	0.1059721469348808
1.5445977077179305	0.0005608488753103632	51.97827820414751	0.10663846957935923
1.545845744513783	0.0006294062215123785	51.8901335964445	0.10722844137730593
1.5469648748076263	0.0005306414138955078	51.95644285325269	0.10644419118223133
1.5481394704613183	0.0005802538473460894	51.89654080440048	0.10663847259085527
1.5491986776029951	0.0005362327418046028	51.75093380961806	0.1129072044581955
1.550334088659909	0.0005514166146522689	51.905736881074425	0.10692978736466448
1.5515099564122097	0.000702912489930002	51.80728651816182	0.10663845818279256
1.5528372576412388	0.0005338199571592611	51.937902913803626	0.10722843296351621
1.5538953632118218	0.0005613058693512529	51.947672681258354	0.10625519973834659
1.5550718936311765	0.0005854186024644987	51.923484937926965	0.106444187664768
1.5563454373647119	0.0007145523343981364	51.819218186184315	0.10692978657152714
1.557633603800626	0.0005880909732323007	51.89821203141196	0.10644419340198821
1.5588061629715986	0.0006413948969258522	51.768246096596044	0.10892951903517224
1.5600992235701114	0.0005624657257515336	51.71402248719033	0.11290720531072089
1.5613015384581748	0.0007428277246912861	51.761125896490356	0.10663848015589034
1.5626375818326936	0.0005108256325948484	51.76795249311779	0.11250296254710099
1.563728390263671	0.000559795120914065	51.719626696239544	0.11415601082005017
1.5648104507346625	0.0005353442104328133	51.762110940340264	0.11290719295710648
1.5659058220769095	0.000648994742677172	51.824243778855845	0.10663846329049778
1.567128090584697	0.0005145456547822566	51.71692690123314	0.1129072015709558
1.5681619334689638	0.0005680368086099431	51.70855983218641	0.11070199031167878
1.5694096215218094	0.0005971578884868474	51.62807726497685	0.11415599079559792
1.570550854781195	0.0005847078575313502	51.71550597969324	0.11038031976070302
1.571805519502842	0.0006323460557697981	51.61759007000609	0.1129071988717639
1.5730349288766594	0.0006158028695619693	51.61063393836203	0.11481483248493803
1.5741706121876118	0.0005023445012774768	51.718515426611944	0.1141560007522407
1.5752113366010922	0.0004913542134292961	51.75257093517812	0.1129072011403427
1.5761714495130463	0.0005371474816989707	51.76421656945487	0.11153988117143708
1.5772619535858148	0.0005893804486982337	51.83989893224616	0.1069298014259348
1.5783827643767032	0.000516929327210128	51.71403130523611	0.11290719610743566
1.5794968133535683	0.0005398345616645048	51.6828468959002	0.11290719199282195
1.5807066046829141	0.0006552777069535481	51.75580282859606	0.10692978296576452
1.5818474916198149	0.0005080020064168317	51.694469408493674	0.1129071958684582
1.582895005642579	0.0005183177283444916	51.68417112310024	0.11352044925550991
1.5839860439424944	0.000644592923047498	51.77447693426373	0.10663848603633386
1.5851317532971274	0.0005395723105178344	51.72006784851954	0.11174110546557771
1.5863336029114015	0.0005934157731173088	51.66237161113952	0.11290719913143003
1.5874484031256042	0.0004929281956113369	51.72369769533346	0.11352045217383563
1.588452130707788	0.0005221711373006045	51.69115892114472	0.11290720977319826
1.5895425729783965	0.0005331729721789197	51.69549175462278	0.11415601042653123
1.5907360723634367	0.0006148189150400932	51.69008431194284	0.11290721044281535
1.5917736963471412	0.000542689090352733	51.784120680571796	0.11290718891928503
1.5928971911452683	0.0005046373587179078	51.78168394132319	0.11352046841238568
1.593864040525511	0.0005353950748025736	51.71756796645937	0.11415601550495325
1.59505134943658	0.0006152857375535902	51.627681267096804	0.11290721158544587
1.596119771034712	0.0005074361842559709	51.67780828507651	0.11352045377754476
1.5971650991249726	0.000533202070087556	51.629798942545435	0.11352045039168669
1.598213487037596	0.00048364481951357986	51.703446669534436	0.11211457638582395
1.5993223183027356	0.0006787095503419446	51.55979965221839	0.1137015237875624
1.6006591590878556	0.0006572387160243055	51.583569291489844	0.11352045490342064
1.6020066213539974	0.0005926271583069404	51.80864903132897	0.10663847205538106
1.6029864787307853	0.000513248434241953	51.68857940557192	0.11290720055481508
1.6040538978726961	0.0004689411747940935	51.70121378200215	0.11352045105403975
1.6050547391566443	0.0006131547330486127	51.580801197197545	0.11290719722360723
1.6061954802391547	0.0004748369940811939	51.6756202386946	0.11481483627901524
1.607185948107174	0.000508309426604295	51.655289474964235	0.11352046980123114
1.608283018865333	0.0006458018410464133	51.545373203397325	0.11290720740934473
1.609563662265054	0.0005986825932372522	51.57450263923691	0.11290720182155049
1.610717891985605	0.0005150157613784241	51.67686665004136	0.11290720599633815
1.6117251077403902	0.0005030243448991504	51.71988039774389	0.11290719461789948
1.6127892427278656	0.000517951236772955	51.72464058629112	0.11290720609434682
1.6138292848425704	0.0005373091910400958	51.7106124405156	0.1141560208498849
1.614816810154931	0.00047086467373632133	51.797069291675406	0.11250296824518237
1.6157182900587848	0.0005109032153456583	51.73555273339166	0.11352046271996503
1.6169043184617236	0.0006597841690462414	51.61630227888781	0.11290719804090892
1.618101304947134	0.0005222955117629355	51.71495135831276	0.11290718856122997
1.61916410296975	0.0005245572506286221	51.77965134828632	0.11070199862373785
1.620354885804891	0.0005751683949903721	51.69878498014518	0.1129071889676204
1.6214333097255995	0.0005579024288732274	51.69663922570637	0.11290718787402411
1.6225020399569074	0.00046875025939738306	51.7453851000137	0.11352046692651645
1.6233719551302235	0.0004993501728423236	51.70774100041122	0.11290718823820274
1.6245879647271155	0.0006709274477534998	51.56524172233083	0.11352046584575662
1.625802321375204	0.0004808825969778566	51.70825215375196	0.11290721370182931
1.6266743517567157	0.0005225194057219559	51.667714319489505	0.11415599210718014
1.6277961878976672	0.00048388294483805343	51.73493101430522	0.11250296740263037
1.6287992159166764	0.000587452643388518	51.65322632591686	0.11290719817592855
1.6299017762545667	0.0005143358394721074	51.80353048010073	0.10977009487270699
1.6309102904946808	0.0004855915463174221	51.76120938002802	0.11290720468603332
1.632002358254915	0.0005754064800078679	51.836456355913626	0.10663847486804547
1.6330625592515684	0.0005166031582275535	51.664597896721844	0.113520461757874
1.6342227228193766	0.0005109527785326738	51.627513364531296	0.11352046865484086
1.635144534801856	0.0005635847443233878	51.771748767402045	0.10663847029114357
1.636186895198724	0.0004465547488556427	51.70842788701852	0.11290719596826349
1.6371452917054148	0.0004829134246922113	51.68450518845779	0.11352047084430301
1.637974533494988	0.000443026249747218	51.7663109544531	0.1135204738665023
1.6389746373450302	0.0005527202994600361	51.894024515241625	0.1072284465102464
1.6399555791232632	0.0004359505881996233	51.86751600870921	0.11352046504917095
1.6409460887428868	0.0004433705376144174	51.840567474809276	0.1129071899971197
1.6418050578717929	0.00045424955573233623	51.807243962941435	0.11290719355191652
1.6426656833978712	0.000482679777671966	51.752161456171976	0.1135204695972247
1.6436968566513497	0.00043806316269991445	51.751095828637204	0.11290719596826367
1.6445504076950481	0.00048809882522545466	51.72735460738996	0.11038029770846833
1.645513854892426	0.00042208158859997446	51.70237574890922	0.1129072039471985
1.6464635399917706	0.000492598922305969	51.79418468912108	0.10663846719640979
1.6473398634688525	0.00045430027427325584	51.71688575755705	0.11174110447118955
1.6482938403363963	0.0004607482122968863	51.72565886387251	0.11290718744457619
1.6491978513088426	0.0005101441699255477	51.801273551733466	0.10948045590346746
1.6502515303958742	0.0005591399816688685	51.796163959375356	0.10827659384418163
1.6513026592478068	0.00042881517686552573	51.76792826992221	0.11415600572921299
1.6523381379183637	0.0005548209284370475	51.66126832987045	0.11290720235043637
1.6533760590538353	0.0005338748055023031	51.66884004962387	0.1135204474820194
1.6545028460233704	0.0005422768982418837	51.66337416036224	0.11290721482434823
1.655512833645783	0.0005003392648654974	51.6970794152157	0.11352047645397925
1.6564669040954705	0.0004448524209299207	51.76140632169023	0.11290718588672098
1.6573540786132472	0.00044232437047495097	51.770518228364224	0.1129071902697251
1.6582362106253066	0.0004317251513210453	51.77373153771358	0.11290719886814102
1.659119781831937	0.0005599406442112105	51.65298063772669	0.11290718162196953
1.6602253454397675	0.0005190828413316879	51.84653409078669	0.10644419833699273
1.6614083682619722	0.0005497743923737748	51.60089149418284	0.11415599256450673
1.6623896294705376	0.0005004868738974303	51.803036254625795	0.10692980133041355
1.6634150167022113	0.0005192788614830042	51.71873833376087	0.10866733760484691
1.6644603043883377	0.0005698335839349223	51.72381105465792	0.10692978676272875
1.6656000685862007	0.000468185037522632	51.62141021192038	0.1129072025913819
1.6665893629541562	0.0005543577415503242	51.558494351856766	0.11290721150775515
1.6676729333733933	0.0005078838448569663	51.81602665186358	0.10672746998193397
1.6686543652465833	0.000537520523020091	51.799668757029636	0.1069298050197605
1.6697060312360925	0.0005267716459191221	51.62746375264136	0.11290718640506046
1.6707441595506216	0.00042810928464220095	51.70875837418161	0.11290720404623791
1.6715399489396074	0.000413996126373774	51.71891218675444	0.11290720316420404
1.672459488886822	0.0004913630092408454	51.813498099893806	0.10663848223113309
1.6732615160929956	0.0004084533635600853	51.73596776845085	0.11352044963260222
1.6742459981582023	0.00047687848376207063	51.701698883097606	0.11290721301548814
1.6752142592166015	0.0004913660235571007	51.6977007036452	0.11415600786143569
1.676029844700222	0.0003934417278215234	51.77077386252058	0.11352046155473035
1.6769910440230196	0.0005125889613894365	51.80057651255099	0.10663846830612338
1.6778759451714391	0.0003956364713759188	51.74977487995773	0.11290721162282895
1.6787220297941623	0.0003940952263667712	51.78085192442085	0.11290719410062403
1.6795649298410789	0.0005341913417169547	51.825508419971655	0.10663847444972728
1.680656570703282	0.0005090486167864534	51.80762115949209	0.1069298047235388
1.6816642843600484	0.0004894844253767125	51.82315787987258	0.10692980476229216
1.6826115786752367	0.000465487494463261	51.87567529265203	0.10692980894829153
1.6833920399017082	0.0003845393612208438	51.997019096922976	0.10589224813159032
1.684289895612563	0.0004225765484252962	51.918801045955526	0.1066384733187823
1.6850354265416256	0.00038384709270900143	51.99831026960675	0.10562390198690651
1.6858692080519395	0.0004089044728191842	51.93321223472822	0.10722844025443554
1.68678164588423	0.000496620333794456	51.865466581355456	0.10663847238351477
1.6877133230338557	0.00042605737269776173	51.941019665733585	0.10663847202480736
1.6886490361681212	0.000578160785532426	51.9435660756408	0.1069236070017591
1.6898850071899236	0.0005682495393084263	51.99396230295404	0.10663848377776022
1.6910170230393224	0.000596008439778567	51.98674876693586	0.10721579934200483
1.692131140637612	0.0005600837611109427	51.985068077762016	0.10721578499608475
1.6933512900020538	0.0006368085484350996	51.89164005420531	0.10663846981244857
1.6945843796612428	0.0005294170429589421	51.93927960938431	0.10721579246978268
1.6957012614252909	0.0006370803447458456	51.80504265325225	0.10989361471978822
1.696945455356936	0.000628602022998086	51.9226794442109	0.10751521313608026
1.6981624968726496	0.000594394591332409	51.939216286616585	0.10729647001030217
1.6993511328847806	0.0006501348341667393	51.862927493318736	0.1069236231992841
1.7006538594234235	0.0005242693714600653	51.91472830096265	0.10692362010017455
1.701714300831822	0.0006093025624438453	51.870225163601006	0.10692361663944049
1.702872842841718	0.0005186794741590523	51.96959747859235	0.10729644817544134
1.703885675616823	0.0005050985233190608	51.82365315611855	0.11477299812359686
1.7050384472950917	0.0006561940485583195	51.8810227133175	0.10721579613768482
1.7061925109408436	0.0005053185202193549	51.80808314355821	0.11350739358265952
1.707233752659338	0.0005098861934028274	51.967743366615075	0.10663847461642999
1.708337343455646	0.0006598731147047735	51.84581039701226	0.10692363354780525
1.7096163038034757	0.0005171523429903004	51.954082625205494	0.10663847614091525
1.7106164157660562	0.0005331615523434571	51.9321347751459	0.10663847107443775
1.7117457645546366	0.0006011080378013587	51.847685200376276	0.10692362155960343
1.7129064021461042	0.000556732962980828	51.86292811264196	0.1072158037683183
1.7139117765272869	0.0004260076027918484	51.996951477131965	0.1072157998388506
1.7147189468971376	0.0003925622086286397	51.94403516384271	0.1069236255063542
1.7155387908632824	0.00035922906876476263	51.97544261746403	0.10692979091589419
1.7161774228920188	0.000371436163140604	51.99488746549649	0.10653076697174116
1.7169436737636312	0.00038278764931221846	51.953982953225115	0.1066384785353435
1.717669092861386	0.0003574712924013466	51.951663027994954	0.10692979276219505
1.718405972241373	0.00039065133687351254	51.90512030920495	0.10692978993146647
1.7191767362857	0.00036536665683496353	51.996326403461595	0.10579573885493102
1.7199012439112193	0.000361951817483312	51.97116323953673	0.10663848203596168
1.720634348842092	0.00035783997538216717	51.96026662945845	0.10692980311177333
1.7213256689575882	0.00035587249026629785	51.95694239686926	0.10672747798518084
1.7221205852135282	0.00047455945598005346	51.81386944738634	0.10663846388945035
1.7231020924988112	0.0004024649366054839	51.866043811111155	0.10663847772855635
1.7238687447645082	0.00040106002115537786	51.85047211764486	0.10762032691566178
1.7246354337634977	0.00038439403080659375	51.87046389829181	0.10663848322490828
1.725493574214148	0.0004632707147715648	51.787477105039784	0.10663846644058848
1.7264384764841618	0.0004629548414775913	51.795828214438245	0.10692980158050097
1.7273013404586504	0.00036755994050931636	51.732425419061	0.11352047209188645
1.7279601038133614	0.00034772312845020705	51.940176271410124	0.10663846564491003
1.7286687428249756	0.00035609290523568266	51.77577270833205	0.11268035143806844
1.7293501465241663	0.00034455287224880663	51.95116669707332	0.10663847412947966
1.7301373742334256	0.00045354764807579865	51.828449658151726	0.10663848347268459
1.7310886446874032	0.00047784916896017715	51.8038997486855	0.10692981741629706
1.7318822835161716	0.00037462121229457965	51.78252239521667	0.1120607995296916
1.7326731124225239	0.00035963596311995886	51.799543550049805	0.11174110121841171
1.7333863493278314	0.00035632577767334624	51.93108215056965	0.10663847512104947
1.734325109234684	0.00042137502853246576	51.65534310557619	0.1135204753504021
1.7349340135384828	0.00036589969736192264	51.70093563644541	0.11352046609268214
1.735770710795875	0.00046799120094717357	51.74771634341323	0.10747326148592198
1.7366516960058727	0.00035770620815120873	51.72813134518265	0.11290718607827725
1.737369215041066	0.0003982177093266564	51.864264206634736	0.10663848860424911
1.7381514694707016	0.0003558004610887035	51.76374083703944	0.11250298274706536
1.7388450289405073	0.0003404593254820339	51.77937429611858	0.11352046536642452
1.7395415052424759	0.0003975717268192738	51.887480601584585	0.10692979866360158
1.7403827642759655	0.0004034937870170267	51.86753059464193	0.10663848660768362
1.7411075112287855	0.0003560590278850066	51.72853613145456	0.1135204604271217
1.741939077729199	0.00045805746295064786	51.79504094919746	0.10663847819074936
1.7427450971841405	0.00035604999895526876	51.74400908978154	0.1125029662381125
1.7434738887101209	0.0003607681961023913	51.7308904418301	0.11290718931735375
1.74427839366003	0.00043570172552816926	51.64477744290594	0.1129071925980273
1.7450867065824225	0.0003680360737850261	51.708504673429886	0.11352045222753197
1.7457930788105882	0.0003403427112482609	51.75588994309391	0.11290719130123848
1.7465088604719803	0.00036947194814405016	51.729940295120265	0.11290718732848307
1.7474039070022953	0.0005319977037540895	51.586497801214804	0.11250297386866119
1.7484258774230481	0.00047557059373943796	51.59091505183622	0.11352046039387984
1.749285519827291	0.0004464408188966696	51.77326929912769	0.1066384681243215
1.7500989711896477	0.0003513804692714726	51.71873640696076	0.1125029697582204
1.7508011641486005	0.00032860118473458546	51.74224612812763	0.11290720967230086
1.7515413555677601	0.00038869343739107286	51.66345020203728	0.1129071876568463
1.7523050272175267	0.0003736880149011482	51.6733606519777	0.11290721365202741
1.7530361628816267	0.00034836212478583776	51.70270339866734	0.11250296497793606
1.7537985104308755	0.00047296752472014984	51.54488910353179	0.11290719474909247
1.7547162260184082	0.00038780455012469705	51.62200886521297	0.11415599335016152
1.7555105309003478	0.0003961432384674234	51.64351297339965	0.11290721231832487
1.7562724217878216	0.000452218057524152	51.591211660451705	0.11352046510857058
1.7572583113643305	0.0004550544926618299	51.564087911078055	0.11290718964808819
1.7581340674190766	0.00042394759129628135	51.567279891704075	0.11290718753666991
1.7590349844729811	0.00042691513205310867	51.53519387636829	0.11290719747950088
1.7598713425402033	0.0005022276490812747	51.437129384652465	0.11290720387538593
1.760918040565326	0.0005048481241777163	51.4705676300515	0.11290720258584774
1.7618475994903662	0.00044963427092521306	51.57507633598298	0.11290720626972764
1.7626493224600193	0.0003585354357651697	51.69093432896034	0.11415601401732614
1.7633784948778497	0.0003852232582253293	51.640050784158454	0.11415602164127597
1.7642166725892507	0.0003844805037530757	51.62911801181952	0.11290720261627993
1.7648976886437127	0.00036364067901673133	51.63491402173584	0.11352046513781311
1.7655725870073682	0.0003289784425892778	51.66592719859216	0.11352046601185144
1.7664985480383155	0.00048012987222494677	51.52580750090959	0.11352046677916049
1.7673043174532728	0.0003968508782756466	51.65054120669495	0.11290721397780105
1.768093528146221	0.00042563611422277893	51.64979566574618	0.11352047882945442
1.7688925867154457	0.00038224300998892407	51.75623846549402	0.10977008712944054
1.7697577241806797	0.00041087521975790333	51.60834483061673	0.11415598775250285
1.770512527945288	0.00038768712303483243	51.63930851203178	0.11290719948940961
1.771214915689971	0.0003315881644079926	51.730592648970486	0.11290719278480178
1.7718975004778774	0.00036529430771167564	51.70536711733156	0.11352045282475447
1.7726175349613795	0.00033362535946939245	51.731652188479366	0.11250298033673001
1.773264422825858	0.0003169996489713456	51.71160451562572	0.11352047003448429
1.7739487515117922	0.00040321301419462695	51.72609973992356	0.10878353726005907
1.7747321730162957	0.000330150065679362	51.737165736762336	0.11309177192254016
1.7754944347250277	0.0003844996208880231	51.687792305556925	0.11290721279919277
1.7761789585070975	0.0003339816700410369	51.73354608622327	0.11290720534270189
1.7768845528954493	0.000376503634773578	51.65573074802862	0.11415599937068727
1.777762174031742	0.000499149540389761	51.51582956614584	0.11290719794554438
1.7786992932412522	0.0004074034065257464	51.563388421421166	0.11352046026798715
1.779505998718827	0.00042804984614773647	51.53256804157225	0.1129072168118386
1.780438146310245	0.0004997445417818961	51.46442967172047	0.11290720014918028
1.7813329808089837	0.0004061581358393914	51.55312751632602	0.11352045445242753
1.782094696213632	0.00036411152882331475	51.61821697294772	0.1129071905975154
1.7829800612634914	0.00045254426985823177	51.53214413940381	0.11352046182769233
1.7837401069541277	0.0003663680320586016	51.63452946744232	0.11290719481218639
1.7845266314042507	0.00039895104605083874	51.60298426965654	0.11290720139399908
1.78531535426426	0.0005062312029253938	51.478226952954785	0.11290720049363372
1.786508395577163	0.0005481662404106961	51.41089155179918	0.11290719877241907
1.7875205105270124	0.000432229385948166	51.490882891389646	0.11352047005176451
1.7882990258593323	0.0004937765828316984	51.42791630310482	0.11290720022222454
1.7892388204663408	0.00036953192008928664	51.5445626137976	0.11290718916293417
1.7901109484110438	0.00046725409653934505	51.43628087816074	0.11290719979795004
1.791032543106439	0.0004757913478154789	51.417406804795085	0.11352046434411922
1.7919200969958777	0.000421335878016061	51.47391735721637	0.11290718668170076
1.7927370406527112	0.0004389317363830391	51.45002318338302	0.11352046516207513
1.7937146386807234	0.000508371071246407	51.3872649855595	0.11352045982301505
1.7946522480948248	0.0004440868327825065	51.453692972659596	0.11290720237555066
1.7955348000851563	0.0004750097737511039	51.41861182179715	0.1141560071451466
1.796576684936785	0.0004821025975392272	51.44805727865602	0.11309176724730349
1.7976207684291956	0.0005501541254314876	51.39691378176714	0.11415600593797139
1.798644794115372	0.0005868923422602248	51.3782321439803	0.11352045852622455
1.800058521986935	0.0006876343877683331	51.30349364419638	0.11481485729119334
1.801182709807533	0.000551477669369217	51.398606831695055	0.11290720070069218
1.8025406634591405	0.0006802360632189088	51.28104363012497	0.1135204595598586
1.8039336937568495	0.0007404875141328486	51.26016390023511	0.11290719856041256
1.8051862634767786	0.0005516047258185576	51.40405157166454	0.11290719983288955
1.8063961472995436	0.0007035380237720365	51.27936926689061	0.11352046347101134
1.8077723014259406	0.0006096374397341596	51.31694446961609	0.11290720094401348
1.8094056214623304	0.0010171953876051084	51.06627479577313	0.11352046846481337
1.8111408579626804	0.0006748576339866155	51.246385517004654	0.11290720256899753
1.8127264622245778	0.0009080491665135101	51.10257402156106	0.11415600785564252
1.8145320045336302	0.0010481320692696916	51.04606706670804	0.11352046516708443
1.8164738653673447	0.0009053019922412395	51.115847090020345	0.1129071998438365
1.8187245391300486	0.0011777371417258712	51.00410304972287	0.11290720417880831
1.8209069112507095	0.000978937011847232	51.09017806498635	0.11290720028295018
1.8230352255916191	0.0011633391697757167	51.0144962394838	0.11352045517901911
1.8253413873649116	0.0012122031655143687	50.98742566658818	0.11290720979678114
1.8280325638379349	0.0015399350027948064	50.865005754148086	0.11290720068723012
1.8313621268673876	0.0018239321961663973	50.767362450775195	0.11352047790682986
1.834798823672398	0.0014972849841353947	50.860564000189655	0.11290720469231692
1.8380717647389875	0.0018926882941016083	50.75456582181361	0.1135204677142919
1.842158466474534	0.0019379544557813783	50.744543094315105	0.11352045885360022
1.8457096174021919	0.0018539175007621003	50.76073212106175	0.11352045654640934
1.8500280592664096	0.0021760730417234382	50.692600904061905	0.1129071892197683
1.8539641133061888	0.002190955583788272	50.59286223317603	0.11773103498831763
1.8582557192720515	0.0018154093702357427	50.584106018759606	0.12183480395198301
1.8622031626059652	0.0022276255575042663	50.660755967262574	0.11352044503492453
1.8662082144685193	0.001805507756816326	50.60510072118674	0.12021140807532889
1.87028087511779	0.002049635449693747	50.50038775960888	0.12448028973144251
1.8740324608757448	0.0021239900655995554	50.49008081396951	0.12312357962026658
1.877922577026577	0.00167214466288169	50.59917441186723	0.12183479814459473
1.8823498859161099	0.002803198128594243	50.37111188201598	0.12183480838210389
1.8969976957796546	0.009358198117865847	50.06189898369145	0.13314506354177558
1.9151108474363432	0.008976369779202477	50.065498941246396	0.1327861931520902
1.932424746416193	0.007547088171170092	50.1633443198583	0.1312080065995122
1.9501246502126333	0.009315646319739457	50.029548867272354	0.13489349865579733
1.9702034169856981	0.011860205319058884	49.92126207690827	0.1335084001519767
2.0037204234525117	0.02195862775763943	49.61801446676223	0.13314505564002693
2.0483700319088687	0.018987472674751996	49.62642479725534	0.13314506088753947
2.095717674773546	0.025909644172838458	49.39952517975509	0.13489350140177528
2.136140439983002	0.015513034337806328	49.59102001383306	0.13314504971367078
2.1532524874246577	0.004538911164185096	50.088908022882066	0.1345025060327659
2.1625770626718617	0.005077319811220226	50.090749734631224	0.1297516260083419
2.1708551572265016	0.0037360310030446916	50.15162960022077	0.1345024912654896
2.1785711757855064	0.0036702399062501522	50.14888421907047	0.13450250102310865
2.1892461498139673	0.006565237115122654	49.907143897450965	0.1327862038145135
2.20103401886156	0.005227847000706689	49.97669623567401	0.1341165464004179
2.2144091565592103	0.007322467563725594	49.83211793245729	0.13450248518856447
2.2234004540533783	0.002758642837191085	50.261610810579086	0.1341165492742176
2.2279568237262493	0.0016378676659752362	50.486006001878145	0.13450251929741736
2.232156325895211	0.0027029354140247924	50.43959085151969	0.12240530753728507
2.970744609492309	0.09726835193206615	47.92719036186282	0.1303382119778819
3.2886460110507163	0.046766112190161246	47.726096317387146	0.13077842774679152
3.4607214504215347	0.03144415369308655	47.77500792223406	0.1360814153343384
3.68846932440816	0.10451721098369378	47.3490533198633	0.14195067100123235
3.906390966609924	0.05563086414526923	47.30393428938799	0.13489179230669424
4.106252639320507	0.13345255223461905	47.19991756040719	0.14994619228342893
4.409738378953847	0.16601669524654405	46.92483892378896	0.13896023962582899