-1.6143439668157975	0.4271749792611009	50.27677899732804	0.12239732538972235
-1.250454633793686	0.06160205771223835	50.59804907075382	0.1109422576251862
-1.096477676423997	0.08642676502819897	50.41206131056515	0.12446484758947593
-0.9830332196968343	0.03327927106952713	50.585069056889495	0.11651384213618834
-0.8421665307615609	0.09624254694502665	50.30324356677963	0.114585945673849
-0.717528649197297	0.03611596557117192	50.56331772105843	0.0989843852874669
-0.6207992546899495	0.05780958231146792	50.439240237339355	0.09793451856566027
-0.529855515923789	0.03516554528950047	50.51498547721702	0.10229723677626311
-0.48533056486607395	0.010579646343671825	50.83834178878369	0.09314807361492551
-0.46467057471752415	0.010088141384283223	50.75038314063867	0.11602749078589994
-0.4169503373411729	0.03615354717435438	50.42113519755892	0.11582072460700958
-0.3658480317422805	0.016070101243952067	50.612635298862386	0.1122122224561821
-0.33484150633549686	0.014962773005901271	50.652408933489454	0.1095238546728225
-0.29212459428251425	0.027122216046801827	50.551505883395016	0.101223155520369
-0.2532355870451943	0.0123995569665434	50.70966932001967	0.10010042117578614
-0.22911866428821068	0.011729763220300685	50.61608869182232	0.11727358798685465
-0.19528239151814142	0.02170116096737813	50.475964908352466	0.10937529589893755
-0.16896940932940666	0.005106343131854079	50.744054425193006	0.11599062829782505
-0.14900980263793345	0.014630920242225402	50.48404825147257	0.11538276584982808
-0.12069160637673104	0.013707348248218449	50.47599267200379	0.10999904260221761
-0.09410741073236839	0.012893453280649758	50.28181548122343	0.1583033376200804
-0.06101805680437011	0.019912631031879142	50.3075046254461	0.11190140884918712
-0.03399858399180267	0.007484609821110453	50.51237998514786	0.1130431704220045
-0.01567893327960801	0.0107631842166928	50.315136327579616	0.13005816654173588
0.005330943202587424	0.010254887420779117	50.36756578625695	0.11413909973627204
0.028623091043885218	0.012959178914172562	50.463593490084435	0.09553011418577738
0.04763938784158106	0.0062019918801028305	50.56426700366289	0.11457453882693185
0.056844134912756805	0.003035962833377976	50.723921798606284	0.11698543706203059
0.07176468476301878	0.01173372463487995	50.48575995576774	0.11502130191022404
0.09462004560011605	0.011132187977889913	50.54154777258258	0.12544687379246647
0.11100530966299094	0.005360005946207129	50.809935988968526	0.11322827501494043
0.12159515204397486	0.0052308880936660545	50.72131903168922	0.14145982264981402
0.1319329101015655	0.005107844542821174	50.896665361513186	0.10526468174258162
0.14451838882064538	0.00744292172007885	50.90293164201839	0.09920953901449842
0.15915480226841272	0.007196263180957955	50.74606781914105	0.13224710317980434
0.17331398623741257	0.006965428747121189	50.83435937204953	0.10011279690673291
0.18702607909711377	0.0067489430139727885	50.746413161802835	0.10413840776667108
0.19813112088404328	0.00438570544753813	50.811352243396044	0.10082403497106543
0.20466035023133133	0.002160131724913173	50.86509222226613	0.11265001926042521
0.21109287217585648	0.004256745729180378	50.61637819782231	0.12772962584301772
0.21952399303036363	0.004174904909250635	50.66196169791935	0.10380839029733761
0.23187150559138525	0.008115757676526753	50.45981037170574	0.10194294489315951
0.24387764681134283	0.003947234557362562	50.49606874528012	0.11119003001053078
0.2536352910970343	0.0057893065842744935	50.382981757984915	0.11629363283002311
0.27066491904179013	0.011133377035023258	50.25560039956849	0.10236951385835139
0.2870518987627668	0.005360557285340329	50.398862894253796	0.09995797987759501
0.3028429753443256	0.010338293573085624	50.21382821842844	0.1016438124250667
0.31641313181599073	0.0033400844636112675	50.41532765926785	0.10163234209589253
0.32468408178827657	0.004915613841090702	50.26096942492472	0.11566598401888388
0.3344056852456412	0.004806801134002952	50.24820641141939	0.1162406970553889
0.34391442851068377	0.004702701484260247	50.358158889902654	0.11042369443408677
0.3532194328426399	0.004603015182450107	50.33385479953416	0.1485318969465568
0.3608241534938631	0.003015410395104164	50.62645229439683	0.11223792901809047
0.3697774574764351	0.005907763745591786	50.511639150215714	0.13314451588264198
0.3771000806021385	0.0014522470564527074	51.041381153618275	0.09872481272902388
0.37999490479746545	0.001442599178979891	50.81604919456416	0.16620587074824447
0.38287056100852923	0.0014330786451862549	51.06944115805893	0.1114366963142798
0.3885653753278534	0.004243228944567937	50.93083975516091	0.10458998998022406
0.39696998207254763	0.004161902080831648	51.07013969623259	0.09847591582470172
0.40521502256259334	0.0040836340618900955	50.96987248598143	0.11350134566620891
0.41330644430891295	0.004008255488258247	50.823675862211445	0.12973128248811752
0.42386571156957353	0.006519959202965006	50.79498995876056	0.09663503726962284
0.4316200233693325	0.001280915739359654	50.99881426782419	0.11234455899716199
0.4354458686180922	0.002539362562366152	50.695828908742676	0.13821107801523289
0.43923830481465054	0.0012586421765354637	50.9103347760807	0.11382648738179788
0.4454863556310773	0.004962656562697697	50.578708825782435	0.11178783335603641
0.45529995195257544	0.0048517746928759126	50.485704098949675	0.11822427489382559
0.4672630957020054	0.007079926354329807	50.31246974377728	0.11037229112793674
0.476601867313863	0.0023097698805277468	50.54387246386737	0.09979561289921401
0.4834764777415024	0.004546991046868094	50.20052597139361	0.1261974436844181
0.4935885640230161	0.0055529277878428466	50.17754095707969	0.09954607824911366
0.5034705484561405	0.00434240202350318	50.07893412825196	0.11077949491717329
0.5088649107037029	0.0010721996837192202	50.276651385504096	0.11663706903869081
0.5141930901121827	0.004236502691928011	50.02822720638051	0.10297799945971386
0.5256899455164818	0.007220190893762815	49.68522054626152	0.128717353905975
0.5398954468892577	0.006987843639402374	49.60680081873261	0.11541885979593874
0.5497650791793377	0.0029274990379466142	49.700748812851856	0.1133678282208595
0.5575024084781383	0.0047930083031555186	49.49264138329321	0.11839071483600172
0.5669841622846746	0.00468949878349311	49.63669494220593	0.11125138031197847
0.5762633208488525	0.004590365522211941	49.843419966719935	0.1286327035628691
0.5826427475477683	0.001809371867790899	50.28874486076133	0.1072035186702717
0.5880372215400892	0.0035740724782424055	50.31121170060189	0.11250608273235371
0.5951271775489688	0.0035161986209318796	50.54421422576083	0.10525129193437537
0.6003697054179263	0.0017370042287017302	50.85653253139839	0.10672437571723521
0.6072627295707514	0.005128957569716621	50.776301500873075	0.11857466956284184
0.6148888162226885	0.0025198403384226	51.20003165961516	0.11508332041025249
0.6207289993151334	0.0033149087460429996	51.3476081943962	0.10338348778966845
0.6273087213797263	0.003265065179844696	51.319022143308224	0.11557868848241766
0.6337902444262077	0.003216698321069613	51.162117607662424	0.18172626988631618
0.6417584428556798	0.004737327322026711	51.336223779224305	0.11460830070098957
0.6488069257393373	0.002330531162631492	51.59917366230222	0.10330013340212893
0.6534431529929364	0.002305784350157723	51.56438336815711	0.11953611857366125
0.6580304097900761	0.0022815575632580357	51.638896518829085	0.10761364892041655
0.6625697194646919	0.0022578345827086012	51.69478163147537	0.1013215314926009
0.6678063021158173	0.002974365086810232	51.60944342639591	0.10978823922688227
0.6737146594461322	0.0029341743575120953	51.40668667714482	0.17387293991225214
0.6802668754215314	0.0036127982876053935	51.57472473617337	0.10758316208674007
0.6852955665554551	0.001428482796946784	51.76865609858139	0.10222185965556443
0.690972235883582	0.004229797731793976	51.48161045350084	0.1014801930547858
0.6993504939114074	0.004148980005939326	51.41016382327773	0.1029049096801058
0.7055297940884383	0.002045182397193864	51.55317523766757	0.11664295261096626
0.7122941154244181	0.004698340739397387	51.39614161602328	0.11898282229073126
0.7182932138805199	0.0013239676306179735	51.766802755499846	0.10835929729209086
0.7235570549718854	0.003924052244398813	51.59492802467812	0.11081638101107096
0.732617994283426	0.005124040788798355	51.513530582278065	0.13224862083748484
0.7427470325501705	0.005005915793866177	51.767328124691915	0.10621885292428956
0.7532564146900861	0.005497011939235888	51.80786117541508	0.11691380918635383
0.7641135882671354	0.005361292557511458	51.62906727758973	0.2188760504150015
0.7706173372387991	0.0011736895664044534	52.36769132679137	0.10407154616735478
0.783339741369904	0.011398057401331648	51.912386537612115	0.09902691533101726
0.8173098377255906	0.022135026087380744	51.69871928311852	0.10255262904339693
0.8594660367821053	0.02008740515012095	51.67847489708453	0.10133086115280547
1.0133073311594964	0.11544940443952566	50.932298212069455	0.13724867166796986
1.137906130949001	0.021663713611098267	51.141369181939595	0.11726923797286488
1.5298167291989677	0.003726654722144849	49.4719128570316	0.0801881537594644
1.5375682607808079	0.004310577849152386	49.407892864321305	0.07859345428486202
1.5458391771533861	0.003109172140279376	49.538395929790745	0.07859346111139451
1.553176817273381	0.004175349904600886	49.400024160474196	0.07859344669415196
1.560563911012978	0.0037836748431588165	49.43259278413602	0.07859345688421805
1.5689399627211342	0.004264608604061363	49.36910281256928	0.07859345868689593
1.5779492987016965	0.0044948459191696665	49.33983895901983	0.07937988614034268
1.5864707432294822	0.005189922184627441	49.277878628688704	0.07859346396528932
1.5968598399643374	0.005073809833434493	49.26813726249667	0.07937987293979776
1.6063599505121036	0.004107421258052037	49.351817195661326	0.07859346131748794
1.6174514780886509	0.0065777523623711635	49.133646844169476	0.07859346247492892
1.6307316780318093	0.007272525356154106	49.09132661783477	0.07859343945581637
1.6455083821953704	0.006514573781838819	49.105517604148744	0.08101902741090268
1.660461059439569	0.00811671735905939	49.010020615314396	0.07859345610539657
1.6771195902379143	0.009023086322326696	48.95826416739655	0.07859347068839355
1.6916343993506846	0.007056519848101427	49.04135090153985	0.07937988943625512
1.7076448082178652	0.008575172224533089	48.94218122131127	0.07859346865107927
1.7227060105880745	0.006336669392688713	49.04947861399387	0.07937990226326189
1.738812131367701	0.008663284275305855	48.90342688953776	0.0785934532691356
1.752850056787377	0.005972897919008384	48.875094887249375	0.09095391288191983
1.7646404625250764	0.006387077292130681	48.8713662870045	0.0877557302006294
1.7908372612707364	0.014045728387922457	48.57522568079325	0.10392208291611815
1.821009556493307	0.016378143182592547	48.46123663851981	0.10352966211564578
1.8554829563161	0.01512713286081612	48.55881260560103	0.09365119950336924
1.8817301159840727	0.01708888797976732	48.34997625813894	0.1047184809609387
1.9246087338166546	0.02322343430954687	48.14212171494862	0.1055571591654429
1.9678294246480168	0.021023535536510755	48.12539027629208	0.10729448577642607
2.0181698276382285	0.024963420189789705	48.10737424034463	0.09762186179794156
2.065895003919245	0.02236477206165706	48.020214483586905	0.10729450090715872
2.112255071005721	0.02512631826882926	47.91779016572386	0.10729449128795292
2.1623596786426056	0.025373788031106397	47.889335071356506	0.10472374906202216
2.210571108641244	0.022707205412826233	47.855784033094025	0.10820504424767907
2.2528858949512798	0.023022757323656214	47.80860326124413	0.10729445510872011
2.305139746878402	0.02363508841956997	47.82883156864238	0.09955367474469658
3.193181160761926	0.003614767878746126	47.4028091663671	0.10718912197399101
3.2001739945273484	0.0034202383572358073	47.43121964188484	0.10684636787200036
3.209054329703416	0.004289336532276904	47.35605996492157	0.1068463475174258
3.2160290379122642	0.0035614544545680047	47.46858093541843	0.10568263090374562
3.2242483074494346	0.00491841215282428	47.29208497048925	0.10472376314512154
3.2328485581621775	0.0032992838332532625	47.41034525149584	0.10536050184837352
3.240098451526123	0.00411820685214693	47.27888476390228	0.10753466574023789
3.2475228728399634	0.003803028911604422	47.31097240683488	0.1075346836015117
3.2567356613355543	0.004323691475451616	47.25641823716791	0.10718911369718719
3.266210888118166	0.0051704915474372936	47.200020287186724	0.10788306475565157
3.274238832461225	0.003691477331198884	47.372051804774145	0.10753467550656727
3.2818435670506596	0.003740787526518437	47.36460201529583	0.10684636607021539
3.289138834805963	0.003344067910769519	47.39313188585103	0.10684635468222463
3.295974548536469	0.0035112721329926748	47.33767758163876	0.10788306521607788
3.303257946279772	0.0031291669764758937	47.3680569873806	0.10472379304746947
3.3092407699211046	0.004150611302187422	47.20046308285467	0.10788307017025632
3.317895101447309	0.0037557377244283254	47.241032059017606	0.10718912980973799
3.3250958159506863	0.0031809488373312437	47.30997885372243	0.10718909990422128
3.3307142812808097	0.003140061966536739	47.31682533729557	0.10684636683954983
3.339137585232143	0.004371244867382614	47.17177852859267	0.10718909702861323
3.3462645041075816	0.003420526107117918	47.31623085531595	0.10684635819491213
3.3522733278788395	0.0022168798505701353	47.55007010576777	0.1071891140819594
3.358375686915314	0.003706612170008152	47.37530190204561	0.10504090960945836
3.3646701910798185	0.003091228925067419	47.378074447132406	0.10684636721218657
3.3734377999555925	0.004590104399346988	47.12762654230616	0.10718910224937754
3.379678717173896	0.002624266686712472	47.346343919363235	0.1071891107694831
3.385703812107457	0.0030343172137886824	47.29554328212387	0.10504091524359731
3.3949417367133594	0.006202491521125464	47.16273728731974	0.08852890621576391
4.187687534996456	0.0012531177928900464	46.833313641368065	0.12128708688572883
4.190489535891924	0.001804638247224404	46.66143617873185	0.12160178615995001
4.194114285913516	0.0016092884087090774	46.69248531465721	0.12128705886710882
4.196672180351084	0.0015584625727154968	46.685662482986494	0.12160179079315864
4.200669666036036	0.0017491593003884302	46.61180513109464	0.12191850084162091
4.20361963949001	0.0019680541761337576	46.53680967715235	0.1235323608861793
4.207342249430782	0.0012111199410560218	46.74044951034258	0.12160180577247634
4.210786045118282	0.002269543771168442	46.56447634298033	0.11110995738411443
4.302263050042365	0.0014816583690822486	46.59237426821304	0.12269831439538278
4.304963035871708	0.001236015618456841	46.674887397494274	0.1216706158577019
4.307849650477826	0.0015908388430862647	46.58691415366044	0.12167063431832405
4.31155294442245	0.002106599930090897	46.694254291271186	0.09985590449012569
4.6331770992997425	0.09479570312994003	46.00016652599361	0.1249031602453968
4.7031693453143735	0.0012674660524353873	46.39427943435797	0.1083941831878925
4.739233425417644	0.002127338413047898	46.11362009268844	0.12135254804823872
4.799480674907818	0.009187060013487102	45.96879995657504	0.11312218828702997
4.835654403828366	0.015498432552165814	46.017364536997675	0.1033188438308282
4.871192377461258	0.0077193418409998655	46.13167227282801	0.10589047886707788
4.903840837861991	0.013389399740268707	45.92947259596416	0.11222537168742783
4.943005628507524	0.017789631773459425	45.78044185166655	0.1173564674316544
4.990782725383198	0.015882259266566844	45.924910860158164	0.0978360287893662
5.027067950862851	0.01460747732422571	45.77158322140357	0.1276540082691005
5.067643198226195	0.017568989854373836	45.72983845565304	0.11926746571666931
5.126867034731368	0.04487266882619642	45.54559063215522	0.1019707231616198
5.318144223594329	0.026801557969595866	45.37441136289324	0.12849081546203817
5.379425251637627	0.03371755958084263	45.26175716569678	0.129888397438182
5.43829646105764	0.03641990767521075	45.460479393050505	0.1262680706902043
5.515218924787821	0.01855857919122163	45.144478363163984	0.11399443802952665
5.556302801639632	0.019464473061858764	45.276128192532724	0.1229469282080117
5.7271156454455685	0.03480105062195433	44.81388444132021	0.1371422742371215
5.77679018067285	0.018451712734570535	44.99321081354651	0.1344903522601748
5.799317716328382	0.005642296914502104	45.11029631509646	0.219191634922389