-0.8454076344285169	0.05780958302813179	50.94898138840591	0.12062679233691025
-0.7663468370761155	0.02409400764843984	51.2041028281537	0.12366170442949255
-0.7316310744207547	0.011121497935099582	51.50148618691378	0.10680500071654311
-0.6793061940640619	0.03943650293245798	51.26776191749246	0.1084500614116463
-0.6326130904611567	0.0088541179186277	51.60357296010251	0.12362330283044394
-0.6152563592251221	0.008507237754742722	51.63421014292516	0.11874812582651217
-0.5824947806884258	0.023667274426580984	51.54276881936038	0.10693295435404918
-0.5033792822088752	0.05260190593683402	51.39441736806322	0.12665259222264003
-0.3834833282272918	0.06485730396735997	51.60616326188021	0.12266762579506865
-0.2661568127995414	0.05331102830348819	51.637473509693805	0.1722260098425982
-0.19923722377462466	0.016320724704757494	52.21456197800494	0.11921161842437096
-0.11899642338683114	0.05969683623347725	52.0951181183722	0.12683844113848122
0.17924329910602466	0.00546196488021495	52.05868297972006	0.12350107277946401
0.19136205236232806	0.0066395731973279415	51.829950176554625	0.14910637387793974
0.2005593748486525	0.0026001765183213984	52.141985314191096	0.11133153325484807
0.2082906782644962	0.005108595590639812	51.840720795303206	0.1272652502257893
0.21588675203617202	0.0025100100174666514	51.93762766060844	0.1246259883030777
0.2221168764026289	0.003711389967522827	51.88446893146155	0.1230678907123181
0.22947693674610348	0.0036490223979519566	51.921114656882075	0.11832626940617964
0.24383310899120103	0.0035303710803706776	51.879149308893254	0.1265412452830256
0.2508370688354701	0.0034738926758673366	51.89526502276171	0.12693312412063368
0.2656355867466774	0.01119171454083525	51.666569038447264	0.12449220263966214
0.31827158388987686	0.03965706951370085	51.490155158331824	0.11630917976126041
0.8816949681000414	0.30478231642016507	52.93729896743109	0.1269903362379894
1.7042626304218231	0.045981028399195864	51.09209803062194	0.21010124847179654
1.7505780162044342	0.0026014323922365057	52.05504163884196	0.12711253916755408
1.7553877499956845	0.002210417428174322	52.1418724365633	0.12192492519854656
1.7601089566977586	0.0025091192042656432	52.14539090903029	0.12144195398075926
1.7629670959742638	0.00035609437639742	52.574727284451846	0.12434183481102815
1.7652401411699055	0.0006376238820112565	52.45783288066308	0.12616146253088978
1.7665135202915363	0.0006357570662683419	52.31027987085718	0.16723543857663695
1.7674308665352823	0.00028196248638678677	52.66770837790523	0.12465040554932459
1.768486940786151	0.0007735135951015149	52.52066072646474	0.11050554299697136
1.7696456640307106	0.0003857262829946496	52.27680550520246	0.1244618520839705
1.7702063583470555	0.00017510391536434272	52.36135249035371	0.11304162283067008
1.770591416206675	0.00020993847845981694	52.04109427718641	0.15155668724721688
1.7709411728009314	0.0001398463158408253	52.15534308579148	0.12199367230044549
1.7712906479386712	0.0002096007409523382	51.999299421707384	0.11804898517458173
1.7716747460580864	0.00017451287342326873	51.89112490955387	0.12743900174523548
1.7719189953959336	0.00006976590164994186	52.245074443330566	0.10750923019684987
1.7721631074231872	0.00017431674510729785	51.98175804901178	0.12950323815549564
1.7725116010644184	0.00017417692313633564	52.09470289725159	0.11875468461744015
1.772859815265167	0.0001740373253003449	51.8961299701432	0.1965213512650444
1.7731381857500121	0.00010435548482316408	52.30191190643025	0.12650657555507397
1.7734511394235986	0.00020856062618286196	52.22965416393542	0.11107585459881247
1.773729131262039	0.00006947572309067083	52.40499143669097	0.112241557869749
1.77418048884463	0.0003817195537499851	51.8504136828061	0.13125099166432141
1.7749432577148387	0.0003810497127477182	51.75836565056224	0.11636360754086998
1.7757738441583464	0.00044947104461732135	51.319796760118315	0.1783797267289028
1.7763957431876283	0.00017262610528285147	51.67691213293032	0.10858712366329955
1.7768098483550432	0.00024144621564432418	51.51946261845416	0.1412348451698871
1.7772924725229555	0.00024117804954949874	51.696969001716504	0.12420048569118665
1.7778089753750783	0.0002753044445439051	51.5235070458348	0.2035095314432682
1.7783592355154747	0.00027495584897284034	51.89816766589408	0.12506289293843015
1.7789087993533688	0.00027460813507763015	52.033597275411914	0.11905567744241899
1.7797318433792118	0.0005481764201628203	51.936625052119844	0.14915851713831343
1.7803481044088039	0.00006842488912936307	52.68910962362635	0.11366106431814785
1.780690094166109	0.00027348411376060445	52.35637292467035	0.13248169515402342
1.7812367182523507	0.00027314010993393945	52.555169149994654	0.11746222838646297
1.7818167534650056	0.00030687249695534723	52.505375502676785	0.13070669843590693
1.782293848531669	0.00017029753703623528	52.65017447651982	0.1247118186986042
1.7829745050149879	0.0005100925318495463	52.174538450638465	0.18050738400054267
1.783993493712428	0.0005088971005406884	52.37889624352563	0.12030725002284405
1.785246962592947	0.0007442312969920347	52.03806181469798	0.1760144370861523
1.7867665921285574	0.0007753422585704391	52.242090290578496	0.10986418885578537
1.7876421827379603	0.00010092791071324178	52.615981201843	0.11762688423571849
1.7883816907890475	0.0006381225930270594	52.14218363253159	0.12710221990983758
1.790358722526626	0.0013373142733831675	51.894283496025096	0.1448415081238085
1.7930251488010938	0.0013291287544428244	52.02899968332596	0.12159579601371343
1.7971918522309385	0.002830341310126271	51.90745711290738	0.12137783950113089
1.8113727821564587	0.011212490612633266	51.60438923069543	0.15959271880399203
1.299692042877008	0.012259334233208505	49.4525075868856	0.10387905251965734
1.3198401597894813	0.011920908618211679	49.62061787301742	0.09376556706075037
1.3493444479760284	0.01488981963128365	49.3221428842336	0.104930201816647
1.3761606587693915	0.015319312457297379	49.28221478892668	0.10493020583280009
1.407425221768095	0.011901575963065297	49.31806850437005	0.10952880107919442
1.4328817311189925	0.013923404638638283	49.230194587838035	0.10601896637425924
1.4585140419790834	0.013294106435126768	49.23219286393506	0.10387902705684524
1.4858562523932548	0.013760218906546155	49.201366524379594	0.10493020924021153
1.749703274436491	0.0007452894517495698	50.669769310455145	0.09376559029219232
1.7510229629180656	0.0007494335971554697	50.67245895792361	0.0932478771713218
1.7525976669101055	0.0006993102869842758	50.70069740150529	0.09429614499878751
1.7537795055690606	0.0005801140620444165	50.796075347955274	0.09324787141133131
1.7549418140321555	0.0005014822168935672	50.866027985578405	0.09324787099017304
1.7559617167406882	0.0006124902387498052	50.94272820456838	0.08632470072791971
1.7569990865463039	0.0004720356745764628	50.86462186874727	0.09376557965077871
1.758181625796476	0.0005364593928536983	50.786919133379506	0.09324787221607507
1.7590861833768008	0.0004715691000227656	50.818848986474634	0.09376558155223182
1.7601967670151666	0.0006110261927177821	50.8947357146248	0.08606218979765698
1.7613349009508	0.000530791260813584	50.811107552153516	0.0937655922943235
1.7622418387004686	0.0004654798482910581	51.0675545882675	0.08555054374373365
1.7632963584478327	0.0006333676171726939	51.09175184636539	0.08580417422274442
1.7647829368327272	0.0008093941487972078	51.28992175422685	0.08598929031784186
1.7664287444328677	0.0007180158329449425	51.347264077096455	0.0855201999753499
1.7678324773472598	0.0006690419271300231	51.36636810292844	0.0859892988975952
1.7689560694526798	0.00046711926903401826	51.51990722196241	0.08598928678784135
1.7697753889736574	0.0004416999674689515	51.54155322308547	0.08598929185585664
1.7707558369112473	0.0005124057551197084	51.47345951179578	0.08598928953917027
1.7716974321657264	0.0004484746572528095	51.52960764424208	0.0857682678066368
1.7726404728791638	0.00044489000311240636	51.52762040404283	0.08598929223434186
1.7734580914122415	0.00047186086334406963	51.492271852469315	0.08598928776323764
1.7743903838900277	0.00044310100600698354	51.53651761896288	0.08461854836416839
1.775339714836068	0.0004343463958151022	51.52946111801437	0.08481449350539419
1.7761971778084646	0.0004438519793894034	51.50353767585769	0.08521487280721643
1.7770753580385628	0.00043347579005325064	51.484664155749165	0.08576826871425397
1.7779706866431324	0.0004730033565947612	51.441510866498945	0.08555054793975497
1.7789019341185948	0.0004925861289306831	51.40484656388155	0.08644147178909176
1.779918525865686	0.000470886655850626	51.40145371680939	0.0857353131376716
1.7808558622938992	0.0004997723483413243	51.32865667537553	0.08598928882683864
1.7818985784460772	0.0004704491834627771	51.3110461143118	0.08598929542394802
1.782792533915873	0.00047968792896870916	51.33426669930173	0.08576826546704729
1.783761035190432	0.0005006834040481595	51.33687161201321	0.08598928768607426
1.7848238979274411	0.0005138507715366471	51.33833185890935	0.08644146365956665
1.7857946420002242	0.0004603350888563553	51.39190041461272	0.08598928979494787
1.7867750197018202	0.0005208176278907764	51.34380221793361	0.08555054094379834
1.7877885035844674	0.00046831590909464447	51.379209389012075	0.08644146879537748
1.7887476174620796	0.0005327191729387088	51.325684519259326	0.08598928770446601
1.7898084035295998	0.0005657316969973604	51.29470667142633	0.08621366787214735
1.7910168509122921	0.0005524759257863384	51.27858808960421	0.08667276409101651
1.7921869894319093	0.000643375804457724	51.187867357997334	0.08576827292769028
1.7934203847277912	0.0006216324151703982	51.15657396414885	0.0866727668419258
1.794554274568533	0.0005579275946119701	51.19369492201363	0.08576827900063422
1.7956257620289864	0.0005276516686938444	51.19994493531337	0.08576827819875599
1.7969284848480278	0.0006536785548871552	51.096081764791066	0.08621367239543652
1.7981468644133427	0.0006649827417971017	51.088427747026756	0.08598929938120027
1.7996220954346134	0.0007085459441304436	51.066512525195066	0.085550549145192
1.800968371175009	0.0007528449640469025	51.03893501991316	0.08555054301042929
1.8023381321208896	0.0006626614346795938	51.082078064349815	0.08555055021497492
1.8038381134320423	0.0007389736362336155	51.0155029425954	0.08555054853498836
1.8054750275726152	0.0008282177864795866	50.95093233348773	0.0859892871471828
1.8068773410084904	0.0006042752626408387	51.089021419186125	0.08555055036174194
1.8083617529120666	0.0008459855138866578	50.933916257426695	0.08598928102680535
1.8101734297671896	0.000912735664117135	50.89903021001571	0.0857682646404949
1.811729396787387	0.0007376028008360317	50.98085478253305	0.08598929474083317
1.813409817419494	0.000913885337863962	50.874879543909586	0.0857682658421907
1.8153694899262338	0.0010991421088713557	50.79123905848555	0.08644148882037336
1.81755751881651	0.0010920482593990847	50.82781801529555	0.08667276454187899
1.8195673798713785	0.0010049531331130577	50.86602382165893	0.08576826266280874
1.8216395400548664	0.0010421673861233318	50.78963939733892	0.08576827082994849
1.8239850710334644	0.0012771273985491896	50.670004822969815	0.08576826866554359
1.8264318591298374	0.0010945743348405737	50.75511560050018	0.08576826308435721
1.8289001235544147	0.0012841708054910864	50.69547264571813	0.08530824265261358
1.831243387168998	0.0011829304903529492	50.52783985814596	0.09414597787467695
1.833820675016491	0.0014058239394909645	50.62158709968001	0.08598927610216427
1.8366653348091777	0.0014064125378812926	50.65372197550292	0.08555053235193606
1.8389268259157623	0.0008886428450670925	50.86301579878038	0.08555054771114178
1.8409594381856174	0.0010511263988785646	50.777755914867285	0.08576827935233725
1.8427589112485907	0.0008867627855740069	50.849813994501694	0.08598929244052844
1.8445391545709309	0.0009229759291062615	50.85490672290452	0.08621367574914489
1.84636209265325	0.0008456398699932039	50.92013822736848	0.08598928960615614
1.847899300436937	0.000717462150699725	51.01236222366809	0.08576827416812498
1.8493756388181737	0.0007223235518875253	51.027496220333866	0.08576826793462983
1.8507989808518257	0.0007025065298005674	50.99377673986125	0.08598929357866825
1.8520915292291429	0.0006743162709360504	50.97125161661606	0.08598929320256352
1.8535898391862893	0.0007406384354247702	50.92112872785864	0.08595365021959872
1.8552197940846091	0.0009358274459292544	50.82255797261325	0.08576825622250824
1.8570874274428326	0.0008020748133344865	50.87818164400554	0.08598929240864107
1.858415734382175	0.0006938661727081311	50.916895892370235	0.0862136706721375
1.8598397174861185	0.0007094010725307729	50.89788248998715	0.08576827169727941
1.8614960974562536	0.0008713135926303639	50.80813202684698	0.08576828493590426
1.8630585260630665	0.0007607219805235656	50.862114231841026	0.08598928873992565
1.8646322605132721	0.0007354285032456496	50.8716562125865	0.08576825840438199
1.8659840755090693	0.0006650252318945141	50.91571589663178	0.0855505446044158
1.8677711164319444	0.0009840002319495306	50.74801234057204	0.08598928520581825
1.8696427624636018	0.0008488543194959897	50.82790672392508	0.0862136638239551
1.8712178387271354	0.0009012878824549539	50.81160183344205	0.08598930465504792
1.8729683137536162	0.0008396149906954907	50.83389934794905	0.08555053834728031
1.8747103850515643	0.0008314358930238643	50.81777468049998	0.08621366552574994
1.8763837942251982	0.0009441094959486628	50.75777398127447	0.08576825742608604
1.8784549287946701	0.0010051249137305917	50.71936825533368	0.08576827680023182
1.8799984237716085	0.0006677060076856733	50.889802962651736	0.08576827125761015
1.881544582964068	0.0007656073256869357	50.83953348875216	0.08530823815551106
1.8832796508281682	0.000998744232456776	50.714632442071164	0.08576826464317001
1.8850844324491765	0.000821891037081469	50.797626318537034	0.0857682698351061
1.8867947333980548	0.0009779748858045095	50.713941287706845	0.08621366319498447
1.8886223262995188	0.0007738951291416748	50.81667233064282	0.08576827029262975
1.8904170358546897	0.0009811369190144816	50.703087623895094	0.08576826283219192
1.8919689435611868	0.0005000634027123663	50.741201635842486	0.08555053015559995
1.8927844185296951	0.0003888687965427624	50.64117027867906	0.08555054820372854
1.893498188263183	0.00038229799920454536	50.65021333981217	0.08580418311646858
1.8942292119464734	0.00037375872841812234	50.763697939741704	0.08232112711533161
1.8949800281723257	0.00032975843154595927	50.73512732869647	0.08531274202192494
1.8957085638950244	0.00035412567531763927	50.69409203767714	0.08530825064767934
1.8963821915576022	0.0003516125063805207	50.680629338975066	0.08606218764185215
1.8971044587993133	0.0003562577028767756	50.67291396546643	0.08606219927823389
1.8978477146595907	0.0003797934668449126	50.64812346587466	0.0858041495489749
1.898495881435326	0.00032840281777258163	50.718456600126906	0.0855551553902965
1.8991951289783509	0.0003311272125070855	50.71027615541904	0.08555055639604785
1.8999296229498106	0.0003662871649451098	50.66550083642209	0.08555056176425037
1.9006110057394783	0.0003495022526462268	50.68504293906108	0.08555053891524773
1.9012796675771257	0.0003256570896116799	50.75979456656918	0.08398370711352975
1.9020533039075618	0.0004317132502840384	50.58376393314786	0.08606219091199997
1.9027958876065871	0.00032387695636510523	50.731384028555865	0.08507879056913821
1.9034766566853034	0.00034591536158713466	50.68075499642092	0.08555054871058478
1.904121628533348	0.00033575392186856293	50.69060437393735	0.08580417479934413
1.9048940756886075	0.0004147731759562343	50.59368804057442	0.08632468051198536
1.9057292391386884	0.0004107721680197378	50.61418627801659	0.08555053535646816
1.906464289831975	0.00034930159816274996	50.68361264864052	0.08580417911607417
1.9072862255733152	0.00042143434889308986	50.61122012330569	0.08555514853901641
1.908086213578461	0.00045826310840488483	50.57101964306507	0.08580417291129193
1.9089776046303042	0.0003918098296886075	50.64122526792903	0.08555055461768092
1.9098100382800363	0.0004831109023311873	50.539114284458904	0.08579946569323228
1.9107131064984575	0.0004282583202532911	50.531168607461936	0.0880665844135113
1.91147645821995	0.00032252689654314247	50.539904228419424	0.09324786812618413
1.9122106926076365	0.00040531861993947876	50.542941807965505	0.08838988235619356
1.913086106053933	0.0004618384515454929	50.54353383783925	0.0860552937716339
1.9139723342821218	0.0004602681958864158	50.55869557821072	0.08555054943423947
1.9148103200733049	0.0003326118894502858	50.52603819646889	0.09324787667207966
1.9154336766825795	0.0003346415014521031	50.52303884951337	0.09324787531980207
1.916208801367496	0.000396599969358166	50.44859564879734	0.0932478619754136
1.9169987801792305	0.00040149894879499263	50.54185290845289	0.08872950373028525
1.917850894790011	0.0004561759719684947	50.55862663401071	0.08555054943423951
1.918734925961607	0.0003520089656100754	50.48922146324188	0.09324788358104977
1.9193986333474622	0.0003539553182906671	50.48231614536044	0.09324789050657531
1.9201332451999709	0.0003899326668909806	50.437939633548474	0.09324786261509695
1.9209136487916418	0.00041646032646674145	50.409219671463724	0.09324786096573993
1.9217309484403455	0.0003798537228191458	50.44742794701927	0.09324786076750827
1.9225726046764495	0.00047158615917534784	50.35280888047131	0.09324788045048701
1.9234077108316083	0.00039192587924037755	50.428067650287915	0.09376559538269322
1.9241404920376333	0.00031264357642945965	50.530412787078966	0.09324788265207337
1.9250976368851522	0.0005724287780055675	50.26355073340685	0.09376559263946214
1.9261052655229136	0.00047388030224850073	50.34116791325121	0.09429614453719384
1.9270190453743599	0.0004387145770298222	50.38350234124201	0.09324786829711629
1.928098928707703	0.0005964847802261253	50.249677382785066	0.09324788140987426
1.9291093418956202	0.00047425717692702583	50.34848828099277	0.09324787671212226
1.9301622392724593	0.0005627632052514777	50.273419636006366	0.09324788032627719
1.93114731983042	0.000495004106411993	50.324349460383296	0.09376559196151715
1.9322688468099476	0.0005341178533481967	50.29416150603316	0.0932478795383255
1.9332768333569899	0.000524459397107319	50.2972320039051	0.09376559430563138
1.9342812857009943	0.0004398401886197922	50.367944316821635	0.09429615798287874
1.9354139111158584	0.0006463712991085374	50.20327265622642	0.09376558891356582
1.936635508961237	0.0007728700522538534	50.12785745297443	0.09324788414756661
1.9380583599289358	0.0004955173452572439	50.319085692213804	0.09324787610487881
1.9391396556585336	0.0006574645251384111	50.19434561123123	0.09324788264702966
1.9407364677088395	0.0008779346819562438	50.06648532527555	0.09324788282897888
1.9422744132728145	0.0007829297349293974	50.1059954687269	0.09429614310456395
1.9436448794265564	0.0005391008561998468	50.27435451321353	0.09324787847165122
1.945119907392439	0.000886090718661762	50.07497227360163	0.09275801517608503
1.9466832584490148	0.000595408051873204	50.23949706515187	0.09324787757656106
1.9477852011322305	0.0005758670281432748	50.25166270882792	0.09376559767476386
1.9490433043337192	0.0006316213407809498	50.212765648114704	0.09376558570903974
1.9502318390426998	0.0007120302320125393	50.166119496950586	0.09324787612052682
1.9520143250307838	0.0008462129953972385	50.089076492503395	0.09376558604828926
1.953329175995893	0.0006081896202308674	50.23443634828311	0.09376558852496385
1.9549296843958306	0.0008336851912161235	50.09411546013427	0.0937655861439742
1.9568286406329292	0.001196932423239837	49.926365566508096	0.0937656042622258
1.9588497712184973	0.0008568147079521565	50.0649926898753	0.09324787336544885
1.960752025994362	0.0010026818536903442	49.99161168050224	0.09324788278214538
1.9627763764426986	0.0010160013137049152	49.98047812983232	0.0932478720551098
1.9648439100555795	0.0011314208885346766	49.92202151345606	0.09429615055024651
1.9669239122696012	0.0009829671556200194	49.984998055055456	0.09376558823188029
1.969409271240918	0.001486513839619302	49.80709401488916	0.09324787914753484
1.9718705826812837	0.0011182150696248919	49.92433250196743	0.09376558776649505
1.975118401288733	0.0016790270065884674	49.746439207335065	0.09376558703438312
1.9786932914456408	0.001898746344052671	49.68784341058205	0.09429613577252279
1.9818368933673418	0.0014074696835970364	49.83154628829203	0.09376558861081907
1.984739990887293	0.0017715228187381697	49.73529874289646	0.09324788687105842
1.9882877386807443	0.0015011740750710257	49.80387277542586	0.09324787654515525
1.9913744713022035	0.0016936307302591433	49.74685038204302	0.0932478837987263
1.9954851209121887	0.002348433604854064	49.59453565876501	0.09376560339526387
1.999985557663079	0.0022169355788793166	49.60869718834447	0.09429612744620143
2.003959660091044	0.0018885435425562017	49.52399195014839	0.10197016241130845
2.008174184006426	0.002052527073626845	49.45301035401318	0.10387904226587313
2.0118516008020864	0.0017707171575842109	49.51324853182893	0.10387902612231228
2.01553496889032	0.0016821082900554977	49.54586484606315	0.10289821485235628
2.019314663552536	0.0023419455198896914	49.365243620321145	0.10714706878932136
2.0239354041380038	0.0019432514178324184	49.45410458309759	0.10493018713495056
2.027682684664952	0.002074157359711235	49.422124094840136	0.10493020176162723
2.031531276678423	0.0019776720597026167	49.44520528011889	0.1038790460266123
2.0360976110867286	0.002323892411820989	49.36437694654132	0.1049302253983789
2.0415520816472137	0.003183126283382243	49.20969803498245	0.10714706610550652
2.047899840764724	0.0028486974542134965	49.26409121416033	0.10493020298697264
2.0527240933010424	0.0024828339481301606	49.30776044339535	0.10714708526157436
2.0581202305856263	0.0034163518673669675	49.19198483958475	0.10387902586783836
2.065604549954333	0.00383205448179009	49.11811017980158	0.10714706446118973
2.073846299442694	0.004538042802634914	49.053891364640585	0.10387903510008406
1.55690669981362	0.043048580992103375	49.042323020496696	0.11485852474322483
1.635292671761496	0.041928701218337285	48.98611827526173	0.11843668644015067
1.7258883629872774	0.03160250567769823	49.35038131399357	0.10407702097581752
2.0978292074540184	0.010324031311103534	48.92038058497157	0.11668722990420465
2.1296638723815606	0.014391686195650635	48.80825404539528	0.11178629838383897
2.1584921364093788	0.017058215768341718	48.654152096296684	0.11631222182891726
2.2029559642737953	0.0218819327426324	48.5048534645827	0.11469997370235518
2.250239148678588	0.03125418871979392	48.275076931920665	0.11824571340447222
2.303439257041731	0.026364896903481278	48.33481074572187	0.11706641648643734
2.352531280755125	0.019526761972050066	48.10746775643166	0.11889587738505805
2.390067043389933	0.015802752263117694	48.206217826189516	0.11489797143349344
2.422455706158032	0.01760055154263889	48.14093595842137	0.11825504232143301
2.4568923240354867	0.020323599815292158	48.0747220399223	0.11868097799103004
2.49334908410801	0.014949714519121252	48.12604808673049	0.11846737730493984
2.533591539934169	0.02308957630622396	47.84375563243304	0.11868100988909436
2.5702222557712884	0.013220339140957243	48.003756512113924	0.11846736071904888
2.5931255111243114	0.009570900451639754	48.118831433801915	0.11825504619552009
2.6251792053582688	0.022990960444795087	47.80202402993591	0.11079608092003031
3.091113311329485	0.008178264347648899	47.743298414791475	0.11846996237620461
3.109485558637997	0.007739015412248183	47.69535376992988	0.11911866896778713
3.1235727926267485	0.008075810429053995	47.61410206661861	0.11890109604730066
3.1367695831858984	0.004908140025201992	47.80129256604324	0.11890111274513877
3.1491613843286075	0.006604661966328844	47.5264816183419	0.13277112924506362
3.162218754116499	0.006587086380445848	47.637553919147834	0.11933755040497539
3.174719916687991	0.00579476373057413	47.68948133052699	0.11890110392565062
3.1851615894420697	0.005572678852722659	47.70962567644348	0.11868487694484325
3.196284648096977	0.004526454263705957	47.80304244637147	0.11846993368440306
3.205256068413031	0.0056431678296785795	47.70081453093934	0.11846995233247498
3.2170785010299263	0.0058053882693336915	47.531415479247855	0.13421986687459148
3.2286155833269032	0.005118438404313867	47.72343893350457	0.11731797190459509
3.24048906871002	0.007210427384328246	47.455770816792636	0.13241610266791165
3.2543893216567947	0.0055434444391321246	47.75404520429256	0.10870876087631616
3.459368667675541	0.006152215759237622	47.511496547000334	0.10986374821492102
4.015021443216254	0.06255509463036395	46.790316548168654	0.11310547601576934
4.093366542135381	0.0064878708482430615	46.6663232875397	0.13189063033806572
4.167318471588126	0.02601293418036326	46.72961324622824	0.11234777632092208
4.2436111395343605	0.03803757869458664	46.7656495707116	0.12380439496117424
4.384090590814174	0.07936863678418674	46.624483619358074	0.12033619211754959
4.524652522374194	0.0561656631459098	46.28734452562971	0.13528220091956156
4.6522710108777625	0.06022259125035191	46.0570501803827	0.14097699259366486
4.872653509223231	0.16103238289551222	45.302358423538294	0.17655275556681077