-0.19644640377775263	0.033392997234831266	51.28091063872037	0.10945846840760426
-0.08283139777178944	0.02285008779457577	51.70388610442308	0.1115979896983589
0.5689983903730693	0.33238284508453503	50.26518468297068	0.13361707139301288
1.5038350750722693	0.0016553676250528535	50.14838504674409	0.08505950019769198
1.507283746267475	0.0017303519369391857	50.12346680494074	0.08600501506972756
1.5106069271409157	0.0016825638004453062	50.136449859993306	0.08600501735644377
1.514143354709773	0.0018405063758459776	50.09759195087263	0.08600501827909934
1.5174755998000071	0.0016525774342335867	50.15155432366287	0.08505949404719443
1.5212873538859513	0.0018246920785589666	50.10333083473459	0.08505949446844177
1.5246500707409791	0.0017665427337744313	50.10536605565474	0.0860050183436867
1.5286302977555448	0.0020054788548250755	50.04501438276306	0.08600501512867066
1.5318952402713597	0.001357603718182075	50.231555168483204	0.0850594914670057
1.5341468646507916	0.0011556715844467781	50.308450163289116	0.08505950401705809
1.5367950938253574	0.001323514499448569	50.25818279526004	0.08505949464821475
1.538983996549471	0.0009279432139392817	50.418104581341595	0.08505951198195295
1.5408970712269325	0.0010784081243540543	50.35262980652455	0.08600502052764278
1.5428964329279227	0.0008908830154337136	50.46925635481793	0.08505948256305297
1.5447486248213171	0.000863525639976001	50.50802389592062	0.08505950385001065
1.5464756044347316	0.0008684816610530144	50.47887861569599	0.08600501659753351
1.54819574387456	0.0008717285224698047	50.48409300214128	0.08350542701688339
1.5500221937675742	0.00093791483938119	50.414206288179145	0.08505947547532801
1.551844306606951	0.0008313155563515996	50.45927038970563	0.08600501099557983
1.553533456684141	0.0008561313454617499	50.43161931917611	0.08600502290817773
1.5551536163161224	0.0008397959594814261	50.41956551812241	0.08600501948074213
1.5571965255336542	0.0010452275049760756	50.48714652892351	0.07654310498335333
1.5591354308379297	0.001029172431936433	50.49819134100807	0.0765431068306032
1.5612504976357235	0.0010614445202414586	50.48717115346663	0.07701460233553482
1.5632295055792187	0.0010211292141919558	50.534609974497215	0.0765431129668046
1.5654307183182614	0.0009405316067057872	50.596765377504425	0.07701459004796582
1.5670967215902567	0.0009241396709473233	50.615725823996534	0.07701462934827889
1.568899682979354	0.00080089355544965	50.717651564840985	0.07550000267445428
1.570460448582295	0.0008186452570398113	50.79561352396172	0.07219209384451691
1.5720630481258269	0.0007982424636076976	50.73115730400039	0.074783378825335
1.5736818033410094	0.0007889735056223814	50.806214451041605	0.07225167005763632
1.5753008231294783	0.0007876066801372518	50.669704398167525	0.07701462666291374
1.5768106514760425	0.0007973812543044599	50.64072450018719	0.07654310199659364
1.5786360961098151	0.0010447031904735821	50.50550617361202	0.07701461992193652
1.5805500161824098	0.0008029458180483716	50.65182629012196	0.07654310197903681
1.582171478201143	0.0007737002632565346	50.691824310403526	0.07600823843614182
1.583709973188061	0.0007848139244938645	50.527503148579314	0.08350541543715996
1.5853595621791068	0.000881484701738723	50.6191208925667	0.07654309465104153
1.587036506900351	0.0008597622747337486	50.614629423106095	0.07654308817175033
1.5886431042811613	0.00076529940863124	50.64949160833085	0.07654311309655443
1.5904014023795598	0.0009091935476442981	50.56672532202202	0.076543120165481
1.5922642787385661	0.0010426061097547439	50.50294757833898	0.07654310686302057
1.5943985561763863	0.0009819416673513982	50.539324642006804	0.07654310196987137
1.5961726325126704	0.0007910237743489794	50.4459315532244	0.08505951232077305
1.5978531063176407	0.0010277854882091758	50.481978332367554	0.07654310053579359
1.5997733459577201	0.0008260157840429403	50.41181380151875	0.08488159289041708
1.60131586091596	0.0007728448636095783	50.432843826781564	0.08452219755020557
1.6031532015682082	0.0008563992534701688	50.362889102358785	0.08505947746991677
1.6047219018041718	0.0008694393429277483	50.342483693729235	0.085059494040979
1.606410575713594	0.0008835910249776951	50.40958639867803	0.08181005468048017
1.6080694309639156	0.0007289114827824575	50.443441428562906	0.08452219485996204
1.6097393663636685	0.0010232266236290621	50.297824795268724	0.08505950263071858
1.6117521615243575	0.0007905601044464663	50.38980682302602	0.08698491824085364
1.613373530241288	0.0007847396734261358	50.39343164204081	0.08505948019262337
1.6149258594586535	0.0008721635454311276	50.33250101918625	0.08600502284356644
1.6165011995435834	0.0007548505389343337	50.40788331679078	0.08505949198587037
1.6182584817830832	0.0009379764848624494	50.32004698952291	0.08505948940331567
1.620161525048065	0.001014528210095564	50.45829098702927	0.07654308996354788
1.6220985277297375	0.0008592861348968985	50.344466778610865	0.08505948688183082
1.6236509169444848	0.0007256816194384763	50.400838264195485	0.08600503485750628
1.6252229518409234	0.0008615178046823574	50.32414840347273	0.08600500003885835
1.6268283340548413	0.0007789148267889223	50.44014255370071	0.08210977063650646
1.62891065850263	0.001146836081098134	50.23245173485194	0.08505949799303235
1.6315485358751056	0.0016292038872479835	50.08424805100466	0.08505949238187731
1.6341485662961839	0.0008220707218904618	50.35950009144281	0.08505948269619384
1.6360406816924549	0.0012181962945709381	50.156957071807454	0.08698489871874684
1.6385435132457817	0.0012762995236444722	50.13234748359703	0.08505949979054875
1.640905219256759	0.0010710796799189364	50.2092010987535	0.08505949332469728
1.6431629071350846	0.001109811189942616	50.193690326009246	0.08505949811109285
1.6455931169051516	0.0014479151698163354	50.07247341195485	0.08600501887016304
1.6485562159920577	0.0014937372007793397	50.06628436665291	0.08505949519162331
1.6513965394796535	0.001335204884663352	50.11529979404487	0.08505949340506677
1.653775996579128	0.000918012338492234	50.303273188816526	0.08505948629402425
1.655282013160733	0.0007725848552106938	50.56942563890645	0.0765430844322769
1.6568530487991988	0.0006943760055341403	50.47058690444537	0.08505948282372557
1.6583873250433996	0.0008642611791910642	50.57269510266511	0.07701460306993874
1.6600065739958425	0.0008429719123090149	50.57643843042569	0.07701463000504559
1.6616635344670052	0.0007857496074800918	50.58194007036835	0.07654311957180598
1.6633680011849092	0.00082494380049816	50.53238496639319	0.07654309274813587
1.6648692606092186	0.0007544400188260834	50.4640499888948	0.0804552672640858
1.666324637412726	0.0006488615440092878	50.60861690086729	0.07654310625063275
1.6676990645627905	0.0007622227454746149	50.54882860880953	0.07768506589825404
1.6691955636096258	0.0006749198330006067	50.47325953130922	0.08255896162675315
1.6706667702376552	0.0007343587627822676	50.54669819251913	0.07654309986587882
1.672009965677201	0.0006680487621007084	50.599103799586544	0.07654308645749446
1.673474188113107	0.000812226220989143	50.544184595668085	0.07654309703798405
1.675088128919116	0.0008316569131792625	50.541339271538035	0.07701461476819776
1.676440114392208	0.0006326800858875177	50.46290435503414	0.0850594867625944
1.6779018895616438	0.00076558441246701	50.52475377266004	0.07654310676469774
1.6794501164044426	0.0006900303427942157	50.387204057641064	0.08452219655421903
1.6808156839236261	0.0006964777458596806	50.35035887477211	0.08600500338438789
1.6820469240733926	0.0006270186707556216	50.41555775624372	0.08400453255925519
1.6833847915794529	0.0007241748067384124	50.33281505997083	0.08505950515317105
1.6848282930521008	0.0006656881814636746	50.36887016148831	0.08505950853405864
1.6861916650261985	0.000676970941203121	50.35514658516813	0.0860050112343687
1.6877954426561845	0.0008742753865422409	50.24988538959143	0.08505949483079892
1.6893185125791015	0.0008205345964963969	50.27149815808359	0.08600500542083628
1.6910069753649002	0.0007740791841602987	50.295251424961876	0.0860050331409246
1.6927176343265637	0.0008117430080233904	50.2779406282622	0.08505948649890037
1.694419196385228	0.0009182861322522377	50.2084835510595	0.08698489854415684
1.6963468904560366	0.0010127648914754987	50.17697091674904	0.08505949224391678
1.6983582569953009	0.0009135403489455636	50.22133849760571	0.08505950181546791
1.6997953232686172	0.0007997991679205533	50.27786314408648	0.08505949771838667
1.7019361852786425	0.0012014181180897033	50.10112081424414	0.0850594955601656
1.7048217027443404	0.0017325577735502065	49.944455017243484	0.08505949432773313
1.7079749401802964	0.001251872252272289	50.08315612437441	0.08600501861447168
1.7104278193976103	0.0012735571486954807	50.08526656120823	0.08505950072690745
1.713072610744205	0.001534298635776957	50.00173583690422	0.08600501035261776
1.7162642595224322	0.0015355391787361353	50.01201757140064	0.08505949679643839
1.7193920918821064	0.001442326340274671	50.04088552829265	0.08505949458234968
1.7223857523353137	0.0017868887706595918	49.94247803447266	0.08600501187449468
1.726713923854723	0.002332690435739509	49.83410257047435	0.08505950232664064
1.731253640277063	0.0025297452527878756	49.7998955546318	0.08505950727253563
1.7368704681806628	0.002840081157586051	49.744926846374774	0.08600501036264645
1.742680313243541	0.003360460882514362	49.6795652645498	0.08505950266353893
1.7488618742816557	0.0026785701330563935	49.764955053112445	0.08600503416651512
1.7555931851671343	0.0036877656078873997	49.617665574828365	0.08505951316559408
1.7620646160480185	0.0029688318611478053	49.69775144264075	0.08505949027529665
1.7691484615697073	0.0035513468869741564	49.598238627358896	0.08600500281640322
1.7757766063861893	0.003713127241722778	49.46146540582327	0.09182948652581699
1.7839792729619965	0.004442250166797939	49.48274743183083	0.08505950529634876
1.793123905765384	0.004036148152716125	49.33893674986508	0.09659608431418311
1.799743111758822	0.003382763896662979	49.38668570973715	0.10047050953640083
1.806100675547703	0.0032515327254697183	49.3845879934766	0.10047050898131864
1.8146058364563675	0.005071175790420008	49.16787268902442	0.10256319122909834
1.8241169871394214	0.004341157751851198	49.25258082157241	0.09659608321848663
1.833542047932351	0.005222732401494039	49.153340386635634	0.09848377384929335
1.8482594179933978	0.012005435131115162	49.05023804318883	0.09659608728287825
2.5296325785156744	0.5761154250919888	47.71202256609878	0.12640780971402382
2.997264790757124	0.009379756856076787	47.68933663814691	0.11301899786424445
3.0178200347403887	0.012780130024347329	47.54197309192134	0.11244323150796155
3.0420201776700715	0.009804333827679469	47.630310876972814	0.11301903206583024
3.0596362578970386	0.010317311114716015	47.59304359835339	0.11206406568993219
3.083872281132786	0.014757979028670985	47.341629728528446	0.11988832439685004
3.111047165466453	0.009623753837650618	47.57279572383207	0.112253142980174
3.129348670887605	0.009995509771028475	47.409545330811696	0.12647955333066613
3.147259923003912	0.006956604847628221	47.70041885412877	0.11206405986797033
3.165023486308029	0.010927329253881558	47.49251763392634	0.11282613714119062
3.1848270880869416	0.007830150092017405	47.63407699468442	0.11321283393800124
3.206465011331606	0.012599896065382848	47.274243870194525	0.12740792026538095
3.4047544443236935	0.004369389608133218	47.45657721080423	0.12585320939007907
3.415545750906036	0.005057775908382983	47.36490228415849	0.12645034540643305
3.4246690248486336	0.005119556652573955	47.4771579857388	0.10982939913801455
3.4340233070342543	0.004465850577107562	47.3548896250654	0.12555745745894678
3.444061521435256	0.004949193239337941	47.33580900541423	0.1225814314619707
3.453141198609122	0.004690445655121246	47.329603138990436	0.12585321395461194
3.463314249890763	0.004683679059452067	47.32412788036426	0.12615085817074756
3.4727569261444446	0.0046825600607711335	47.33873247033189	0.12231495972138162
3.480465200341077	0.003768236027865665	47.519776454729694	0.111688583510423
3.488316922962729	0.003989093131844942	47.48159226417834	0.11187228741915992
3.498864832051773	0.007692870715820036	47.18070014907014	0.11299323376736926
3.621494748487914	0.006757658164662871	47.076507806918755	0.12719636481993435
3.6283206427042445	0.0031683626109583166	47.323669879954366	0.12654994544777476
3.634341901692268	0.002678333234568685	47.39556925712556	0.12528292211162936
3.639386300466979	0.0024437679001939466	47.42651470970645	0.12623002530397773
3.644309449763106	0.0025504534184462853	47.40997652207733	0.12559654656020128
3.650820993097136	0.004198511906235291	47.187361646404696	0.12559649840845938
3.6583259542764552	0.002859372239684528	47.35073612805169	0.12591222569407098
3.670058501991608	0.009636925715059974	47.049444502627246	0.10895752848184685
3.7602598548019563	0.003981693689912416	47.201116347639115	0.12762570594272832
3.7672892729267295	0.003817705486304485	47.15513125136235	0.12628006333172867
3.774203687090884	0.0031601962906913617	47.20861965898007	0.12661300166728082
3.779488264863136	0.002040341362568631	47.382076745704374	0.12562124522497745
3.783770229247246	0.0021176959831741764	47.351878827706585	0.12529519931809266
3.7890343969548526	0.0034148154130936082	47.12899324167672	0.12661296304626024
3.797685022169816	0.005632190004648984	47.12075781101432	0.10691830371436464
3.866193559373276	0.003563636392346059	47.0809503479823	0.12624308563392056
3.871831127203207	0.0022656314084989284	47.27394914985864	0.12551216835733245
3.876747752038708	0.0023973247217131933	47.23801167521928	0.12569386258281723
3.8839719421774936	0.005276000583384368	46.86833921916247	0.12812105491545156
3.891608669753967	0.002468596705025712	47.195524203197	0.1253312558156844
3.8963551372128538	0.002736220526309726	47.26435235117922	0.12243784805458605
3.948913787959271	0.002546201782896222	47.193073607757064	0.1225869609758966
3.953512433509982	0.003359170594255631	47.02998834086673	0.1260389658171884
3.963102480306516	0.004670996154986983	46.87311866961908	0.12731585564915518
3.970464736051379	0.005554847913983653	46.96092046346494	0.11560978994852958
4.018715894577657	0.003316002376174752	46.960479770101394	0.1269970428058961
4.02583281555631	0.003485149210995214	46.91827899970821	0.1258813522550666
4.03653318218511	0.007438491788186065	46.7919011527795	0.10526729811847885
4.081197434458616	0.003117101823557794	46.930035622592584	0.1262135427812395
4.09292038503567	0.009281431623716542	46.69967768725238	0.1030035688656929
4.135830038484388	0.004696500840196033	46.79075286480975	0.1271151815506355
4.145877004659159	0.006047728301042794	46.72900591407964	0.12573364642975585
4.18215690513852	0.003491824563711559	46.77222634441102	0.1280575669739899
4.189445004941275	0.0027163632140221965	46.868826401396646	0.12712884658793416
4.1945653604939395	0.00362108698789272	46.75823838615301	0.12787036120595827
4.230491439336914	0.008933488225471383	46.54682288873629	0.10670084369698772
4.269397934349762	0.00788212910886976	46.63338497279544	0.10259596215436378
4.303363019207245	0.007423159739438238	46.64226260463206	0.11233612001049029
4.3379351617005675	0.006966179932361349	46.362910518298094	0.13150206198105857
4.3657142803538544	0.0044552878389159285	46.586383747280166	0.11732353579118356
4.667144296698973	0.023230347428178838	46.14176033449947	0.11204397400500819
4.715937459142259	0.028870722462352897	46.17733226598918	0.10877831283172917
4.910194020492071	0.021947345666386352	45.911337483230966	0.1290986823646653
4.956533080167581	0.01971446908860976	45.97799668688532	0.12737295082282443
5.032859804322973	0.07034121401150838	45.583888051965076	0.13257336065617528
5.17152300172773	0.03911667344721716	45.45260269268425	0.14044802676582524
5.2500733101760915	0.027423924983527914	45.41060465559277	0.14442592233947513
5.31877388392855	0.06128039911186891	45.364597727238696	0.11657504495175391