-2.288653971901889	0.4136140458657998	51.29978602233028	0.08784650979499795
-1.7023880377474603	0.21446643859225376	51.112720318148206	0.09543029208024698
-1.3531944411473282	0.1439650268087447	51.05251336338566	0.09684565007769104
-1.194232498595848	0.03327927106952713	51.34531375338692	0.0979712658023354
-1.078118634241974	0.07641545362305081	51.23850674633011	0.08294528640421396
-0.9865909116768594	0.020631567175093967	51.24032593009866	0.09419178688312188
-0.9287279280963106	0.03611596557117192	50.95302902288245	0.10174061014936385
-0.8466968758312532	0.04484968913027031	50.67344862418703	0.10114124258384874
-0.7906715391712912	0.013140528901062983	50.76029392801106	0.10324472102289421
-0.7651549859584044	0.012390712851590963	50.37335087525236	0.19989974722533693
-0.7410548006451074	0.011721848586980723	50.68880174952703	0.08860897149027984
-0.7182219789651381	0.011121497935099582	50.61986255386512	0.08520254236416108
-0.686077007229218	0.020656099146270174	50.20950469643278	0.11113659252414908
-0.646613373443542	0.01886186689092686	50.21611300862092	0.09364969598857767
-0.6104389266763096	0.017354425002150987	50.229208163614395	0.09307537668695637
-0.577047310641294	0.016070101243952067	50.10107362848753	0.11746960240843031
-0.5460407852345104	0.014962773005901271	50.18653688032083	0.10057959067800618
-0.5033238731815278	0.027122216046801827	49.946951787369855	0.11423676340705158
-0.46443486594420785	0.0123995569665434	50.171971001297784	0.09901668417945955
-0.446222788981558	0.005945167507721491	50.286462672213204	0.10431413182397713
-0.43449230634321745	0.00578673524463275	50.3061246074235	0.10311473691845273
-0.423070362266367	0.005636528001401511	50.28825457996737	0.10960404590492419
-0.40648167243823297	0.010850580534184454	50.043461752242486	0.12674509391623168
-0.38530528734095837	0.010334193511091718	50.22098436752816	0.11046244221702974
-0.37007423277167517	0.004989023382104613	50.5843111517532	0.09395018114656804
-0.3553592903776475	0.009645629866082863	50.3404926845496	0.13837898715085525
-0.3364842079398424	0.009235395747228524	50.6545609384079	0.10087269792748792
-0.3183954067914705	0.008858632982813964	50.65306616870722	0.13972607889500313
-0.30530668963138197	0.0042978177602165865	51.16128579629403	0.08696677941638274
-0.296795013072165	0.004214405496114294	51.10659278809922	0.11762954966138427
-0.2884469479248157	0.00413416927038523	51.30604849047182	0.09350842219709131
-0.2802563347299342	0.00405693118680591	51.1693420055148	0.14000389301822835
-0.2722173380771545	0.003982526228143557	51.25554934262892	0.11395450508288492
-0.26432444085254964	0.003910801269015972	51.26630250560572	0.10013811330345285
-0.2527477165333173	0.007615861171997649	50.786125529179344	0.134648444382566
-0.2341136065262287	0.01094400210300652	50.64264882047713	0.09291613851990826
-0.21976138936997908	0.003529414746818218	50.60005800979056	0.11152417245294993
-0.212759307573124	0.003472966659950633	50.57504265345175	0.11015764791273398
-0.20586833569642615	0.0034182958069263725	50.55492973038973	0.14880079490705894
-0.1990849976013636	0.0033653195169967656	50.88910643204721	0.10061779820308613
-0.19240598255438485	0.003313960206212785	51.04750394955654	0.10013024397927094
-0.18582812540063554	0.003264144919017095	51.237201243295544	0.09006237780791022
-0.17614446017951862	0.0063843363981253435	51.2726616221368	0.0939893828446355
-0.16355989336785426	0.006201991913097074	51.40706534889945	0.13043907578577257
-0.15132974413026318	0.0060297741608313265	51.43795686190445	0.09113040962795389
-0.1423779753096695	0.002953379675892138	51.428512705639214	0.10665995954313588
-0.13360700621456334	0.005788663554316775	51.20086016239388	0.09641875830746911
-0.1250096737933029	0.002837598725343598	51.231133297924345	0.10264021880008585
-0.11657923226213185	0.005566093975657348	51.0024386769443	0.09432078345566051
-0.10830933351868843	0.002730553185471562	51.009045092838775	0.09724217322560412
-0.1028822748852839	0.0026966437828511353	50.8817037624046	0.10819517548859232
-0.09486677098810159	0.005294659956078627	50.65591102464178	0.10685685731111694
-0.08440448911206455	0.0051686341339451615	50.575880410379995	0.11215846733718624
-0.07418832915836271	0.005048468274367833	50.53889475004821	0.11468127282514083
-0.06420697505990325	0.00493376292704672	50.62685238716943	0.10061210181681098
-0.0496523224130101	0.009542312175120108	50.496430575483636	0.09343087974659817
-0.03556966906376957	0.004618925647533834	50.52115928312746	0.10984287950303784
-0.028695962800036945	0.002273198021521308	50.70609523157008	0.10465990166158248
-0.01969705092648122	0.0066797408268875575	50.379727088705394	0.11954290639586147
-0.010880823290134178	0.0021818361336218652	50.71740592984822	0.09842317989478801
-0.006538928667682242	0.002160131724913173	50.67002244191698	0.10635504296986217
0.0020167689326815452	0.0021179930840185476	50.68879507436488	0.09708360712065482
0.014542351062967418	0.01028890032254539	50.38069801075358	0.0892562996329578
0.02671678345503492	0.0020008960327429857	50.83244166667929	0.1051658372907885
0.032678367912329254	0.003947234557362562	50.76707734103221	0.11537155934385147
0.042436012198020734	0.0057893065842744935	50.9307299321599	0.10849256822980459
0.05386296730211615	0.005638967531786914	51.25437883805685	0.09747989458895438
0.06316099914099982	0.0036796821250875255	51.5754434463477	0.09682604118710371
0.07045870453232383	0.003618366864903495	51.700879562607874	0.10896612989689898
0.07763580607789766	0.0035590615292097815	51.85134799538906	0.11506636295187414
0.08469622662482623	0.0035016688726834055	52.151209367151026	0.09269909542381352
0.09164369558946417	0.0034460978644863046	52.314048901689986	0.09367152067263947
0.10186085828362901	0.006731943147599657	51.49587282740404	0.1023353993681259
0.11019530114156773	0.0016509959406150595	51.23714617862662	0.1100976144371775
0.1183728060919974	0.006480798099705417	50.27889306181801	0.13483485644976292
0.12798680133321183	0.0031694543496601974	50.33920178788223	0.1112866617592896
0.1327151496116702	0.0015675671614200823	50.757071070916616	0.10611604217507724
0.1373925711517585	0.003101549602143776	50.743897282883246	0.11846649851182627
0.14355178877873565	0.0030578734872150895	51.100530717843675	0.10276264268004597
0.14962487347152165	0.003015410402903698	51.424378623287204	0.09322086136190083
0.1585781785774215	0.005907763745591786	51.45626593421701	0.1352660052458677
0.1673506257562577	0.002894814081206725	51.663696065630695	0.09270262444711674
0.17594937831138835	0.005676124590243413	51.38575071285367	0.09102015893161257
0.184381182258899	0.002783492913604768	51.33707505058536	0.10083106236065906
0.1899127888583786	0.0027482644074835255	51.22151105691649	0.10969237300042874
0.19537482662971262	0.0027139164636105473	50.983557811895224	0.14931927189811164
0.19942673963445423	0.001344356857851462	51.22970996741472	0.10580025349624976
0.21266643280009978	0.01173592656183646	50.587587771510314	0.09408721985329027
0.22803902654081154	0.0037759265241708783	50.731703342608476	0.11481158490656423
0.23552597185824553	0.003711389967522827	50.773021276411065	0.1117532830877684
0.24410067305356187	0.0048517746928759126	50.60476138828392	0.1401724362186957
0.2548822232118343	0.005916012564811571	50.7186905259361	0.10966488232238107
0.2642461648662533	0.003473892671266617	50.85328390941976	0.10760146477530243
0.27113896073937194	0.0034191928808068764	50.880993546487844	0.10363110391746219
0.28900219519762804	0.005469015015068414	50.84304393314133	0.10054426467804728
0.299804753930214	0.005334657687454753	50.803668808788025	0.09750635697083847
0.30720978386826603	0.0020977876212878704	50.91227293665487	0.10163095379879146
0.31757406240639596	0.00819326932816387	50.648526053174535	0.09312009095836576
0.3276967557634798	0.002001126515289858	50.85253318947018	0.10043349744743338
0.3326709761562979	0.0029675058593806388	50.61631746012262	0.12265929292830767
0.33660973572113795	0.000980238082290894	50.894392251042085	0.10998266123334201
0.3434177609011938	0.005789949769889565	50.462629156873945	0.11024348298537003
0.35201698670347203	0.0028382168535770773	50.64868830805648	0.09661097123702368
0.36230105200416174	0.0073914601800150696	50.32685864708139	0.10552676304547932
0.3768379423082143	0.007148144961963448	50.092464320007736	0.13986214944719336
0.3874299393780555	0.0034879588976503223	50.326398516750785	0.10442814024353042
0.3977697467830269	0.006811794644532238	49.969634002506645	0.16265455928001915
0.4078690952310945	0.0033276083291216355	50.415422798405075	0.09820396863292068
0.42097963068040645	0.009685965592158853	50.211961730615855	0.11820308582923815
0.43605117353399014	0.005457429989291292	50.47057394869289	0.11131503873808508
0.4437783496751827	0.0022976517888533233	50.76536292939018	0.10454242061101549
0.4566070232563776	0.010410277802887204	50.4687576714022	0.11929255625958106
0.471948260262241	0.005024479589128201	50.81911770227415	0.10505785480280513
0.4936482519428774	0.016387182725835437	50.75581903130852	0.1046854343936783
0.516911875758384	0.007119051193498042	50.89350796020511	0.11349156912757663
0.5284077320347121	0.004411960489730912	50.92322085479722	0.1113175652072113
0.5457064352048248	0.012719035108544628	50.47646878878338	0.1289257349977478
0.5652472104240932	0.006948248497916551	50.56609614761973	0.09851919252439519
0.577239536590254	0.00506925664857238	50.53239034623779	0.10051022502204704
0.5872615191993776	0.004953615536910821	50.3923016341698	0.1132549153081503
0.5938166196913063	0.001626469567139083	50.61302761627105	0.10735067138386191
0.6008080757187529	0.005334985346153011	50.372038644622435	0.11270965642781897
0.6071633308741674	0.001051496838811156	50.81799875694416	0.10373508168122673
0.6154948752344532	0.007220619618826981	50.41282694698028	0.11440677200729815
0.6297012064636441	0.0069882452147476196	50.57541647686808	0.10537581311696728
0.6405461926234254	0.003894799458494161	50.83315047949231	0.09646239737995786
0.6449058859766962	0.000481987106390901	51.260011985326635	0.11212925428072358
0.6473091597132009	0.001917309120583177	50.78220995699854	0.16152274015893614
0.6511269480933585	0.0019005283390697168	51.02196759438124	0.10518123443368892
0.6563222026116083	0.003286375195289889	50.82981616684665	0.13802502627960886
0.6628457120832528	0.003237379665494917	51.01426818935613	0.10730289889068385
0.6724508470611624	0.006333131346421054	50.90378430808315	0.10473803036621984
0.6818481372603006	0.0030987833181408664	50.95677156926205	0.11384960335174132
0.687128110824143	0.0021866697654024216	51.01759487530726	0.1105860494237304
0.6944998680848357	0.005159679010896426	50.56575075188462	0.18213858434344185
0.7004781570952306	0.0008481899946278194	51.151390053917204	0.11460988357496886
0.7034367217191787	0.002106078667614898	50.9570083677341	0.10802816354150843
0.7088782927935776	0.003327767690098688	50.87873770084191	0.09769468247490735
0.7154833454608088	0.003277539603579274	50.70047124150893	0.11770122594282854
0.720776954105144	0.0020236451328959465	50.70189228177174	0.11406230833991922
0.7236008562366877	0.0008042118090793013	50.82270230462161	0.11363963802908641
0.7280016487705397	0.00358246674165838	50.36114020995068	0.12823041725865095
0.7327521940223015	0.001181164449822069	50.558610785264456	0.11046639842017159
0.7347163531199706	0.0007838896839382312	50.590742006566956	0.11351796051929354
0.7390064867508234	0.003492829040736374	50.16554645019131	0.11126244794630887
0.743638799193333	0.001151923828497784	50.289017981743214	0.11252604879622861
0.7459365575452891	0.0011458453423470107	50.21818205731367	0.11308250830110982
0.7486020006140598	0.001518445809247906	50.10085107355563	0.11143906736031284
0.7531336131817522	0.0030053681556826695	50.01849166093719	0.10163690462880383
0.7572464580471799	0.001116390425665693	50.2462789879619	0.1150468362343027
0.7642599929900645	0.005858700487167316	50.13580604275418	0.09134569946079923
0.7715223080853814	0.0014403863259673402	50.52001872587322	0.10295490931467056
0.7751084272511625	0.0021428122955913474	50.471041294009936	0.11029549952197551
0.7821930340545645	0.000702713453463978	50.879237202771115	0.10505909431715767
0.7912335563119469	0.008258838848637453	50.536352521007444	0.10338720816037594
0.800426758278933	0.001010731504860409	51.09732235572956	0.11036938252457745
0.8071132301788441	0.00563997264773888	50.74913450509726	0.11538420146570579
0.8182491763204648	0.005497193846030311	50.83295358487194	0.11726219511112485
0.8294219705892146	0.0056727264442655865	50.943030860892826	0.1094834777414672
0.8353689450046545	0.0003108653819433513	51.61351308309544	0.10672474564883415
0.8393915080534337	0.003695992187763138	51.13754390488809	0.10151981422148608
0.8449004087512232	0.0018247028409341013	51.24058757451876	0.10973377496712375
0.849739225997029	0.0030074753786987984	51.12323138242397	0.11037481659288541
0.8592580642847781	0.006473004711415383	50.88539372296195	0.12661872215274722
0.8679963856063276	0.0023069326092158148	51.158110771149666	0.11097677824005055
0.8899258810027212	0.003838340171186869	51.031267368622615	0.11394957348400851
0.9028904549808426	0.009047524517249847	50.78554107440446	0.12666093864784392
0.9206186897415206	0.008685634180235359	50.904382252035525	0.09873210551569638
0.9376515377676448	0.008351580774427944	50.86494996133299	0.1099438552139989
0.948806248383837	0.0028728721831910993	51.090839903126586	0.11490094435110151
1.004877208723101	0.0071539024673387	51.012955158295235	0.11234653208318547
1.0593821323162862	0.04491325597265052	50.87131419814275	0.08702454389032989
1.104470047941776	0.0023420668891987744	51.53443949888839	0.10686905365157146
1.1318599842170207	0.024345181716344196	51.11990849699525	0.10239525395062161
1.2757361525478226	0.10499166790731695	49.885112978987294	0.12175310021509048
1.3703156721959089	0.0005442229909139413	50.103308604452664	0.10389927195355364
1.3717645140914034	0.0009040174060161709	49.775405494362346	0.1535259215278896
1.373568795752774	0.0009002694456671424	49.98872949138536	0.09684461656028974
1.3769764159415039	0.0025010531554353847	49.6417919002224	0.11412801127810622
1.3807118846963733	0.0012398166305734799	49.77895741746101	0.10672618442715573
1.388261892493602	0.0010443850829790053	49.6800376948044	0.11518799986904292
1.2574774992679165	0.0036254915110813103	49.91283515583857	0.07644667818035861
1.263481235449306	0.002624512581281837	50.06872905053106	0.07644666758999873
1.2689451461544872	0.0026346564723906817	50.08187226469924	0.07644667027240865
1.2738147675146805	0.0025797933843707205	50.10886905963807	0.07562974152314407
1.2793299780484393	0.002496909467683933	50.11062222154936	0.07562974821165076
1.2841294140028467	0.002510948178697931	50.08001623601734	0.07562974572022481
1.2886739307108153	0.002698263132681829	50.02158786115773	0.07562974675142772
1.2956775187213982	0.003328298484824028	49.92480149417629	0.0758128318322862
1.301104464079986	0.002502456140978764	50.04316322821404	0.0756297458551044
1.3061123047109482	0.002197734814778989	50.09862961260026	0.0756297449286239
1.310516909372367	0.0022874588017746146	50.07460150340025	0.07644667163251408
1.3144751948608326	0.0017922183721232204	50.1817073241363	0.0764466922627594
1.3188268485336478	0.002662801391012237	50.011964330779925	0.07562973788589554
1.3243066576730262	0.002853783906161729	49.96829972871299	0.07644667345585415
1.3299422082707495	0.0026950545719758297	49.98387304261728	0.0764466693754881
1.335294226771567	0.0024432813102025783	50.02316853887801	0.07562974429143338
1.3414156207027759	0.00354091833374621	49.84938011087139	0.07644667234885574
1.347905826910596	0.003177997445781671	49.88279330198922	0.07728561619335843
1.3537165871098513	0.002940216520642607	49.92739462562435	0.0756297508252024
1.359841057460753	0.002629581796523717	50.06862280957961	0.07562975013770784
1.364117395836704	0.0018194511630093646	50.289039048551565	0.07644667483642105
1.367015148485124	0.0013298086433966739	50.47060577540928	0.07745177718340318
1.3697756488274044	0.001475771173946141	50.59582881714294	0.06590589105452847
1.372771325600663	0.001332592824829819	50.6157501632459	0.0668466357994575
1.3752983659016804	0.00135176208673663	50.58847332265745	0.06675626992420754
1.3781583403104567	0.0013473435560451017	50.573638336843004	0.06632711822027854
1.3809420753781807	0.00158656692205798	50.49010761586486	0.06632713754814544
1.3838004180063566	0.0013211598567733384	50.571605566343	0.06590592100887645
1.3867492545815878	0.001646278879457095	50.476322263713826	0.06632711823943302
1.390336994066006	0.0015677719407750092	50.514982348180006	0.0659058855680287
1.393302150647036	0.001552803002664995	50.530209384549	0.06590587532004025
1.3961831101746904	0.0013694817041853657	50.59198804189135	0.06632712707477253
1.398713856750864	0.0011576145073816035	50.48914559480412	0.07814737783586449
1.4011074401307901	0.0011871625574171793	50.44862059460658	0.07562975304728398
1.4032777686817126	0.0011518186468318396	50.41554294590655	0.0764466823466963
1.4058929985089916	0.0013977015105126013	50.29649315430871	0.0772856047136771
1.4088828318620559	0.0014399849525142696	50.44165295448478	0.06590589108945959
1.4115347485455527	0.0013982224166883739	50.307107591665336	0.0756297542013179
1.4146745275832453	0.0017280218686124916	50.40951680221569	0.06590590204939557
1.4177511126559268	0.001266538072265201	50.3749045125112	0.07562975578826105
1.4205597028871542	0.0015734721848205363	50.27087292053371	0.07562975303314416
1.4233502465597332	0.0013928057118866937	50.27539714896807	0.07814738717350715
1.4267447044092294	0.0018160652533552458	50.13807320480359	0.07562974628248749
1.4298993853349318	0.0015024344120538923	50.22125878414514	0.07562975582434814
1.4328624925787277	0.0013272890716876813	50.27014935674699	0.07644667889147376
1.4360160889543607	0.0016782952977024434	50.16312940394528	0.07644667033408385
1.4388255823484082	0.0012762658466262487	50.281985804287025	0.0756297559649349
1.4416670455539702	0.0016604471818292856	50.149627158768496	0.07644667226817903
1.4447881419878157	0.0013811201788273967	50.21238136557636	0.0756297463214167
1.448182749858311	0.0019655193414000317	50.02898043311929	0.07644667442334191
1.4516901828142372	0.001729732557041394	50.099910645734084	0.07562974702006477
1.4553559900744308	0.0018009533008162388	50.09159604740394	0.07728561049380714
1.4594087418758939	0.0019209051136356678	50.07031338055026	0.07728560982261277
1.4631970410324833	0.0022832356021002184	49.97203957585156	0.07644667161936519
1.4677215520096203	0.0021762198666775375	49.96932691530669	0.07581282995158231
1.4729770593524938	0.0031758345667921247	49.783159361633416	0.07562974296991753
1.4780812724407109	0.0018825289810441533	50.009536214329366	0.07562974302977922
1.4826537433196232	0.0022952514140738654	49.91256933820376	0.07728561311482017
1.486939406985237	0.0024634059507605013	49.8826422078104	0.07644667757517325
1.491327372293369	0.002026767075236859	49.957532848448636	0.07562974337764457
1.4962487442405221	0.0023823177074724766	49.872724834990635	0.07562975068597659
1.5009706486379257	0.0025025819626883065	49.84594521421408	0.07562973963549655
1.5057314233013002	0.002483599052467009	49.83972949559347	0.07644667162332534
1.5116639731946275	0.0031229716020961893	49.739845137749604	0.07562975203734888
1.5180203848778113	0.00326964326449796	49.71478347115959	0.07562974942562622
1.5250702134752347	0.0036663593971504095	49.65404215022411	0.07644667694593833
1.5318042312761202	0.0034098301739156765	49.67949877529829	0.07644666787551889
1.5384231080173794	0.0033151427744644605	49.68925089250126	0.07562974464314307
1.5450032912467395	0.0026358931174756306	49.77527212176642	0.07644666754214907
1.5512491205995893	0.0033487306180406606	49.67305534908908	0.07581284026914413
1.556134013181714	0.002153807345835589	49.850995200613525	0.07562974473498053
1.5613591045527828	0.0028524921241821	49.71956499618483	0.07644668007204146
1.568385715483048	0.004252463209148108	49.52807187234862	0.07728561141764353
1.5770029070214524	0.003899819387735362	49.55853802156373	0.07644666043120799
1.5835941631815507	0.003473345629249948	49.601162248628654	0.07644665207103313
1.5909691160151764	0.003944212370910013	49.54119056234535	0.07562974678414236
1.5983443400249664	0.003369431334250531	49.60091779821205	0.07562975417419077
1.6044737024821156	0.002688716370391957	49.69410606444204	0.07562975000675025
1.610202016231669	0.002958903619867379	49.63814166257026	0.07728562124972342
1.6157140175594846	0.0023403625601243513	49.738716735950526	0.07644667164065705
1.6207316489043078	0.002965737047370155	49.664653997796826	0.07562972746816235
1.6254954479654042	0.0016317575683842068	49.958411678579544	0.07644666421327355
1.6299207816852812	0.002343620637503619	49.82465531480124	0.0756297328863873
1.6336267784537908	0.0019180783114982163	49.891171396244275	0.07814736191366099
1.6384403380742367	0.0029328520549600887	49.70056458317914	0.0764466901739875
1.6433777116130859	0.0020653395899551557	49.82464030656194	0.07562973733685738
1.647266018388148	0.001997794884246326	49.81806827131378	0.07562974117267948
1.6511934616699997	0.001798099535111747	49.90429828155012	0.07562974153955314
1.655198688371741	0.0021934540195404084	49.86210336005644	0.07562973892411878
1.6599874330182152	0.002189186078905382	49.84688108962046	0.077285620643231
1.6642263390645549	0.0024768025816581255	49.757312195234164	0.07562973650435485
1.6690219796315864	0.0023344753252962196	49.72972051993405	0.07644666359883487
1.6737923019302117	0.002428481012906285	49.69599329436967	0.076446677562767
1.6788162652771619	0.0025788637920504108	49.659535266945696	0.07644668698441238
1.6835138550705517	0.0018675871030851032	49.78649405772453	0.07644667305639151
1.6877115597646992	0.0026030110190151507	49.62363494324081	0.07728561571465704
1.6931368663167472	0.0026170632882086633	49.61791161555926	0.0764466787507247
1.6980114140419649	0.0023884597089695162	49.66090091910195	0.0764466814854065
1.7027727998621875	0.00231706689511995	49.681678578108354	0.0756297409946285
1.7072717571649378	0.002507162949090341	49.63983588439695	0.07728560500890667
1.7128884007448701	0.0025171922240640296	49.639741979027164	0.07814736721447271
1.7175269919923717	0.0024466146109755507	49.668708919583736	0.07644666156975548
1.7223061581183616	0.0022040696518977106	49.71448588619894	0.07644666607727366
1.726472430888692	0.0019882919051645125	49.74684721090799	0.07562973851508069
1.7301161193003924	0.001503269920257978	49.842883464691944	0.0772856125848524
1.7326911631264537	0.0014195654230558874	49.878067265554726	0.0756297494666064
1.7360488791904558	0.0019625122342866626	49.740832064990926	0.075629755859636
1.7397645449596935	0.0014179399768653141	49.8741593978729	0.07728562426594131
1.742570035958411	0.0014097720758069077	49.8892573454055	0.07644666870691075
1.744967237571136	0.0010096399748084658	50.04518599880253	0.07562975054252837
1.747143745313188	0.0013350132729975468	49.92351366010116	0.07644666927636576
1.750104557888279	0.0012550114273019411	49.95594867031065	0.07644667403962307
1.7521275289031841	0.0009695964373259984	50.06020751149067	0.07644666868694913
1.7540211677342485	0.0010356724543947836	50.016254414432645	0.07562974271030921
1.756177129346133	0.0011303340378350881	49.96583265680242	0.07562974924734951
1.7584040993695265	0.001074448923963641	50.03873055824883	0.07644667320315002
1.7603870177842307	0.0009790393843095969	50.11568132955597	0.07728561299062953
1.7624988168012488	0.0008934057913438322	50.17593721279307	0.0756297511618505
1.7642599931371121	0.0010866058556113986	50.07318918542792	0.07814737710256284
1.7664897198730696	0.0010719340295517936	50.0713992580057	0.07644667275473473
1.7682910539594192	0.0007228506613362423	50.21460899046003	0.07728562925326463
1.769913300627369	0.000810513882162836	50.149615127995105	0.07728561356872916
1.7716645231524684	0.0008486497445693058	50.11935746584817	0.07728562272634654
1.772980050676546	0.0006738158174483662	50.23025697889733	0.07562972776410402
1.774110874852477	0.00048413636547330996	50.38702762179095	0.07562975562687374
1.7751637798135875	0.0005588456421233172	50.33153242200923	0.07562973469410832
1.7764812265913146	0.0007378271282436998	50.199409375805566	0.07644667625277254
1.777940187168614	0.0007176119294033332	50.21235642615491	0.07562974898959235
1.7794190162242658	0.0007867781776569683	50.183667087487024	0.07562974401839533
1.7807659405499856	0.0006168980745300838	50.28875807545629	0.07728558972075471
1.7820946432003573	0.0006237994977854065	50.29937800784825	0.07562975420513043
1.7833264362173877	0.0005449357040858858	50.36205723386844	0.07562975871895566
1.7843799846013582	0.0006248954643457346	50.30102602287177	0.07562973238260147
1.7854519076904625	0.0005012994778505206	50.39517139305985	0.07562973532572972
1.786672489763888	0.0006103036082684733	50.32560296705575	0.07644669692990616
1.7877144927555975	0.0005030310766414232	50.429961162525856	0.07644667361239586
1.788838785084668	0.0005752599980592587	50.34678617089168	0.07903278087855425
1.7900619754308003	0.0006426516287647928	50.295653405179195	0.07562972739584872
1.7912559235597034	0.0005970144765747509	50.31786291859679	0.07562975561229948
1.7924414509152076	0.0005027331002265897	50.39239444236967	0.07644665832530481
1.7933344705277423	0.0005222478728423311	50.38825695431821	0.07581281438161222
1.7944887297570125	0.0006455269540575802	50.425134174340286	0.06760628785295035
1.7956620706770021	0.00046836230435414627	50.41580977936539	0.07562972718609651
1.7966929464294705	0.000519923911152823	50.360262047960376	0.07562972545814962
1.7977552812628979	0.0005211960909391596	50.34506000405943	0.07562975933197369
1.7988758889434964	0.0006001554786880598	50.445278237996405	0.06632712358842316
1.7999261579903751	0.0005152243351653836	50.33804620747338	0.07728560106504224
1.8011084669384592	0.0006155791893445004	50.43633606310542	0.0676391078249807
1.802302661833831	0.0006197593561992676	50.436607337686375	0.06675626291988543
1.8035387425295952	0.0005778573213752137	50.46563444535911	0.06590587611660852
1.804579477490027	0.000491379611430873	50.33858972946659	0.07562972982810375
1.8056676576689275	0.0006241298026891984	50.38482322437497	0.0660019096237506
1.8068925517896317	0.000556815458288428	50.45522700900945	0.06590589721294353
1.8079236344904777	0.0004669138803301462	50.39311648205556	0.07520171891344232
1.8088928059504314	0.0004848714473576065	50.36748290675081	0.07814736398154849
1.8099043228031997	0.0005884034415421024	50.4897705796473	0.06632712884449836
1.8109266439103648	0.0004521862589340193	50.39475655704728	0.07562974014463617
1.8119039101769188	0.00045034956701361695	50.342666278602216	0.0772856098330483
1.8128495164072644	0.0005164890970310938	50.46536203445302	0.06590592167798848
1.8139335261993286	0.0006058312820491754	50.44215513503619	0.06642035701087749
1.8151255886115472	0.0005764862912940402	50.472732847055234	0.0659058780228351
1.8161698242905575	0.0004914358847992671	50.384544343812195	0.07280605637913383
1.8172310030231005	0.0005599230672979559	50.363870482290544	0.07010414799012471
1.8182944451195606	0.00044053799655535	50.36815052955981	0.07562974685612035
1.819163334769891	0.0004332038086271552	50.372309055014966	0.075629749971101
1.8201914800373844	0.0006213082716784717	50.20573234733518	0.07644668330149314
1.821218802836447	0.0004729092482631276	50.34323738245775	0.0744412763934931
1.8222517112592507	0.0004405470459776178	50.35005914971885	0.07562975238672795
1.8233349060391029	0.0006783504219238425	50.15837445652268	0.07562974239776712
1.8244600363773507	0.00047895614638899565	50.33089247654185	0.0764466858055047
1.8253803140656029	0.0004397705396538052	50.394952084841066	0.07562973360428676
1.8264478104491157	0.000565617756242522	50.26641680745465	0.07562973936552263
1.8274050524154162	0.0005406260477957828	50.26266884784563	0.07562975458617315
1.828582857691702	0.0005210056021494744	50.24980827721415	0.07644665771848294
1.829708663902688	0.0005676856497872394	50.20017948334893	0.07562974156355036
1.830723170812714	0.00046817088742523265	50.273513378877084	0.07562976290609423
1.831879488957576	0.0006478990391125957	50.12835467538075	0.0756297455020808
1.8332061628062508	0.0006670110414740147	50.120976493427875	0.07502494024466984
1.8343854976844	0.0005281113623212819	50.22720239742319	0.07562974766853522
1.8355864962146393	0.0006649187560529127	50.149285086008256	0.07562974562094163
1.8366881172913745	0.00047650593443677276	50.31364797345572	0.07502492523249688
1.837973940165453	0.0007640181339891993	50.072924477831194	0.07644667264956734
1.8394253867867354	0.0007106530585123344	50.08006648973372	0.07644667077285462
1.840868929189035	0.0006760647532022095	50.08604817774004	0.07728561507337228
1.8420628698211274	0.0006634948296213556	50.09737066376293	0.07562974740511931
1.8435678540960478	0.0007855081327556312	50.010332687711596	0.0764466768237367
1.844976431478102	0.0006491764467292882	50.08402574705259	0.07728561647711321
1.846168245506116	0.0005708316515790965	50.144567343715714	0.0756297253282791
1.847668160155203	0.0008665159735437277	49.95451398390628	0.0756297523070875
1.8493089440928006	0.0007601402772772531	50.011985033565054	0.07562974428089993
1.8507965693267066	0.0007687915678530797	49.997825547756456	0.0772856150320889
1.8523747837435187	0.000846713416474602	49.96802022958061	0.07562974954029128
1.8539815348484425	0.0007363699748020985	50.03700283015125	0.0764466756204557
1.8553820256003255	0.0006137687876323782	50.127687884430294	0.0764466732816996
1.8567632187575178	0.000961748347592877	49.93930345702626	0.07644667388518157
1.858723712910392	0.0008793503264277448	49.98183337697739	0.07562974657090156
1.860497932851485	0.0008750317795243089	49.98210362415339	0.07562974657090159
1.862283926482783	0.001203800712770977	49.83268801738316	0.07728562432312057
1.8647081242321715	0.0008426188691430534	49.99062297501543	0.07644667688461698
1.866518880230354	0.0010098290344634168	49.90661146304533	0.07644667551838091
1.8685093751308508	0.0009303244905244644	49.94077197744355	0.07562974722541063
1.870315857217272	0.0009286139990435188	49.93522232831322	0.07562974143392193
1.872347594422311	0.0011098495599891477	49.85435078755197	0.07562974442444216
1.8746369044105187	0.0012098011730599884	49.81321416829966	0.0756297393964143
1.8771669788995964	0.001171716172838528	49.80802056877919	0.07644666466688069
1.8793341784476967	0.0011033754630357508	49.81488309240842	0.07562974426147667
1.8815255586329394	0.0011334610650784325	49.791261305444365	0.07562974965781162
1.883921428048314	0.001199501177374724	49.7576074140719	0.07562974801702817
1.886308299596331	0.0012164259698991718	49.74989042640738	0.07562974556690386
1.8883451759686216	0.0009094264777435443	49.874691025159514	0.07562973754033772
1.8905614835729234	0.0012976517736854663	49.71856440843261	0.07562974490821034
1.893067413580837	0.0010860424197260974	49.80449140351877	0.07562974196241204
1.8951772053265583	0.0011694898246247098	49.773105300581776	0.07562973841664374
1.8979353856262744	0.00125359942577285	49.735929855524574	0.07644667801444742
1.9001489356237928	0.0012967671500551843	49.71871125021414	0.0764466781872854
1.902772022812219	0.001398090693640207	49.68330660545037	0.07644667240979065
1.9058646005676878	0.0015196534161828418	49.65052185199977	0.07562974782601554
1.9089641777739992	0.001495069778369507	49.67129611514955	0.07562974792223728
1.911778549469465	0.0013107348189714812	49.73789518334152	0.07562974343351073
1.9143908432550165	0.0015173206302155269	49.675398115108905	0.07562974748003796
1.9177519307647724	0.001747988584485648	49.59667980106347	0.07562975646289848
1.9210667905884868	0.0018922811857484331	49.54110412257386	0.0756297381875312
1.9254252925945137	0.0020483443643755355	49.4971482616581	0.07562975881637446
1.9296229012102968	0.0020743065366749676	49.484296041306195	0.07644666988460344
1.9332694880720949	0.0016246032795872367	49.59551127002803	0.07562973245219036
1.93660017784228	0.002006159680972201	49.49435746866705	0.07903278331534992
1.9409416030680968	0.0023354211696542245	49.45232676675547	0.07728562336953426
1.9459997405473888	0.0023192219047300615	49.47920784300608	0.07562977328965535
1.9500231186947423	0.00183050943852215	49.54168731985756	0.0772856062887667
1.9534900170549498	0.0017081936995436615	49.55430294005295	0.07644669028436094
1.9574988868324934	0.001972919183888254	49.46787101939901	0.07644667447586567
1.9618754955636857	0.002777252660461722	49.329026633429905	0.07644666072693407
1.9672307463177958	0.002642253626033103	49.368136385218286	0.07562975351088551
1.9721794722174644	0.0021137870641200554	49.474646347334996	0.07562974154672218
1.9772810107205858	0.0025078195537308803	49.407600299542395	0.07562971455544283
1.981378169388051	0.0020983601877841754	49.48381799180591	0.07562974888019311
1.9853424081131466	0.0020655379346727464	49.301318152583356	0.08840557262331827
1.9900607090743367	0.002013827792785855	49.28901171127782	0.08998730577466085
1.993528031644035	0.0020086127887270514	49.292571114469	0.08840555373838478
1.9973073855440502	0.0018600676457055734	49.299286654836166	0.08998732309298679
2.0016279431697397	0.002185606777302549	49.39735337763008	0.07728560952478054
2.005744279376425	0.0018248064345325022	49.305988511029454	0.08840554412056145
2.009603482993731	0.0019527938410202356	49.27343954502506	0.08840554743023657
2.0136473247011204	0.0023398831678566627	49.27936922134594	0.08344300131121682
2.017834635943803	0.002028454377729313	49.28117087429801	0.08998731075588513
2.02226910675877	0.0020856752011565896	49.2962215425685	0.08840557523767967
2.0262913867791132	0.002301282572003626	49.43019985775222	0.0764466740478096
2.030962871479329	0.0021528222124844966	49.27905229523218	0.09163119930276004
2.035479744717523	0.0022031021718951363	49.25792257799491	0.08840553807046113
2.0395374976011693	0.0017654207746242731	49.316677642713636	0.08998729643557828
2.04364237083587	0.002394935583440848	49.35887643819103	0.0756297397307948
2.048104223310235	0.00204522107897633	49.25344728056604	0.09163119835822547
2.0531528177628378	0.003434573729473635	49.04440453944151	0.08998730557857385
2.0591157262260866	0.0024694235148190235	49.162112104342754	0.08840556859274312
2.0631885967902632	0.0018893967039359482	49.270015441946455	0.08725099930476417
2.067768274802533	0.002109418637934308	49.194135260853	0.08840556915557465
2.071952328906371	0.002176637924242251	49.15978186936403	0.09163118299664051
2.076539122579186	0.0024811398988514254	49.09316126475364	0.09163119197359734
2.0810002905976757	0.002053181602749386	49.183397492281316	0.0916311875158823
2.085547173401734	0.0025416038446195214	49.122153226967555	0.08840558923603165
2.09066908164803	0.0024496360521691655	49.130237284568196	0.08998729754128205
2.095236856331699	0.0026854609131475075	49.077604048480445	0.08840557054048895
2.1007984377032205	0.002142627081542501	49.14521638023231	0.08998733244788461
2.1050025416527602	0.0019018507138691822	49.235027191457654	0.0884055667296008
2.1087623520337564	0.0018080177699870486	49.27561448064915	0.08998732131607483
2.111796289393034	0.0015491042522385009	49.35918180435346	0.08998732579683358
2.1149871992598825	0.002364817575827154	49.17063550259375	0.08998733352441851
2.1214001053285405	0.0031531299839210806	49.04597921681602	0.08840555993108916
2.126695708923633	0.0022999274083587125	49.1427402077517	0.0899872900452187
2.130584309829144	0.0019080545503540657	49.1837404466898	0.0933405656722723
2.134516462564567	0.0019259810498798065	49.19182616145195	0.08840557214790425
2.138864860718223	0.0020416404589100956	49.144269675725866	0.08840559417930179
2.1434172216179475	0.0023269981695290135	49.04163818367488	0.09334058791265887
2.148314967118143	0.0028150711762133943	49.022558579266594	0.0884055589084724
2.1531401475636853	0.002213041243001115	49.15923409629747	0.08998732701641315
2.157805790948559	0.002261152845878647	49.16514054097694	0.0884055936273179
2.178866313110453	0.013253126264255182	49.20077087391215	0.10501879645154864
2.206825876031849	0.015740483765561433	49.07909130311606	0.10501883804992448
2.2352431964124735	0.013191443509480037	49.09424222637881	0.10621025715900737
2.262965306644888	0.014559986270728199	49.00942480135893	0.10778893190349106
2.2932569614599574	0.01289964842347167	49.05861696683279	0.10621028433490784
2.317704111506227	0.011552122437837011	49.0996213775225	0.1058241445255024
2.339825236900855	0.012198348456623764	49.05057395918517	0.10621032372649432
2.364655307292346	0.012096434469659556	49.04161684795236	0.10538804288964886
2.3883471756079357	0.008726952017175188	49.145275894723184	0.10392933340243123
2.409448912185702	0.013508694621780117	48.885167245421144	0.10738908712645867
2.4296415226821053	0.007935389364021118	49.144055612398446	0.10357220835222353
2.4470060153506417	0.00953041025833237	49.06018606311937	0.10544139395566411
2.4661967930086894	0.00957431348525847	49.062290949530606	0.10501879242877903
2.4844253993131957	0.008743638874198217	49.0427728748427	0.10659978239033435
2.499556092262189	0.006755440473148891	49.15802872445844	0.10251830552976665
2.518949930506148	0.011305751317295885	48.885007770147624	0.10738907847789778
2.543671779273018	0.012205848639525483	48.84636675957066	0.10651472045248607
2.5679601169790645	0.011902603420721086	48.82763717225627	0.10621028837276289
2.5886405607873675	0.009973482842461384	48.92767030768298	0.10215209849916669
2.606559351849268	0.008250337921699042	48.96180740112352	0.10621029946374731
2.624863706438673	0.010757263519907141	48.833683515902365	0.10699271203803028
2.647983768239338	0.011099543143340626	48.79677186361932	0.10819235016379784
2.6690481960924717	0.011717150525079163	48.76067399397246	0.10738910024909563
2.6908634518007677	0.009784251942845353	48.82464801767703	0.10659979480228989
2.7179009590872147	0.017365382811541912	48.82295952777227	0.08240326546357495
3.126022215817918	0.001895927543745976	48.87383300686776	0.10556727147306752
3.129580091919277	0.0019794180202049264	48.84138459087302	0.10512425469562614
3.133452299309784	0.0018637280260862667	48.79245283014525	0.1060147881247005
3.1373502340730774	0.002333174279132386	48.641672249904325	0.10458863446536534
3.143007605301088	0.002494908892712418	48.62634082001739	0.10601481411950926
3.1461889791472526	0.0014288797106920058	48.950571318241394	0.1016501588900264
3.149484484803865	0.0017016937740732692	48.86267091903231	0.10458863522772392
3.153596798159148	0.0020602344641460486	48.7258144349283	0.10556728862296319
3.157966368581648	0.0025958333290084694	48.59444618383974	0.10556730117081618
3.1626317198528553	0.0023846825647939524	48.59196871724767	0.10601477346030858
3.167809790565485	0.002447039320961965	48.547925745870884	0.10512424320363711
3.1720138692298914	0.0017951623961424655	48.68464773289671	0.10512426577568325
3.1776501589806183	0.0027466483576528214	48.550040269006935	0.10126574641217828
3.1803537091260146	0.0012327409990933655	48.854074375696925	0.10601478905206102
3.1832424946980793	0.001836835184369472	48.70842944082335	0.10292448305093793
3.1876264096872013	0.002164734701680039	48.614131584322756	0.10556730032513957
3.192002618277348	0.0018858659870569952	48.6749017593802	0.10646683654531375
3.1966104775273974	0.0032230234840005946	48.46770060356046	0.10544510723153286
3.2023341739930595	0.0020089227650800768	48.69206578019477	0.1033345578926612
3.2061114672849143	0.0020745295316465275	48.66598697372525	0.1051242162054322
3.2118730123211594	0.0029479361082751865	48.48556144061938	0.10692343001285282
3.216920794784291	0.0025901145086253074	48.52995632422419	0.10646681449890276
3.220732983030226	0.0015244102220617253	48.77287085263373	0.10126576299156123
3.2242653809209214	0.0018304203021179556	48.612131203855796	0.1064668270444765
3.227642940565289	0.0015793364948049628	48.68364190516399	0.10601481853339416
3.2315493151051857	0.0026608243053791395	48.52743100141593	0.10416653380680976
3.2358870026501787	0.001549639253832375	48.797149198205034	0.10512425484394726
3.2394747615397916	0.0019979634298311986	48.71187920671588	0.10692343729206014
3.2432239830957226	0.0019807894453311714	48.756049051300806	0.10601478410643274
3.2479108088296114	0.0024870886859940746	48.653299353081294	0.10333454381562374
3.2529714137290777	0.002458276145921432	48.580083021116266	0.10556726006435259
3.2576913888132126	0.002284345720746777	48.56208919117812	0.10646678669372087
3.262614891770498	0.0023314433516126924	48.5136816524835	0.10738472678408796
3.2664732317139973	0.00166089804280438	48.67612936538434	0.10458860373953914
3.270047895095932	0.0020053735279319065	48.60860064842089	0.10601479508187338
3.2746461316276636	0.0021259974487325573	48.656267968285604	0.10165013627500032
3.2775612648196626	0.0015486180180545649	48.74086401384161	0.10333454352123417
3.2838227377807523	0.00636900285710032	48.451538086933205	0.08421310695009511
3.441628870907421	0.0013991315011982822	48.57987193603697	0.10603044683744388
3.444866723099683	0.0015802847808456006	48.531112922924336	0.10376304209347131
3.4477228364603882	0.0014272039341555012	48.53037076292428	0.10648788439770698
3.451351512054019	0.0017455891795928103	48.440280783178046	0.10648785049764088
3.4537376015641006	0.001079142019757225	48.711106318169094	0.10376303744377477
3.4558949347761874	0.0009337329331308584	48.78491395693972	0.1060304272187676
3.4580735093708594	0.001625865536307796	48.53294364287538	0.10512938365167829
3.4617562335554575	0.0014278973494327588	48.556019324668654	0.10695004625107722
3.4647190669036276	0.0017841628345538847	48.47545387924239	0.10292923617491767
3.467676104507459	0.0010905071736428168	48.657206266996255	0.1051293450412535
3.4705513644508375	0.0018055128059168122	48.41387037499252	0.1064879243958726
3.473282934501199	0.0011662169837088894	48.590560855957186	0.10648789554792354
3.4759658918119194	0.0014264890907921544	48.48930168783643	0.10884687802264102
3.478875277720848	0.001594100879026046	48.44568202391554	0.10788862765494096
3.481727161741125	0.0010997576676220055	48.628614033325704	0.10741688221624668
3.4837809267141426	0.0010945866880476436	48.66306357848293	0.10557763303264855
3.48653901001487	0.001479216009442931	48.55973216326496	0.10418604867249788
3.4897372367092667	0.0019002129276110998	48.383351532744925	0.10741691432430696
3.4940670841314216	0.0019668856715403067	48.350337642045446	0.10418603904202227
3.497442807534765	0.0016546675418666766	48.43191833582382	0.10741692374978452
3.5004998544296906	0.001179640038139604	48.614315692631216	0.1055776264892095
3.5026928193821436	0.0011736984729969128	48.639904061820275	0.10461318164839252
3.5050424420135715	0.0016676509885486153	48.470570073495814	0.10741689561835403
3.5081793234105665	0.001117561456854608	48.65558056253296	0.10741690105608105
3.510893699912073	0.0017687350188310583	48.46611833328423	0.10695005324931592
3.514331529958907	0.0013466990406157209	48.59525589489811	0.10468558067786517
3.5166067498354576	0.0012990713640705226	48.60289906905996	0.10603043404878748
3.5204939953534384	0.0020117018945022937	48.4065942737469	0.106030444737362
3.523966172414083	0.003269725944316088	48.55037655706161	0.10467999553341445
3.6203895881910415	0.001118841447740994	47.89265917581059	0.10500074152408224
3.6234124203663307	0.0016190033562906482	47.90211119069201	0.10531820064299947
3.6258504337748376	0.0007891883308833455	48.17379555586144	0.10500077474017039
3.628237901440141	0.0012871718356249609	47.96119200495103	0.10281014165679464
3.6308215483947177	0.0014043666445467823	47.88952935575999	0.10661140835738857
3.6329266290179123	0.0009627665757047602	48.06160494547528	0.10500076674582352
3.634928253982037	0.0009583518090700406	48.0664915873563	0.10727239865485981
3.636446811642982	0.0005545223857830078	48.053390978260545	0.10500822459077408
3.6380794155407394	0.0009207239815454027	47.8658744570002	0.10372629208329512
3.63950071538189	0.0006118104578201526	48.08336313362804	0.1025183116228812
3.641146696357381	0.001005669743864214	47.877588193313436	0.10699550801256588
3.643020047805311	0.0008192768639960948	47.942915551324376	0.10468559958614806
3.644232220879277	0.0006354365846794976	48.03080237558137	0.10632313397672945
3.6458449379759004	0.0008139651306191127	47.923826530710905	0.1050082430771804
3.6475299299410833	0.0007807866270986372	47.9452306929312	0.10533331094675573
3.6488645445816252	0.0007484445249456692	47.96694162865198	0.10342106189232107
3.6504720315355024	0.0007456912675410381	47.91368258470965	0.10500824830131794
3.6521212347023204	0.0008319973405831283	47.873252589833406	0.10468558270441926
3.6536281679075784	0.0007402917694288358	47.94269595353371	0.10500825063086712
3.6550000553468496	0.0006198871433020881	48.034763555416404	0.10500823034975994
3.6563026718684575	0.0007945990961110308	47.92582142464117	0.10566077429981188
3.6577424090686006	0.0007333001119154499	47.95909067879784	0.10566078391622796
3.659349668574753	0.0007306029479726071	47.96415562828682	0.10599071462599949
3.66085504768972	0.0007571941475841727	47.9566789510326	0.10500824378713766
3.6624654775300445	0.0009284836956783411	47.99196583205503	0.1059830629241229
3.6645090796524102	0.0008663743074407138	48.259465568882504	0.1046855917943795
3.666126031436232	0.0009494586364147192	47.91995728897927	0.10281706237446045
3.6681708408569036	0.0009736316277741167	47.832716996898604	0.10281706792678434
3.66989900667463	0.0007701081719217682	47.90375786719778	0.10468560188424304
3.671402331419799	0.0008242882353219787	47.92715045800676	0.10566078766393097
3.673243054918619	0.0009057257280175844	47.93549281496279	0.10500826140334103
3.6745940650102527	0.0006207425382627003	48.07105647005988	0.10566079512150778
3.6763537147712193	0.001011666488510835	47.82459257687029	0.10533330878454114
3.6779724674537966	0.0006719314157616666	47.973557048069495	0.10533329138557546
3.6799326785119058	0.0011705595298636504	47.80984051157492	0.09786510945206273
3.7486334883567847	0.0011182922169448665	47.76229113062416	0.10532225126619515
3.750478573671256	0.000829238697971177	47.87218932871578	0.10468557489213544
3.75224953029953	0.0008022615601808897	47.816793235268165	0.10500272666123332
3.7539520299234135	0.0009871576740803113	47.6638832656823	0.10532222095203289
3.7568655462837524	0.0016342653925122633	47.478352907998456	0.10500272348049942
3.7602489697653323	0.0018763988665304852	47.44010143241127	0.10532224315812738
3.7630346949741456	0.0009897414969834107	47.68706360438965	0.10500274877042255
3.7651149241533344	0.001305720679527888	47.53211027660603	0.10564405750149987
3.7677207432041713	0.0012068215845881527	47.56542377949702	0.10564402657201674
3.7703785772259297	0.0013805141466793546	47.51333563937294	0.10564403967960309
3.773507549593359	0.0015952828015503506	47.45273123872336	0.10461804115611724
3.776208135809894	0.0010048330672220256	47.6164653256776	0.10532220720337328
3.77813298594127	0.0011560039179858118	47.548770102853275	0.10596824862430827
3.781147632678447	0.00158955605482759	47.41387665646354	0.1059682711308451
3.783780352893522	0.0014263363558712884	47.467894309555106	0.1056440436663403
3.7874483945411757	0.0023530855908157535	47.54386438777535	0.08248962070540487
3.8481471313963955	0.002819215433166611	47.17539363787334	0.12047289496177095
3.8535466280623614	0.0020555840901986732	47.32672623681556	0.11601342076955688
3.8596418322322665	0.003408936539550976	47.063930888956634	0.12117652112479649
3.864033840104001	0.002243670242988801	47.39738428927724	0.10644654024349205
3.8684058173813107	0.0020767316990943376	47.48994940278862	0.10667172383157617
3.873887473594047	0.005394769599706673	47.2862463862913	0.1006218046726843
3.927137444222803	0.002618548096816696	47.08398056556161	0.12105822028625754
3.9319321797713065	0.001513313051144361	47.31617140108267	0.11989344054453639
3.9353711311154735	0.0025693651250523817	47.0784251518531	0.11970184529891048
3.94028551992255	0.001897688381525251	47.194609038750464	0.12008573801210566
3.94893416820729	0.007214254362507157	46.881436805978865	0.09354054387375557
3.996958280520173	0.0039414146359928294	46.774625217947374	0.1204554032394016
4.01079216924181	0.00949769692141128	46.60190750652315	0.09440200205402377
4.062329451839564	0.011912880325604362	46.35812197377343	0.10287440258916665
4.340169243549292	0.1428108549135095	45.48570326113785	0.13398940836291826
4.652752145623653	0.15267386638090963	45.042460265922294	0.14253450727991832