-1.0118667009689968	0.433091443375706	50.58485980691092	0.20590730536632623
-0.6146491143711349	0.08676249275794973	50.85491427279452	0.13305681950314363
-0.4291802293369269	0.0943434786829321	50.59225088101717	0.13597576156494445
-0.2724894328917474	0.06576897739300863	50.23210742284719	0.18564743874101872
-0.15758590382752657	0.05047979240522294	50.31378229792656	0.13155573903021062
-0.09210791329311258	0.017365990576721266	50.345773332282384	0.1392215963277993
-0.05072838464344409	0.023681613640458368	49.920247628842816	0.22088781662885443
-0.005774180029584075	0.021352910848368694	50.0711575564015	0.1365897697394373
0.024022933569812444	0.008860892242154557	50.22402307534612	0.13459766835456632
0.15334225836637772	0.10526357436190371	49.868609926658245	0.13016875726386884
0.2682776486743156	0.020196807741213556	50.50171917144782	0.129551009898266
0.3391647228892354	0.005360998414651647	51.03268990940961	0.13857402299018054
0.3820121855679123	0.03594429218034156	50.71931442124554	0.14263837654306072
0.44853548653057995	0.030839450765204203	51.05362664599375	0.12013643489686571
0.5069387785956445	0.027687593831789155	50.94015950208009	0.15123698019914894
0.5392249365631339	0.005411347797818097	51.409269355479516	0.13563857526586057
0.7351381601427969	0.15423582607363845	51.00398833106464	0.130255318531465
1.1195884415350408	0.19145541718363113	51.654132779150686	0.1266571477968204
1.2791908174621491	0.0009847807868331858	51.98701182893873	0.12482014701300118
1.2806654821997001	0.0004907212969735532	52.028056832613125	0.13026065990389035
1.2816458174806384	0.0004896148384152894	51.9245803441074	0.14349836075486225
1.2823796194414379	0.0002443941316955603	52.14545229169728	0.12582234017525806
1.2829901753862363	0.00036607618483786567	51.73097039247556	0.20615449373712508
1.2834780028426265	0.00012188840513705796	52.20093378595529	0.13520981334298052
1.284208718266989	0.0006084174806437059	51.79378080329425	0.13899774302382595
1.2861513031636533	0.0013325446787114392	51.488147993281764	0.14636048922288605
1.2879646186795293	0.00048254272231314726	51.745456620538505	0.13512413238563534
1.2898905130278813	0.00048040760704551896	51.743394175364855	0.13981120362851726
1.2909700872204843	0.0005990186092138306	51.73367448805333	0.1326829372291608
1.2928827289298115	0.0013120499033150118	51.53528415724878	0.13830349130313832
1.2968011483925117	0.0026005303686807302	51.406749117034124	0.12074547629202291
1.2997462877873316	0.0003522210961232159	51.58028427851511	0.13309211176205588
1.300801667679604	0.0007027324041820798	51.34378617066449	0.13332323830262047
1.303021305132521	0.0015148249323755389	51.15319513406775	0.12511831678503293
1.3047656722036491	0.0002321158091669151	51.4981170764554	0.13861796109368565
1.305229655872086	0.00023186795790603625	51.2780026012206	0.205637177465242
1.3056931443670374	0.00023162063538745192	51.54741737313778	0.1337516526994054
1.306156138744295	0.00023137383992101265	51.462954422195224	0.1560741525018706
1.3067341884730115	0.0003465991262820483	51.43390487359163	0.11755991517816845
1.3071960748995863	0.00011541023423088006	51.34787098603279	0.13397742070329688
1.308003196074506	0.0002303918950247578	50.822955067332785	0.1394841216650164
1.308463735668377	0.00023014770967187987	50.63891862517715	0.13476897327131018
1.3089237873231516	0.0002299040414255606	50.42481991775066	0.13614484893257447
1.3093833521571376	0.00022966088859969526	50.53804589882675	0.12327985241678682
1.309727706861624	0.00011473943063792517	50.78352290097349	0.1365274949227418
1.3100717889123448	0.0002292971221799955	50.83351065609642	0.1326953339592557
1.31041559839945	0.00011455783540410032	51.2072644574021	0.12593563057611334
1.310644653778408	0.00011449743129826105	51.18366221575318	0.15654549502451395
1.3108735882422473	0.00011443709090359233	51.40873509372464	0.1356338473752022
1.3112167638204963	0.00022869339893118645	51.37391178090388	0.1467590114964528
1.311673910008735	0.00022845279879559797	51.64610710396777	0.13839006773838472
1.3120164540114008	0.00011413634036396139	51.97264366645522	0.13261029173223002
1.3122446666735146	0.0001140763798609128	51.91146606324102	0.1337391138627431
1.3125867611421214	0.00022797311418534515	51.695997326985605	0.13789197358692698
1.3130424681889827	0.00022773402648689568	51.72822602027617	0.12305168879872072
1.3134976975616832	0.00022749543975138432	51.63046151387169	0.13266021657721913
1.313952450260575	0.0002272573524059491	51.32343697130346	0.1925954526028429
1.3144067272828714	0.0002270197628843062	51.492070536066024	0.13834374392660842
1.314860529707141	0.00022678266958259905	51.36535631833468	0.16246566110667726
1.3153138582709092	0.0002265460710799435	51.44997531432205	0.13991614764477195
1.3157667142998055	0.00022630996565330288	51.475258672669725	0.13322072274453609
1.316445114050573	0.0004519134577886169	51.27019017032682	0.13871121060249247
1.3173480017543802	0.00045097491660113205	51.283018134855894	0.13308391204207315
1.3179113547846495	0.00011259757637284678	51.507560149628034	0.1386281604717246
1.3184739781653907	0.0004498072079405172	51.23187069605913	0.13675652489712317
1.3193726620978385	0.0004488773859529782	51.17169405295428	0.13974759652197136
1.3203814636754512	0.0005597949006353069	51.00929069852042	0.15685066631579433
1.3210526984934903	0.00011178607274944564	51.42204457728835	0.13730021909608775
1.321499612828433	0.00011167109753332658	51.478740687180576	0.12681160786973206
1.3219460676798043	0.00033466907579735283	51.138299773649635	0.14559984753582814
1.322614890537309	0.00033415407486938193	51.204967541637956	0.13295138889618527
1.3238383970774572	0.0008885706973014949	51.153641645376325	0.1265211832761378
1.3264959613867617	0.0017662997953586993	51.295439249459285	0.12594746090914338
1.3290276239794128	0.0007682645842593647	51.76502549987661	0.12803265392668628
1.3299047543685458	0.00010953064445694711	52.20151574963748	0.13125797455989457
1.3301237603823026	0.00010947542426985912	52.13540473596418	0.1306921362085252
1.3303426560113722	0.00010942025973354468	52.0366230281827	0.13894864707467228
1.3307801166687452	0.0003279302917492046	51.730862409571635	0.12076787833111292
1.3312171370653405	0.00010920015637594899	51.71248313579961	0.13880903015834975
1.3316537182489285	0.00032727130920995497	51.29354552705769	0.13861454534808731
1.3323077680905404	0.0003267788077939742	51.05223917282542	0.13860511876361006
1.3329608344645751	0.0003262877864132214	50.785561250171774	0.14555695520386805
1.333830064745386	0.0005427256368654212	50.571139641573055	0.11393108022911942
1.3345892167338724	0.00021671110983597665	50.589082087044545	0.13966715013977835
1.3350224228117986	0.0002164950496124102	50.7835868879736	0.11893767959482145
1.3356714228192168	0.0004323435316862384	50.615072365590535	0.13429134194415226
1.3363194544224508	0.0002158494461287938	50.87756959942941	0.13351087236260792
1.3368587430607903	0.00032337236955563446	50.86545555523463	0.13013084640164882
1.3375050066884417	0.0003228915244276409	50.88857704225668	0.13706486052635597
1.3384726025843123	0.0006443458639763103	50.84462991137044	0.13928919419531602
1.342321571375493	0.0010644342149489841	51.238160405442706	0.13871568985512286
1.344445239043377	0.0010592419162459511	51.42604975407315	0.16173050328002858
1.3465585726468607	0.0010541000275981615	51.85869863354436	0.12970006119275773
1.3510677130533453	0.0011475334912290113	51.738389189955505	0.13961256665612434
1.3629019421922985	0.010557760221273091	50.74410882018587	0.14228921553323318
1.3738286702334987	0.0004949732529653982	51.665294774464606	0.13424019479315571
1.3748174902205852	0.0004938475589940724	51.719189281340505	0.1381858648846573
1.375409703324763	0.00009863491939926236	52.11990732462978	0.1383749856368001
1.3757055072602935	0.0001971355213502523	52.00755347439934	0.13082220314370738
1.3762965115716115	0.0003937348687004686	51.8011444421346	0.1426663762371347
1.3768867126415902	0.0001966000755427005	52.06037038495082	0.1309353650325322
1.377377934914684	0.00029456674594270166	51.96299284400131	0.1358472723344346
1.3783587157807156	0.000685771956798785	51.03834475980546	0.14507399606781443
1.3792395287832602	0.00019553786285857487	50.73891722449965	0.13854624495835433
1.3796304285269376	0.00019536194233723994	50.338721417084884	0.16234081461910332
1.3799233725575346	0.00009761510478087718	50.42011321559576	0.1330935876700645
1.380411174072053	0.0003900220984333346	50.30026449608727	0.12463231402482307
1.3809958135506948	0.0001947487054443611	50.669938228243055	0.13153692844420214
1.3816768996547344	0.00048610882112883015	50.73972831710269	0.13622415346848052
1.3826480307372948	0.00048502304179743336	51.193615289649735	0.13375772936344077
1.3836169950484554	0.00048394210214371456	51.487206618140114	0.12935918820311304
1.384390613011922	0.000289848487899698	51.518176429650346	0.13915774483748755
1.3850664000627708	0.0003858637570685933	51.34583523486708	0.15496082979543413
1.3856448103397345	0.00019267509539185192	51.634585004544185	0.12898067238801955
1.3861262311682476	0.0002886924464861992	51.36410448011671	0.16189576852433366
1.3867032325660251	0.00028830914588002653	51.479663146690335	0.13758333080533888
1.3875672998984485	0.0005754721991083455	51.43593751865067	0.12346431812412363
1.38842965145787	0.0002871653267269384	51.55658829025716	0.13115742229635427
1.3888123698446029	0.00009563745871721568	51.74532488597442	0.13981932726469554
1.3890036027556665	0.00009559535594044693	51.72313220339345	0.1315624302548116
1.389290294115871	0.00019106454256556833	51.53465859301236	0.12721422995913312
1.3896722551762433	0.00019089657558649602	51.358762122699154	0.13702903839017597
1.3900538805978584	0.00019072890367133457	51.266350101699565	0.13606461469549821
1.3904351709700673	0.0001905615260432675	51.431771870673856	0.12313119383040277
1.3908161268806696	0.00019039444192820319	51.61445273141184	0.13634905098894956
1.3913869349484862	0.00038028872878065545	51.784868549446855	0.1420901477916599
1.391862035936328	0.00009496823385578406	52.51469371462201	0.1307115243978025
1.392336617679703	0.00037945805035990456	52.076326372723976	0.12740508893085642
1.3928106813828756	0.00009476101763908877	52.11149311857773	0.1382446644176089
1.3930948714438236	0.00018939805797125843	51.792412803580014	0.14560217801420605
1.3934735024523652	0.00018923300699906324	51.660332134556874	0.13642075819333402
1.3939463275316715	0.0002835406460293952	51.39265770038949	0.12944827495826
1.3946074189216127	0.000377479151141966	51.10225762679152	0.14888070992587224
1.39545591759714	0.00047092796855344594	51.30371089797654	0.12923409534165478
1.396208749451063	0.0002820674047021748	51.56462544347423	0.12773250280975432
1.3971479578554706	0.000656735479873414	51.53935422143323	0.1299801831741508
1.3979915122953062	0.00018727460111431053	52.03435873832608	0.12603260900561725
1.398365900070474	0.00018711322879224698	52.07722658294731	0.13813366636996255
1.3986464792701474	0.00009349619096595503	52.31151103297177	0.13743019091687592
1.399113708775869	0.0003735826340570999	52.13782607796605	0.13407034088260078
1.3996737214626913	0.00018655060917369815	52.44654233004732	0.12243398664451374
1.4002330130600817	0.0003726210417002497	52.11581419874238	0.14226430755353636
1.4006985397774676	0.00009305545941392744	52.42161853050736	0.13158179987537916
1.4016280988279202	0.0008357084779812474	51.849972082379736	0.1327379619035999
1.4027409497898775	0.0002778565904835891	51.99992852280959	0.12272563899625787
1.4037585641427797	0.0007392167859909784	51.428326399229434	0.16917799837282327
1.404865976229676	0.0003686671252343007	51.56134405247784	0.13765646439016224
1.4056026852574577	0.0003680422723332073	51.473099955733474	0.13967185949871552
1.4065218176371397	0.0005508962677511075	51.17289210740451	0.15895001675725928
1.4077137889798552	0.000640950732772158	51.07062019441219	0.1377175496001454
1.4084456870800979	0.00009141021075886036	51.37503865069353	0.13639671928983263
1.4104520699105212	0.0006369221720138644	51.24438356558828	0.13283061975990013
1.4125397881537887	0.001448840547952662	51.18567178181378	0.18733306334093916
1.4148877953585288	0.0009006428425102454	51.93398921075183	0.1299519292348147
1.4161468684611105	0.00035921421977090423	52.31523056424417	0.13427000029428315
1.4170439768214307	0.0005377094522765502	52.28204805082304	0.15433432821859724
1.4176708518745467	0.00008948897741932334	52.75104932994324	0.12735580852895376
1.4183861742539317	0.0006253919159782767	51.92346918230905	0.19966734593490468
1.4196351603906383	0.0006235959370938723	52.00661428420318	0.1336193357814799
1.420436187386336	0.00017784194752721279	52.11499148343587	0.13966106728717165
1.4223880560688753	0.0003540889162464194	51.67765175321486	0.13948922398903074
1.4232723774116054	0.0005300529675884389	51.50964485600209	0.15479145053483456
1.4240667299685503	0.00026454217634902424	51.786148388470465	0.1392820130690632
1.4251236116504835	0.0007916975393744307	51.51344677270171	0.16174825572299092
1.42609016556839	0.0001755416707207167	52.109117311071486	0.12286229806512003
1.4267917652591857	0.0005257749399747324	51.75362795023999	0.15484281019839843
1.4274922333267206	0.00017497586924826325	52.19278226695546	0.1307061433054511
1.4279294528177942	0.0002621997053140946	52.11687408692823	0.13319113720587264
1.4288025735931367	0.0006105705652932028	51.8606275226147	0.17270880119780874
1.4301089722437275	0.0006956990528563161	52.098197733234635	0.1389997185928839
1.4312380143159318	0.00043368298887239674	52.311782569374394	0.13867397669242246
1.4330556738301683	0.0013819893815669457	52.2712711819499	0.1352853825838416
1.4351237261768512	0.0006877120881708611	52.49586754144231	0.1332166324967133
1.4367539787425494	0.0009420611708863811	52.22058098954644	0.15995236768396962
1.4381220923455584	0.00042686280052974413	52.42654735315816	0.13900925529584263
1.4456545489869492	0.007047987650362472	51.629893760270676	0.11840987547473227
1.4560999050250378	0.003440248250929551	51.5698689508977	0.13317639388018235
1.460662848088192	0.001134764092603832	51.9244559681879	0.1397771191248806
1.4701234909532366	0.008248030261836499	51.90002370882818	0.125173852577505
1.4620951496391512	0.001973239588985151	50.51959148568206	0.11032980750418195
1.466243915398332	0.0020965140309479207	50.65940287116193	0.1047736680403575
1.4701393522351671	0.002141237345151846	50.682058242575785	0.10354605599840984
1.4744479663485743	0.0017530080021136165	50.78774292521531	0.10325679482702169
1.4774294047069516	0.0015168079571585753	50.84287461677253	0.10325678646013754
1.4806537823637547	0.0017745815393831238	50.76955350016579	0.1029741786689026
1.4844264765125417	0.0020546762471215264	50.68774585337118	0.10325680395305595
1.48762617129793	0.001226422479042728	50.8846661874794	0.10354603898140588
1.4903901385499376	0.0014476104269866043	50.79580422133062	0.10325678091798694
1.4934035571316866	0.0014770642774506538	50.807969538426484	0.10325678235279784
1.496258081612272	0.0014655207812217476	50.85942698905063	0.10297418308696671
1.4993201874874325	0.0015367907898349612	50.837421892495485	0.10325679591545205
1.5030818705279458	0.0019866631188319474	50.556996228201314	0.10297420247807523
1.5062679292830883	0.0013901685144853974	50.66725358418853	0.10297420197676373
1.5094199177697145	0.001630057775320188	50.61798763941576	0.10384215993900599
1.5125707722630046	0.0016686206349726647	50.6333807194321	0.10297420448238104
1.5157096424507943	0.0015370001681931397	50.47547736877054	0.11129140090618794
1.519035078429033	0.0018937516873254207	50.52739650827718	0.10431001952233371
1.5224899303992243	0.001363804744233074	50.68079733178071	0.10354602869276924
1.5253207724758757	0.0015033592877307731	50.62053100137439	0.10325678156350973
1.5286118203697374	0.00164623636504704	50.58848464922615	0.10325678429884841
1.5318609171183215	0.0016012869706058862	50.62771448134343	0.1035460460403996
1.535096130037845	0.0017498794919251271	50.62170140321465	0.10277297464012283
1.5380768909664717	0.0012224716034552887	50.76265803908359	0.10325679808862848
1.5405520688456467	0.001196979426532413	50.776779661758745	0.1030478211109142
1.5428321352458945	0.0011219522879545086	50.816086152196256	0.10297417988930135
1.5449234154385187	0.001014753527881793	50.87802686210237	0.10297418802371648
1.5469315824472771	0.0010432982221394171	50.87245459624526	0.10384214620929524
1.549056167507043	0.0009241363356829758	50.92368876300972	0.10297419082705016
1.5508577153151781	0.0008824446620827887	50.93337595040819	0.10297419337216775
1.5524419057568306	0.0008529858835670994	50.93495924221829	0.10325678945153004
1.5544026213003537	0.001005908543779763	50.848956066442845	0.10325678383666421
1.5565040581952674	0.001053055725379455	50.81019789157427	0.10354603920581483
1.5586406571943574	0.0011368288170999102	50.78939408377249	0.10325679133782256
1.5608054156059625	0.0011070402941395355	50.82101617453421	0.10354605455438474
1.5631739328505347	0.0011154221161712968	50.83338411623991	0.10445574805748106
1.5651506220912135	0.0009064462368697234	50.91753498883779	0.10354604027041633
1.566826460755345	0.0008236094160447092	51.028176508455005	0.10078149169874055
1.5685243115750296	0.0008314609144553126	50.92830792486089	0.1029741892764172
1.5701588619828935	0.0008409357217214319	50.911987604962796	0.10325679688775245
1.571881406843233	0.0008030987688873899	50.90800762562864	0.1044557462260158
1.5735221464192264	0.0009391451750257419	50.78751068469184	0.10414530136662002
1.5753061346485826	0.0008279152907984075	50.80023169831343	0.10354603404240648
1.5768812936842564	0.0007861529920699962	50.834235671900046	0.10264696604744956
1.5784631202130377	0.0008605428112730921	50.8218484974818	0.1029741973278104
1.5802762034830689	0.0007861856321828032	50.93180832647027	0.10245461769743774
1.5817813455358711	0.0008263952755272636	50.857199033795204	0.10325678312121622
1.5833882300654467	0.0008019577327537095	50.72866292677211	0.10285060047848799
1.5849709276528825	0.0007640348974425348	50.711042457272384	0.10227286338470314
1.586650985770904	0.0009005666607920697	50.58226206175968	0.10326309783222765
1.5883940367228837	0.0008244778868284232	50.59644642952921	0.10355893688275634
1.5901180876211731	0.0008858855405749447	50.55311792809149	0.1038619158959921
1.5918503023696682	0.0007520276709373875	50.632468053822755	0.10313034495675973
1.593623380821356	0.001014532439088293	50.48836516552588	0.10297419776918382
1.5954070803118607	0.0008350445411020209	50.56017038963961	0.10326310815231612
1.597207159711776	0.0009736416415981481	50.48361741276167	0.10326309163223141
1.5989379131136066	0.0007663829540091456	50.410527651710815	0.10945296936654411
1.600661796474374	0.0010129026335094734	50.46007091554221	0.10297420345318445
1.6026478223735794	0.0010272778136687709	50.40453033436518	0.1045567529925672
1.60457534693199	0.0007812307780347517	50.39410702857862	0.11005864286600757
1.6062799394622063	0.0009042427934374908	50.33795052091551	0.10945299397233225
1.6082866567295733	0.0010572987625963464	50.2669522647214	0.10945298048835361
1.6100112551452137	0.0007700766243007998	50.39665805016921	0.10961758743019166
1.611794854990878	0.0008756629468279369	50.33254538094857	0.1090359602903583
1.613722181522171	0.0010626666519060932	50.23522332475647	0.10945298653273894
1.6158820208519094	0.0012459116886956124	50.16820631175466	0.10945298029637901
1.6181101484514422	0.0009391705953995002	50.29498323359724	0.10945298913756013
1.6202034227022624	0.0010328917239622096	50.25108649249642	0.11005862041181426
1.622429092832297	0.001266364129104617	50.159289537448274	0.1100586401821749
1.625489947208201	0.0016775513743022702	50.035265330177644	0.10945297648004021
1.6287303370666064	0.0019017705244972845	49.972695031905616	0.10945298471665257
1.632408173110375	0.0015787217485188053	50.03956957257975	0.11005863452730083
1.635508133735878	0.0015593643309894582	50.04653070479641	0.10945297832545257
1.63899756708967	0.0018479300896708972	49.965039793610394	0.11005863756811636
1.6422004538678043	0.0013100607643576616	50.117631780881275	0.10945297928975833
1.6448153555160177	0.0013326960553784299	50.110824134530105	0.10945297991617603
1.6472511252080817	0.001239530262789076	50.13343898586706	0.11005863704905466
1.650213235979017	0.0014668482691046559	50.059022408114615	0.10945298165607421
1.6525512691045614	0.001029096801073718	50.19784742270608	0.11068529235690291
1.6544360220118082	0.0009105032412184932	50.25808146177985	0.10945298950749623
1.656072360072428	0.0006822475244265707	50.37123277237492	0.11068528811293873
1.6573600005128466	0.000779427599647193	50.36902628639791	0.1075212501996383
1.659172729328595	0.0008736848171009602	50.45537422945964	0.10355894497482003
1.6609677022230331	0.0008662483046705795	50.49936431519921	0.1032631121371669
1.6625083702728916	0.0007205903916383501	50.412249618437215	0.11005863733365272
1.664035980209163	0.0007586572453688724	50.55351424204156	0.10386193544315864
1.665563292524485	0.0008634512393020767	50.50181677697691	0.1029741888714891
1.6671910611944212	0.0007519062173998217	50.55394912823199	0.10297418243398447
1.6686797245666345	0.0007242299730587801	50.577734811487474	0.10297418856876635
1.6701357822395557	0.0007143001347092957	50.42552112997095	0.10945299482308461
1.671549569179209	0.0007094848125264147	50.6109435012354	0.10297420097132674
1.6729786539350247	0.0007195820408815697	50.60810727269439	0.1029741770391032
1.6743361548994458	0.0006504344786051521	50.654688219944674	0.10277297943766288
1.6756153154363649	0.0006262864994338312	50.697507705673104	0.10167296647038922
1.6771739081267747	0.0008345189284956487	50.528647108917966	0.1032630867085753
1.6786018103809701	0.0006305822105475997	50.659930580654134	0.10297420423367175
1.6799785643843703	0.0008511597557054771	50.53151838889182	0.10297419610691075
1.6814533577340838	0.0006569250359097158	50.65810177662702	0.10257721804977935
1.6829790309599908	0.0007335645129857941	50.584344555625904	0.10297418101365037
1.6843952678640004	0.0006997017765280012	50.58933481939707	0.10297419394535405
1.6857296703410565	0.0007904820920542153	50.42966791475746	0.10591452078928813
1.6873967372301275	0.0006864671777711373	50.544050951392194	0.10326310005127651
1.6888250268818241	0.000733342409720915	50.518679295903205	0.10305396795578604
1.6901411297835887	0.0006988679790979723	50.37550908576331	0.11005862878744392
1.6916937802708685	0.0008701697921018677	50.471733273883785	0.10297417417057304
1.6934069288495237	0.0008631869313078243	50.461924097668245	0.1032631208653403
1.6950094016204729	0.000650912487293521	50.40136995708054	0.10945296858964644
1.696488267871002	0.0008005732060696562	50.29828115017767	0.10945299655453665
1.6979855812128137	0.0006722788473378086	50.37043495483967	0.10945297193777163
1.6994567032309236	0.000880478344694759	50.24670768224328	0.10945298259830107
1.7016866584202914	0.0015088071160709016	49.99164579552182	0.11068528656122785
1.704314740648101	0.0009319673701231142	50.20804701010495	0.1094529784041563
1.7062322503817742	0.0010982381611841885	50.12624401970141	0.11068529228930643
1.708663658375747	0.0012512293112344392	50.08047673733785	0.10945298031922554
1.7111134041467835	0.0012453296372461665	50.070896747382626	0.11068528524626016
1.713633165938709	0.0013954372653012701	50.02859712009325	0.1094529785136804
1.7173541899169489	0.0022026551846468425	49.82502757316458	0.10945298769873242
1.7212838567940862	0.0016034735838398428	49.95316586496988	0.11005864582295631
1.7251915095411066	0.0022591379834597837	49.80762916823591	0.10945298468148748
1.730320751200103	0.003001503596354213	49.679555662369026	0.11005862810724566
1.7363492459229681	0.0029987935913150594	49.686189669301704	0.10945298570009875
1.7432497872478943	0.003739087932223205	49.59303735564113	0.10945299575844956
1.7509115777749253	0.004188871618944678	49.54165587434939	0.11005863784260227
1.7595864036576476	0.004780018736750749	49.477718244933726	0.10945299554690875
1.7680334329101532	0.0035276915966142813	49.59743602637519	0.10945299920669947
1.7756840338762048	0.004967115966630742	49.2457029448198	0.12123758627725319
1.7851839646382286	0.0045313795651079234	49.26430950168527	0.12263549336451816
1.7969070614759086	0.00575324712499618	49.155516558666115	0.12123756326496529
1.8084566758567895	0.005590435194260881	49.16313699670363	0.11990734038463313
1.834715397339601	0.008589461584780266	49.09303148660912	0.12791341216279167
1.8537441154314231	0.01027613773039058	48.93980135899147	0.13161015515240018
1.887741621420728	0.022805106514455865	48.60805744327133	0.12857540408034362
1.928127966134573	0.017316445108615127	48.646279317792775	0.13161015959621916
1.970049736699625	0.02358489802149912	48.50514745425039	0.12891224261462594
2.01477179519853	0.024113642280354376	48.41306668195448	0.13240175013019356
2.0606449054200704	0.020420386090081007	48.465362788438895	0.1294993745233671
2.1114681362986216	0.026112422227918482	48.326647831916205	0.12857537876350544
2.1654875006447156	0.025063555452672026	48.279827633906315	0.12959786371165946
2.199528239336657	0.013904503959586163	48.491952955281384	0.13021738312431927
2.2333751935595263	0.020578859942081893	48.259182163227635	0.13161015317664215
2.2759188988148704	0.01865884784754416	48.29170887281137	0.12925303583762346
2.311043494012851	0.018643089866992524	48.21319573262981	0.13240176843019572
2.3559025909734936	0.02198705730503468	48.15292000145244	0.13132773888135593
2.3841678555799373	0.01272459356703631	48.37105657503149	0.1324017573647582
2.4126565851884187	0.017023825145165133	48.21998824877283	0.1332138896925511
2.4461593612383794	0.013132998355222735	48.30570878727005	0.1305829846609495
2.4737831600050297	0.0133096510484611	48.23274743562797	0.13240173620920062
2.4966223487484935	0.008886294331230313	48.376907688559555	0.13161014736800605
2.514952085401781	0.010312660988585451	48.32581035310321	0.12791340851973423
2.531744631949924	0.007764622633546601	48.389854732858275	0.1312218409940162
2.5546755678303343	0.014730565289242315	48.10623760579425	0.13021735562961065
2.5793650577176868	0.008890992381083752	48.33056462462113	0.12949937758660926
2.5924727507300673	0.007126401583146934	48.40687678475336	0.13161014115415548
2.6182827184865696	0.018377313137930448	48.19393660873611	0.1178363760722986
3.1749022491612804	0.013858365139942264	48.07569836098432	0.14521112169627468
3.189569154020793	0.005880409437582554	47.90700568394498	0.11404273101970298
3.2188946772070297	0.0030141851622588404	47.86603322415807	0.13183996718312205
3.2241587544680925	0.0023648167349992477	47.979388473761475	0.12949940230303333
3.2308384204349156	0.003104929540787267	47.8559558148096	0.13035537994705032
3.2369049908125866	0.0036572496114478216	47.783102994943874	0.13006727444162366
3.243365694482222	0.003435641390375711	47.79079382493857	0.1318399830690827
3.250480304012793	0.003956851988627087	47.73193061703045	0.13215378849772602
3.258870889177092	0.00468973809183435	47.64203666402874	0.13410573382678379
3.2683231517799154	0.004034899408878435	47.70224629364104	0.1315293318832803
3.2759733439143846	0.0034203392847170395	47.74881670443991	0.13215376835980647
3.2834929948780323	0.004431221886805559	47.61964264873156	0.13215377858679547
3.294136370594911	0.005814775434530078	47.761680601071895	0.11383012596115785
3.6975010120938956	0.026299415425563022	47.356955916108895	0.14225858024223684
3.704372158067783	0.004377147199490466	47.29533107240984	0.13161120740632484
3.8073395732743833	0.023898289719755824	47.02198011572273	0.1325590647445515
3.885406349999333	0.02007907941779942	47.068257551238275	0.12331605673056505
3.9631365082198196	0.0058469769063436055	46.91650577946748	0.1277907185793235
4.032039468112967	0.0037350771037252405	46.87897133229957	0.14227538232666678
4.046440069830605	0.027522896793861804	46.907500594663325	0.1363775701502162
4.172818393384936	0.045928240642124564	46.42979504883557	0.1500853012135995
4.240485983907688	0.003374121475964977	46.83718628939065	0.12982102493122946
4.323875815368655	0.035206799740182385	46.461273309530114	0.12406348648844119
4.402897979800938	0.04305735911771686	46.60478541423872	0.11343101725620323
4.821284894792295	0.11209802204974803	45.67712330329752	0.15288994095621167
4.9464791324816675	0.03497852815261448	45.77288552151101	0.14535982285149524
5.119804339562677	0.07984995359184287	45.44062655192193	0.16008194634474637
5.222870105162146	0.040949841409548556	45.551944461496745	0.14473262025857508
5.392933723439321	0.07844971831205957	44.91634793913323	0.1905027734289681