-1.4395778833123982	0.43159703356465257	51.068884147796645	0.17793477209870395
-0.9642586606664516	0.1444638645224003	51.19389122545985	0.15633157727944244
-0.6636803437667353	0.1446141892580106	50.94274080024442	0.18121796655360586
-0.4366207145420805	0.09109199563483308	51.099504603816364	0.1541292892925224
-0.3077480628411865	0.04380778840074057	51.3064919662588	0.14458796405152902
-0.24829003652121545	0.017364833423906444	51.420931943819	0.15197093983432575
-0.16625300259660614	0.060378577653435586	51.19373732929853	0.14393601435235182
-0.10469970536303397	0.004990456585205453	51.660968183694806	0.15488254771826568
-0.08518304825602796	0.014313468262680163	51.27914456845002	0.18580508559739162
-0.06422668977216472	0.006819594082293993	51.59321979792181	0.15425067070105022
-0.031401113159972405	0.025292568795811276	51.317408858151296	0.15681830537970823
0.0183322413872804	0.024435525975117455	51.40031131719535	0.1515991372854315
0.05091281407495796	0.00871902195016277	51.59146803823102	0.1583189423256327
0.09245607501790787	0.03169454353106911	51.398598340647375	0.15198605312805682
0.13037007499450037	0.0072612352967361465	51.76697075795134	0.15246173977970498
0.1474564742802542	0.009773545665321279	51.64270208002093	0.1655189017530477
0.16657643909285258	0.009352596149477529	51.69913990290416	0.1578379477121527
0.19376512231666443	0.017570070095245867	51.55500440759169	0.16553113565527042
0.21339482041381563	0.002399085666327481	52.1617535715166	0.15043832137886132
0.2501776006498292	0.03306391187941269	51.39961939547085	0.1923052154773825
0.29216602947317516	0.01000563258675425	51.862700199028296	0.1583650524465829
0.34130721637009287	0.037527761058526066	51.60899595401419	0.14096444006423034
0.4105392189939794	0.03199783924056023	51.32138871994845	0.1690902595848184
0.44984565663608	0.008351147803548696	51.61639681356013	0.1538112687997282
0.4742031044411934	0.01579133031603406	51.26755699815309	0.18483463979684128
0.49098203779772476	0.0012660723918560674	51.91219254875432	0.1573283917575666
0.5089626800688594	0.01639878472969266	51.14790566637839	0.18993361296124364
0.5302951195232652	0.0052042478403294	51.49569227321348	0.15804224762422237
0.5539268385729208	0.018071644806326413	50.8962624881405	0.22864184730953904
0.5773776698821107	0.005707232906250207	51.39551976779782	0.15190191457223973
0.6015940755783258	0.01815591869468747	50.95928513861418	0.17873956486009737
0.6235992735971645	0.0041981100259843125	51.38561972143253	0.15144674483829543
0.6414203891821948	0.01343109578366372	51.12633004683001	0.146691496342649
0.7560468124267461	0.09043145464832118	50.429744865859355	0.1503323115046321
1.465379494076819	0.00763972860400332	49.813789464836084	0.14203650979345264
1.482166770696312	0.008869810620115054	49.739980509918865	0.14203650991928557
1.4990444168894705	0.008239667522820869	49.75369344204521	0.1433465253051276
1.5164085218236978	0.009116772047129433	49.7096533131083	0.14203651811215265
1.533228482400343	0.007067465812970499	49.81362267424975	0.14080127693283054
1.5462334093409664	0.009384049546403008	49.67323902187824	0.1408012818095618
1.5976431946240122	0.024831046417803804	49.494583811933	0.14933175931201087
1.623305306711908	0.008777657114196438	49.94298513657607	0.1474396691923741
1.6424734527126073	0.008398669003337755	49.97567537126858	0.14772981277955005
1.6605421422638034	0.01074152833638575	49.82568647511359	0.15269154916701902
1.682827319469896	0.012756070058807287	49.77874441140722	0.15031496936324662
1.7130200243153677	0.016658367212345267	49.54518877532282	0.15269157187511945
1.7382811523081458	0.011226982946617454	49.65391799269251	0.15155372462273276
1.767055305854373	0.016810588236004984	49.48030951022098	0.15006483130218387
1.8123066250464959	0.02840113854017311	49.240889243297886	0.15006484408864013
1.8572507930198894	0.017072852845343732	49.42627467817125	0.1515537149472115
1.9063642323491563	0.03354428102825859	49.06908478805194	0.15110610227962498
1.9755054580935756	0.03510868430522184	48.93662983780459	0.15155370086159276
2.037675561000144	0.03267948064840239	48.876143893728425	0.15230662561756217
2.125542211943504	0.05062662103324347	48.61152235582655	0.15110613160255648
2.1990862427649516	0.024866965440506223	48.824626186959456	0.1519273778644472
2.259356006391688	0.03179057426576181	48.64797052590683	0.15308233592429182
2.311374946447295	0.02100136454377427	48.7766541800991	0.15269154672140303
2.354506469138539	0.02118928783058617	48.54503369330326	0.15194148156278686
2.390271470126675	0.01451059462784723	48.44753284180076	0.15006482600366644
2.4181459793083437	0.013608513877736702	48.424909437376506	0.1519414787207922
2.452703461061554	0.022535028157404036	48.16381602143972	0.1531413230224198
2.494194497405442	0.0177244587427141	48.71027564137845	0.13742528122935369
3.0718104691902504	0.004166836043798862	48.317950035351224	0.1518197714027633
3.0829236503874964	0.007209262789050172	48.067854248353	0.1518198025452136
3.095574766662304	0.005029806532951684	48.2101626793872	0.15263531489890908
3.105120638674365	0.0050169633386659565	48.20387471542129	0.15236056536671758
3.118611704061705	0.007388783392328541	48.05137955578715	0.1503084954080201
3.1319547779326364	0.005714035530493249	48.12818878050459	0.15263532318949505
3.1420683326552914	0.00629141906223049	48.088370896944234	0.15105467072247006
3.1555750944786998	0.007215404272907368	47.99165060788043	0.15291308537646314
3.1710886598669963	0.006962209762271283	47.99164624345045	0.1518197617036998
3.1836802390444947	0.005475005311677124	48.08460581946031	0.15236053153216925
3.1943150943355674	0.0058139421566550855	48.13927330629636	0.1461014083737676
4.0625406039018666	0.0023837773910885024	47.531166256509806	0.16272438859570185
4.067151393423111	0.0021164256633394623	47.57964837515305	0.16256015855211936
4.071435644562635	0.0019809602365651463	47.603520057080374	0.16272437868241607
4.076208407012585	0.002980191064453098	47.568063262059184	0.1508637992758245
4.850955047210572	0.020448219652824697	46.778060937097436	0.16579698500369158
4.882480572935727	0.012623015710155403	46.66712662412873	0.15631633981642942
4.922052215755725	0.020406140805921406	46.62543523374776	0.15453872371766797
4.996874896551921	0.02117086843461421	46.59013059530263	0.16462497979545218
5.040819498231737	0.022891247415682776	46.65161586448397	0.14816033580456697
5.237750849256036	0.010401933444763513	46.56118047062925	0.16312189099208824
5.278711315938195	0.02214179081898831	46.30719847435787	0.15988749517046655
5.390869254956995	0.050667285977077973	46.23921292162592	0.1513225219222915
5.522952242666659	0.029006157776627614	45.76480148099162	0.1780978182107564
5.581871779512277	0.022457973295596814	45.76544077805404	0.1813039683173756
5.649562650687813	0.043460529841596	45.47630739989317	0.19795824588899844