0.12655726926251273	0.037929649221265405	50.408359919745024	0.108443498332149
0.2597923866708254	0.08682788668437619	50.222286874673	0.09622461169894876
0.37369995713057846	0.033398092612920385	50.36239715861912	0.09565143415477219
1.186879316815098	0.02787583348346652	49.614613730758606	0.10104785280714049
1.6134780077152073	0.052466119165853406	48.7454269721438	0.10201272122677711
1.665940206405203	0.002921222395105113	49.21107802960361	0.09804839963142754
1.6700590117389509	0.0012056869892203594	49.34304656492424	0.1082412090440853
1.6724637159458653	0.001199029505257657	49.148377113872755	0.1747276361149331
1.6741391214236363	0.00047776513740167685	49.547744633928	0.10690095263202962
1.6752127648068644	0.0005957318581875964	49.23485141140613	0.19416891003382253
1.6764025971123384	0.0005941019712078601	49.503946043075175	0.10012871960782982
1.6786543370944627	0.0016548829621797455	49.3389573434621	0.08729326331773553
1.681129594250911	0.000822738900339173	49.4641371720297	0.10556006184603192
1.6844081435468574	0.00244965394527823	49.36461790854856	0.10387485477698465
1.688009327453923	0.001156869199788744	49.72134023068658	0.09476634743449268
1.6892800227815623	0.00011534892816048392	50.24253437551181	0.10387990786541326
1.690086715639176	0.0006908092129295417	49.887983940426686	0.09914428813944826
1.6921542141837456	0.0013750567363152145	49.780465531356704	0.10449006845280784
1.6937554913877402	0.0002283326885625238	50.16553500604443	0.10677710720799216
1.694667863117021	0.0006835605230074422	49.75418976776175	0.12074889719038209
1.6960328369053688	0.0006814154866107534	49.69128802443991	0.10829516502837605
1.697619902951928	0.0009052398628768044	49.48098376595982	0.11495652027660086
1.6994266194065102	0.0009014817803430016	49.359310971276614	0.10388025813845533
1.700776741281868	0.0004493418160142335	49.39777206879123	0.10776576125985216
1.7020106766717233	0.0007841171441105495	49.13473299959986	0.11940301597845046
1.7033528015071744	0.0005583554877949957	49.191799569164935	0.09777077403626667
1.7041337965542758	0.00022294091807948443	49.26909036690599	0.10781636866087732
1.704913389619681	0.0005563527010350663	48.77656765997011	0.18692044078405157
1.7055805001914606	0.00011109975108904628	49.415741317730955	0.10401075570956202
1.7063575030191143	0.0006654069512944151	49.014041516095475	0.12194698537400317
1.707354468266669	0.0003319405984055614	49.326203233901545	0.10472454192344824
1.7090110079187169	0.0013227075248911564	49.266178111961416	0.07909909184404149
1.711100261402822	0.000767876478859184	49.535493764848646	0.08395903761587682
1.712086410685006	0.00021889567014232974	49.79741905600147	0.10633216695825519
1.7127426017405003	0.00043713036517205805	49.71776150557672	0.10081216286128641
1.713615983660984	0.00043625216353130285	49.7196994245849	0.11613721902538829
1.7142698693497642	0.0002177979122641703	49.97781903450197	0.1056122767979629
1.7149227721317188	0.00043494145735379546	49.62798281206925	0.1848874728377546
1.7157917850097861	0.0004340720200450478	49.95847031919256	0.10231183190357178
1.716875611536614	0.0006494851489176397	49.86546454740835	0.11790761723800451
1.7177407295362463	0.00021606421906098774	50.08492348969671	0.10837317445053457
1.7183884389398847	0.0004314844395201315	49.719404490132575	0.18050915443884036
1.7192505515486094	0.00043062875467750686	49.93422284036636	0.10414979499105706
1.7201109561781773	0.0004297764569669508	49.8945422000151	0.110471136013229
1.7207551429335255	0.00021456972216507702	50.035786452690246	0.10156202424600669
1.7219336758488788	0.00032098235937333717	49.929735150878656	0.10391380102425977
1.7225751665378928	0.000320508590520897	49.951973103008	0.09846720187909169
1.72396182104987	0.001064956246090397	49.661872452902884	0.08770902843450179
1.7251316957522822	0.00010620913953663237	50.03826371909692	0.09880267041415809
1.7261924906364294	0.0009535502951911101	49.56515542459313	0.08721086207718086
1.7280954161618938	0.000949381313671485	49.289908505349636	0.13279342034309452
1.7293594166910373	0.0003155407287088465	49.69390129567641	0.10133999835418897
1.7299900400990484	0.00031508287585395593	49.64407309067832	0.14680743438148255
1.7306197490769564	0.00031462634981008073	49.916040918632895	0.1064931338471279
1.7321900385442728	0.0012539632062648662	49.9305575688941	0.09851838871145485
1.7338587794034452	0.00041638473356951715	50.555803106382584	0.08723995221419541
1.7347946359785351	0.0005193605457231567	50.44127382420704	0.14722760750233288
1.7358321168388853	0.0005181213323271707	50.74912472557337	0.0948796517563034
1.7374869483417892	0.0011355318575714602	50.317485117579196	0.12276253903731145
1.7388268714138169	0.0002058243300043175	50.626625161487475	0.10814541512104836
1.739443905849032	0.0004110642154552094	50.48299242176441	0.09137899395572753
1.7402652570891923	0.0004102875326927275	50.3161084055122	0.11680430657615747
1.7408802527274163	0.00020485347199352923	50.56509111342474	0.10364118005558011
1.7414943787522004	0.00040912799607975526	50.16603690875397	0.19459926194219618
1.7423118648532523	0.00040835860599362946	50.556160704946066	0.0926180511273273
1.744348873239991	0.0016257909269014378	50.34549601967176	0.09667916625507864
1.7465786020924796	0.0006065494795519601	50.487006794722106	0.084315728369351
1.7474874746096323	0.0003026407233032069	50.48622985239673	0.10447924365801713
1.7482937676120787	0.0005034656240364307	50.259972227191675	0.11817249288450772
1.7492995333836165	0.0005023010165508358	50.28692431998873	0.0950122577485886
1.7503029752620545	0.0005011417845972808	50.13992963145241	0.11444194001100474
1.7513041040509467	0.0004999878909404016	50.1444425068216	0.10716473983472824
1.7523029303601694	0.0004988392988245431	50.18576992695953	0.0943125933385137
1.7532994647562963	0.0004976959717967123	50.02390146543628	0.13691263648312085
1.753896289697513	0.00009940249754434993	50.55050776900959	0.09284965757022619
1.754591550316588	0.0005954609503216236	50.1155149750278	0.09789801879071151
1.755384773444026	0.0001981247850325282	50.30805650605993	0.10204420922733964
1.7569668864072854	0.00019740433947168718	50.18887104634882	0.10658132676215312
1.757558696002157	0.0003942710427338401	49.75063829624475	0.1541058729104423
1.7580512554600953	0.00009845603243640502	50.155375884627034	0.09200395835087306
1.7585432567630328	0.00039337822891006907	49.481321911223546	0.17507623015063337
1.7593293014657103	0.0003926668838964176	49.587241180527165	0.09487501306299988
1.7599179026946414	0.00019606753060354796	49.56635778991198	0.1004791530681441
1.7606035974872156	0.000489395523988825	49.236687046489735	0.10251000216433084
1.761581287214613	0.0004882950292248052	48.717385459319715	0.20428560665958184
1.7626542098653115	0.0005845082248142555	48.93509152922388	0.09626435451954089
1.7636272992533382	0.00038880001964923533	49.23777619809083	0.08747988286210444
1.7646951853337258	0.0006787290549411785	49.20408647637999	0.11690888796135651
1.7658571649656394	0.0004835110742092628	49.56319061780657	0.10201190455903543
1.7665335535384339	0.0001931034478963009	49.99437752423772	0.09361496975162834
1.7670160439886493	0.0002893335507873582	49.98800484862406	0.12324197123427089
1.7675943259385218	0.00028894854698969987	50.36019223837165	0.09847058901160202
1.7684603076097443	0.000576745917306725	50.613593859890734	0.09596536854772357
1.769420488605571	0.00038364813280202366	50.941680520561405	0.10063591776588807
1.7699955798925453	0.00019157022172700946	50.868480159773	0.10585926874630104
1.7705699105812829	0.0003826340960642533	50.44757249291808	0.11817638692772596
1.7713345053452338	0.00038196104435134367	50.20817936372268	0.10710958425670472
1.7720977563359268	0.00038129035630207026	49.952761010044874	0.10287024058772151
1.7726693156592523	0.00019039444192820319	49.90743959336899	0.10470417095251465
1.7730499376236362	0.00019022765058580274	49.815195885839465	0.1253453743601397
1.7734302264391122	0.0001900611511542673	49.95719077098369	0.10171232104970572
1.7738101824762633	0.00018989494296072732	49.941791388127754	0.10779192265740473
1.774189806387606	0.00018972902521082992	50.03841779508038	0.0896232612565127
1.7745690987532659	0.00018956339714392806	50.048644244501425	0.09290507117832822
1.77513741691889	0.00037863099308360816	49.88174068693738	0.10180825890475462
1.7757995162163636	0.0002835406460906942	49.95415558324461	0.10696632703119968
1.7761774059731341	0.00009443134602246996	50.281254014779094	0.1054629740395995
1.7765549671581873	0.0002830478586740241	50.150044266543944	0.08910654163573925
1.7769322004360122	0.00009426736891100797	50.40601294426624	0.10474248307737791
1.7773091063289401	0.0002825567811625047	50.16787565109639	0.11147901365209542
1.7778738525164866	0.00028218958985762847	50.34763140644561	0.09359977317385478
1.7783439140160227	0.00018792288354965305	50.54877129034574	0.0891202738211032
1.778719597306812	0.00018776039251358672	50.69420670382455	0.08803296080918428
1.7791887447468249	0.0002813365102590048	50.743579611360346	0.08989282722433843
1.779563698201825	0.00009369790658785961	51.1462379929377	0.08630494663278827
1.780031935199946	0.00037438776044044705	50.731169645841696	0.10908846026180086
1.7804996679094098	0.00009349619099594825	51.116965869126616	0.08660157147580054
1.780780066025527	0.00018687169109838424	50.90425666010437	0.08745358119964923
1.7811536486047446	0.0001867110121270506	50.637004399887324	0.14945894924904551
1.781526910241274	0.00018655060917369815	50.673367562327925	0.10219752305382797
1.7818998512778936	0.00018639048161711352	50.49701446506825	0.12269347095882913
1.782179347055588	0.0000931352831127257	50.6243493456451	0.10468358569983917
1.7824586630065273	0.0001861508050608272	50.31107875303526	0.12329417161080691
1.7828308051898427	0.0001859913627974007	50.303773886320016	0.10707177999962095
1.783202628692366	0.0001858321934614723	50.263219194329835	0.10607025067009626
1.783574134128539	0.00018567329632328825	50.24850351152611	0.09876421638209892
1.7841307970973481	0.00037087091892270684	50.032493732137524	0.10143688994392204
1.7847793367177478	0.0002777381281079829	50.23185402051425	0.08899561191569066
1.7851494963977756	0.00009250050201485629	50.45454476565874	0.10791664294084882
1.7853344581087767	0.00009246111535657834	50.389564820852165	0.1280305777838661
1.785519340942234	0.00009242176225496332	50.500238170698445	0.1006809872617094
1.785888870703858	0.0002770294693584101	50.45555328613666	0.0944851509992799
1.7867191649281449	0.0005530006879534629	50.82457366474578	0.08743212561847093
1.7877318180194355	0.00045976062281639853	51.10958905425319	0.10866714551078624
1.7883750063245116	0.0001836320892889358	51.09394656341791	0.08417427323484387
1.7890172435608518	0.0004584018344121455	50.40800223261661	0.1179100216112889
1.7895669776804715	0.00009156439041246064	50.478906578471786	0.10785130288277395
1.7900245584968049	0.00036587186903167554	50.4208902315913	0.09119460700008977
1.7904816576367124	0.00009137174698355666	50.915800320470076	0.108149350057965
1.7906643627918244	0.00009133331550712675	50.74836492771642	0.2073055499912264
1.7908469909802247	0.00009129491637469746	51.17479456336602	0.10378550769106905
1.7913032258431305	0.00036479623853879817	51.25746399628853	0.0801074813124985
1.7920322061504335	0.00036418442737468223	50.83857402616808	0.11166004292607765
1.7924871983378616	0.0000909507715887922	50.83193657565661	0.09878035132236822
1.793123387476063	0.0005449058231596002	50.056822285910165	0.0834085030777479
1.7937586460367756	0.00009068489199420982	50.457757140681174	0.10607182941154443
1.7943024149028406	0.0004528570942212952	50.18461821986463	0.11777470714158274
1.7952071859491343	0.0004519146335168695	50.46372301107539	0.09838936362711728
1.7961100760465547	0.0004509760874020593	50.53212724273394	0.08851480523547156
1.7968310390292919	0.0002701368316276371	50.61579882083808	0.09202086991781772
1.797460901325426	0.0003596604440415119	50.509162797705116	0.10520141960947625
1.7979102443504817	0.00008982212840176418	50.76455524740621	0.10318181609795217
1.7983591229095859	0.00035891735164361103	50.464300101270666	0.10128835098233072
1.7990763650374322	0.000358325084880086	50.257097518228406	0.14038092342050199
1.7997924245514516	0.0003577347695795222	50.34899615550737	0.10027536507983896
1.80095350911871	0.0008027541999646069	50.16354916458803	0.08551930731007745
1.8021114977654833	0.0003558296059559465	50.306646653020856	0.10742288553792138
1.8025560571353214	0.00008886638810033754	50.646999185453865	0.10163975684985677
1.8031776767923113	0.0005324356906132736	50.24452639812762	0.11299143398901096
1.8042412447924956	0.0005311333744368467	50.347037504529055	0.10312136499934678
1.805125566135338	0.0003533686451035889	50.51936950685887	0.0947343831517431
1.8067128209625376	0.0012322783002066229	50.24302908885528	0.10653936651268713
1.8085573159767265	0.000613527890450481	50.40789110540841	0.09516734607395576
1.8108301760101777	0.00026156803200653805	50.54718648933034	0.09929004231418678
1.8123967553350289	0.0013031310407183047	50.14267899438845	0.10474140271500927
1.8139577040188581	0.0002596911423726709	50.478839438592026	0.10524475956696774
1.8145632277138382	0.0003457724201971168	50.45859064726969	0.09702310327505466
1.8163747495478622	0.0014634158616871767	50.021732160400475	0.12381957689911875
1.8180930116636445	0.00025723012524259706	50.46360255933508	0.10226146954846749
1.8188640172793984	0.0005135477363320876	50.28997350414252	0.10658148267507613
1.8220194043514004	0.0026341219397411466	50.13157273604035	0.08712913364688611
1.8247300212790067	0.00008444298265474948	50.981968971572556	0.10033936422035242
1.8261631846822843	0.00134663650758476	50.445732553964305	0.09671220386693223
1.8281784564292418	0.0006702010697288037	50.66766122481242	0.10755181005966775
1.8299341805138125	0.001084682810967559	50.67759170486135	0.1021401392615258
1.834911774651002	0.0038768559939563623	50.707819743316804	0.09337933635618653
1.8426781157226473	0.0038891680362966082	50.66687378955962	0.09249019948391571
1.8475125677232	0.0009615287281869433	50.82110252579789	0.09975863073652037
1.8520559804174241	0.0035682076459211667	50.442935148150006	0.09598961842994487
1.862708185646555	0.007040877572104343	49.96874184215577	0.10994618290286426
1.8722736030633653	0.002573350247157833	50.057068338288765	0.10850249416213205
1.880520351919115	0.005643997679048773	49.871838833026075	0.11417844205625945
1.8916641442881086	0.005501017595990866	50.008657725657784	0.08782806935796222
1.9080008069540133	0.010735283058312442	49.85608521996451	0.0928064085835671
1.9390684519574628	0.019988299614366586	49.62517640189753	0.12716532797483304
1.9276036414900868	0.0011260991982087168	49.98455753157863	0.0452681116789136
1.929823503646837	0.0012098539626527371	49.93049131517873	0.04510041883788726
1.9323617371485193	0.0011665547203410815	49.913365555969534	0.04560692448989808
1.9347738149737497	0.0013305028496930385	49.839226972652	0.04543695579247171
1.9376318531510406	0.001430838498013322	49.79377271162142	0.04587868895321284
1.940409748074969	0.0015769882680558285	49.741634474025794	0.04543694164670892
1.9438316400065845	0.0017266894127415586	49.677430907125846	0.04700847717774811
1.9468572254071868	0.0013720802746112289	49.78317892946746	0.04510039625795659
1.9498365559344095	0.0016839867375057762	49.68578849870574	0.0454369525101834
1.9530281728727692	0.0012160358612906055	49.64760254546536	0.0550453252330319
1.9553940864437478	0.0014641281789453218	49.66172570466111	0.04920604096988462
1.9584211487396583	0.0015036135235252644	49.64969514225764	0.04869155742230852
1.9611837098124356	0.0010839399174127726	49.60763394519874	0.05598860642116702
1.96291947435803	0.0007740065874072253	49.63137531038618	0.05114419934136467
1.9645320619617523	0.0007772580794052123	49.61746121290288	0.05153036362917331
1.9660411123234214	0.0008081060386355683	49.56941691740705	0.05337029113738654
1.9678426489876388	0.0009201604655419261	49.48763062970776	0.05462485908232512
1.9695339045509779	0.000780457739808166	49.55358899680872	0.055373450863594145
1.9711040782776674	0.0007731199525854802	49.55887516541751	0.05569252659220975
1.9727256540134408	0.000863327918542896	49.513292604331404	0.054624868874570305
1.9745296357009487	0.0008986248644333541	49.496911982198846	0.05425702774644546
1.9765167107384638	0.0011028973470132754	49.40670569435668	0.054257028183406254
1.9785836240051533	0.001131731305594121	49.392925177881544	0.054624863374394775
1.9810121176503137	0.0011372050444648685	49.39662292456438	0.05353388335438976
1.9834622631467926	0.0012406656036994396	49.35527427505042	0.05389338901496355
1.985802518193322	0.001104333590352925	49.40500597333647	0.053893383866930156
1.988022982139202	0.0012045134017582225	49.356532130590736	0.055373452316317746
1.9903503887613865	0.0011490568800024289	49.36858774813172	0.054624859921697175
1.9924330087950848	0.0008408106462115289	49.31029057402573	0.05393701688964416
1.9941456845365249	0.0009489776618876094	49.25648282132825	0.05393701882500935
1.9957918382356419	0.0007674154206007695	49.34865872840293	0.05353387888625153
1.9975764296312915	0.0009032263471799932	49.27529494041664	0.05353388825669345
1.9995457273577313	0.0010473498448774785	49.20253680916161	0.05434524692633755
2.001567958524226	0.0009539715225201965	49.23400411112522	0.055177393689996274
2.0037318254535803	0.0011519376712921588	49.15637094617044	0.05434524540790198
2.0060184864561545	0.0012863431586513777	49.102366920019165	0.055177385978146934
2.0085559327395806	0.0012235477782444669	49.126979866173855	0.05475866647753561
2.010963163531858	0.0011714129639716169	49.13663997520171	0.05603115504068268
2.013086307202227	0.0010288809546636507	49.2064416506872	0.05393700497176783
2.0154005849672774	0.001237077457398379	49.123023358973754	0.05434524901218581
2.017778397779513	0.0011653552807015296	49.150427367346886	0.05393700261998951
2.0203289902940633	0.0012957788637775174	49.10048190128046	0.054345242788038275
2.0227362495078243	0.00109324978806287	49.1557989466519	0.0560311431171338
2.0251142694509165	0.0013521131398733324	49.07039775244799	0.05475866312309497
2.0277651410928166	0.0012936217488940535	49.09062620720335	0.05393700896151653
2.030313150038625	0.0011703356957540106	49.13210084781433	0.05353999932491162
2.0324198960815307	0.0010730687589211095	49.155614133444864	0.053937014715710295
2.0345685613015094	0.0010508447726837059	49.15132244187055	0.054758677413182306
2.036789569524726	0.0010506664861632594	49.14384608786064	0.054758669088567496
2.0388703635343615	0.001133318834552391	49.11482801078833	0.05393701191590747
2.0409104378014433	0.0008161693334115432	49.24825043601817	0.0551773910172763
2.042603635767505	0.00095744046124321	49.18279336880417	0.05434523807997925
2.044521943548368	0.0008921331335214052	49.208794112348045	0.054758681565380815
2.0462315715275623	0.0008772191779152419	49.21105638518172	0.05517739701395261
2.0480607471606778	0.0008949918546846187	49.2105875759287	0.053533889752085666
2.050058201776658	0.0010102560077604086	49.16054341919971	0.054345253550885944
2.0516635986653227	0.0007498887159132904	49.29533276818438	0.05353388760823456
2.0532555990955244	0.0007546287905505376	49.29838055768206	0.053145817101161924
2.0547274348423756	0.0007098102528215752	49.311859597352885	0.05434524462558921
2.0560852616904266	0.0007125513673375119	49.31190183732588	0.053937013023720115
2.057596954242952	0.0007841702570762195	49.26288842404259	0.05475867776385122
2.059258435808746	0.0009337205880682782	49.19061078295766	0.05393701445949559
2.0610924741671384	0.0009175356309214537	49.19382355543487	0.05434524949824939
2.062940757054765	0.0008611871456762438	49.224301619635796	0.05353388138587455
2.0644895925791653	0.0007244197164736613	49.29759966652133	0.053533881657040254
2.065957825809241	0.0007074383777334877	49.30084707384642	0.054345243281127276
2.0673679879394835	0.0007027301573826118	49.305097668062466	0.0539370127447321
2.0687495146246366	0.0006968874505913699	49.3086101824304	0.05393701771778802
2.070488847418688	0.0009902042698166204	49.15502809799211	0.05393700144837036
2.072421791424219	0.0009404550024176471	49.17355130779428	0.054345252661174126
2.074265365729291	0.0009792541951846527	49.1503692140155	0.05517739046214464
2.075956748058453	0.0006996234014730768	49.30110063866598	0.05393701733479133
2.0776203424166098	0.000962284324261429	49.15913326255181	0.05434523701998727
2.079505435832205	0.000841874421494316	49.22060563264095	0.05393700822498175
2.081150838910529	0.0009696997562427164	49.153911498806806	0.054758669196718936
2.0830416668608627	0.000803602018002799	49.243047740517184	0.054758672757895345
2.08483383976546	0.0010206631309384673	49.1531911657339	0.05393701867717081
2.0868311315599555	0.0010090528093390243	49.1599748994036	0.05517740234976998
2.0891202790057646	0.0011300779841991128	49.12439112777519	0.05475868269607589
2.0910522674912944	0.0009901459589203303	49.19632267899462	0.053937009502708286
2.093317056168042	0.0012636610447492398	49.09904468549416	0.05434525625457676
2.0958234827988624	0.0011127694920627638	49.14836591570654	0.05393701732580698
2.0979780782377575	0.001056625551906354	49.15943934494055	0.05434524870114617
2.099983169017876	0.0008703049318316854	49.12936931027512	0.054345241845763614
2.1013430593245883	0.0005739230330332214	49.08040187882332	0.05353387136150271
2.1024203401010833	0.0005880945804863534	49.071848747946504	0.05314582066906109
2.103608268890595	0.0005631619256157507	49.092656621105164	0.052766280588835715
2.1047641548110274	0.0006048700522903468	49.042211996438844	0.053981909007619476
2.1059434888785122	0.0006518416663857788	48.99785742923815	0.055363579303786783
2.107284871936233	0.0005683271773894468	49.067300870195524	0.05353389819689114
2.108670435015367	0.0008124467009677384	48.90614861616595	0.053981900297549464
2.1099618403840728	0.000564834812857793	49.08063946898991	0.05281418763626611
2.1112712445125994	0.0007432064365240196	48.94230854724033	0.053533890124940184
2.1127029104291664	0.0006232830353569954	49.018431743031755	0.05353387919312298
2.1138912859113574	0.0006237494182478664	49.01485957982979	0.05398190327620094
2.115277591395901	0.0006898849679663838	48.966851403251354	0.0544361076609253
2.1167155323709137	0.0007264035516889639	48.94725524797744	0.05398191344484586
2.118071378819699	0.0006360392586455162	49.0043272311259	0.05398189181585917
2.1195258143815554	0.0008341520819631963	48.89272031178653	0.05358388763128418
2.121146118656007	0.0007339659528696849	48.94673173774106	0.05353388054643834
2.122381859633903	0.000648905671835769	49.00214199345896	0.05353389062171959
2.12401699845686	0.000844646365696326	48.88245985633729	0.05353385533067462
2.1256945687394118	0.0008361115208428552	48.88538514270609	0.05398190262952553
2.1271426785729743	0.0007396840282830197	48.94363865472396	0.05353386851247247
2.128638407271505	0.0007014897107375428	48.96867329646176	0.053533860226399665
2.1300453964970623	0.0007253500891425207	48.95319752937422	0.053981897490907496
2.131639491722962	0.0008591085705623823	48.87999959403574	0.053981903636109795
2.1333771375573742	0.0008297484393600592	48.72414902509333	0.06513178053149485
2.134899130271309	0.000710053711065684	48.96424482734733	0.05353389237552803
2.1363725475383055	0.0008405261045036869	48.883594335885974	0.05443611344753303
2.138251420702156	0.00104919885461572	48.786496662187695	0.05443613177877587
2.1404202888446493	0.0009388606418473849	48.839571124063156	0.05353389015280411
2.142206568488206	0.0009350069814730546	48.83728554919217	0.05398189936867795
2.144046256339417	0.0009330786654055297	48.83600332907796	0.05443609472345646
2.145757236498975	0.0008104615336145282	48.73350192140994	0.06595080018174432
2.147523751431879	0.0008985306141257046	48.712480004498275	0.06451464819578835
2.1493031073335067	0.0008908573992683496	48.69919025305825	0.06595082276304043
2.151314121454633	0.001053938898060277	48.80344310870253	0.053981922075750526
2.152915461611909	0.0008081197892910148	48.76042290634535	0.06442847869586549
2.1548585283659354	0.0009466592298893946	48.857458116259075	0.05353388557551979
2.156698586670256	0.000862054258322662	48.71855469016039	0.06678668882634424
2.158474106473834	0.0010141898124394633	48.8312965190009	0.05353390447343517
2.160620520646598	0.0009185964588337456	48.696468483010534	0.06595079656228503
2.1621569115925157	0.0007648968998144047	48.7801399080665	0.06513175367959993
2.1636840173682996	0.0007941320695487845	48.764165382007576	0.06513176695245572
2.165346477462789	0.0009809229495185603	48.67190633170546	0.06513175756473132
2.167599252630132	0.0010956720232365607	48.62425537104539	0.0651317759140742
2.1700101206315803	0.0011229715781385118	48.599466728436546	0.06764001913461903
2.1719979333949464	0.001024847903177234	48.65240454639084	0.0651317720760531
2.17391622930754	0.0009126294769509611	48.702441572659126	0.06513178972185409
2.1755118133634475	0.0007718548436024364	48.77492716034892	0.06513176986116144
2.177307834111891	0.0009552123848671555	48.68201807882579	0.0651317925456562
2.1796506324193405	0.0013351374577298006	48.52284708621206	0.0676400453435104
2.1821106726050146	0.0010541038192584818	48.63327996111717	0.06595080460093106
2.1843576836432828	0.0014065194910411166	48.49737851568524	0.06764005473020834
2.187112164458309	0.0012033339131055291	48.5750071918374	0.06513177160914303
2.189355394904235	0.0012408986871868246	48.555342895302005	0.06595080449667727
2.1918500721810212	0.001165801181717115	48.580619412089135	0.06595080376311939
2.1946764895409903	0.001552724360848623	48.458744983250064	0.0651317834849591
2.1976581969652726	0.0014213443093088823	48.49511682421276	0.06513177846295325
2.200861153227515	0.0016905942425596205	48.413074865990836	0.06595080577921472
2.2036491243052074	0.001498917911766453	48.45421433080035	0.06764005293056352
2.2069747374689395	0.0016118055461826156	48.433252781995954	0.06678671255422228
2.210631171847248	0.0017476167471698726	48.401159407819414	0.0659508023341489
2.2141416963761946	0.0020530434913412395	48.319487490323056	0.06764005041169856
2.2181790109033703	0.001874496530039339	48.36492536809813	0.06513177383472919
2.22180193353207	0.0022785995888494285	48.268139890650644	0.065950788446943
2.2277064481833104	0.0027903811098945437	48.15567332068464	0.0694012513015582
2.2321591713228006	0.002172025949792547	48.272684490277754	0.06595079211523819
2.236622314000844	0.002067227865115573	48.288626691569476	0.06513176550965613
2.2414009238312693	0.002823465723211363	48.137224123425156	0.06595080426929485
2.247372186497664	0.0031415004054602736	48.0764137811422	0.06595080308012113
2.2539513202020727	0.003073839029819149	48.075372493073736	0.06513178386656206
2.259365791596066	0.003519209283357897	47.99603679078113	0.06678669336427027
2.266283634644393	0.0031229646672078395	48.02910483983131	0.06764004670774126
2.2743318202164953	0.004394885740924577	47.85860415442239	0.06764003485092432
2.2839983484183275	0.005412641801438107	47.747013466578515	0.06678673084424429
2.293866004778304	0.005407877360386377	47.69434905523249	0.06819870734963339
2.303770919851129	0.003840623245351874	47.694527893383096	0.07976810956326212
2.3126828100482846	0.004491527627846108	47.601248770984526	0.07961050257091694
2.3228124521335967	0.00565729976935934	47.48570371286266	0.0811258326117013
2.334392383658087	0.006028149948153936	47.431769663605536	0.08268842524941143
2.34653713073205	0.005874609810760601	47.42799239466553	0.08112583431510813
2.374199449348673	0.010455288272880114	47.2983194364938	0.09570315160855
2.4023484894947402	0.020997949710356924	46.93443286089021	0.09844956374742922
2.444520299577686	0.016514456317866875	47.006872244106816	0.09844956830337268
2.4780283769750624	0.01646453432676465	47.01529840900678	0.09536962765072689
2.51639198471607	0.020455224325756406	46.89891623670816	0.09503835253863213
2.560064304146636	0.024339915390766773	46.7753295985985	0.09808794708547561
2.615264631081286	0.02829369900896902	46.67521781281199	0.09881385804045807
2.667579080715085	0.02280247926470226	46.68923948953241	0.09918075263327772
2.705533835880471	0.021590945673352333	46.66231882021689	0.09737229870687976
2.749219157800574	0.02330354507846877	46.569756164148735	0.0995503227509529
2.796115938721925	0.018091563473055947	46.634585282215184	0.09772881594279073
2.8345346486086993	0.023287122945140033	46.48444583213502	0.09918075639756609
2.8754247153912402	0.015542813820445112	46.6469263014818	0.09844959484818003
2.9050434373876155	0.014078247680919583	46.70115014870652	0.09603894913934165
2.937585946691164	0.016735416994417055	46.57329641062885	0.09955032350161162
2.9682815532150126	0.014452556431266144	46.616708951990084	0.09881387032151588
2.993343171740141	0.011847076381701186	46.65798407257863	0.09808793524795384
3.0162481557033427	0.011578962246768295	46.62149024274354	0.09881387595965446
3.0464186375208886	0.0155674829399206	46.44075928087985	0.09772879567070886
3.068255996883161	0.009365899722848086	46.63408163159774	0.09808792688734067
3.0893368232913443	0.012375072752465813	46.6606411576804	0.08158864857050457
3.5719960386257243	0.0025574489858563357	46.48750112127548	0.09314407710211016
3.5777890762408164	0.0030843615746481714	46.35750511750363	0.09834267627166088
3.5839699699312004	0.002948642147583946	46.37445653909542	0.09769368356276469
3.5900399944183516	0.0029985712024319846	46.3933629785817	0.09533698660273968
3.5946659344988428	0.0021576637202713285	46.504654486052985	0.09867034032138514
3.599260717684499	0.0028466319616328403	46.3920972715885	0.09624387456421123
3.604185363254442	0.0014952108323003223	46.686682489120145	0.09342414809565422
3.6084558728614944	0.0030482430514989353	46.3764053940917	0.09563739439173544
3.6141846950103953	0.00240663793104412	46.4936042709327	0.09563741530729675
3.6186341447718924	0.002297041668143661	46.479075408362945	0.09801717712370947
3.6233134763664476	0.0023566124195324406	46.44639938799786	0.09769366245780489
3.6278514526294425	0.0019989662342507716	46.53282277210617	0.09563740105336721
3.632111578062256	0.002226852440587047	46.476923060746095	0.09769364257624252
3.6363587259570944	0.0017151663117277623	46.618754848607324	0.09533697743550601
3.640740975840857	0.0030724207743726053	46.3432315652432	0.09867036059883796
3.645878094130759	0.0022372646377354136	46.42985346507321	0.09801713115190785
3.650039184324285	0.001661948383502224	46.35938992379481	0.09737229640703274
3.6537737883232957	0.00196159605782115	46.26671021018257	0.09803319616417532
3.6573138086264168	0.0019456716895092034	46.45935244320256	0.09801709680913472
3.6614349113027163	0.0016960193946937761	46.54456041114435	0.09834267651459379
3.665098322366501	0.0022933103328063973	46.42570094919456	0.09563740544408737
3.6706538519009575	0.0027924621773078653	46.3035186499486	0.10000271536928174
3.675309858279628	0.0023146751799924124	46.39353277196706	0.09801711482538569
3.6794641787332094	0.0018489245525146673	46.47990509873243	0.09801715090134633
3.68375353457004	0.0024897988330208473	46.33808336202341	0.09834266124064737
3.6877138204340683	0.0013061550412465837	46.61443468935375	0.0976936785220363
3.691613537814304	0.002157484142701305	46.389707999777904	0.09737226391920485
3.69567153647743	0.00242240222732574	46.331075726640606	0.09801711669687899
3.7010139290266895	0.0027447092577425262	46.28869834793038	0.09624390926923475
3.705583333317257	0.0017410050668720477	46.48488803027596	0.09533692544712978
3.7104489980607567	0.0027545514507879496	46.2805876938971	0.0965500017160058
3.7148290865439155	0.0021133742618770724	46.38292137262545	0.09801716828574802
3.7191443347926114	0.0019574710618955817	46.40202214175615	0.09966631665172086
3.724202700620428	0.003202277363844487	46.2997551150268	0.08953846303630794
3.874532418308133	0.0014158874485816115	46.43917296043938	0.09769580983718716
3.8773364486091544	0.0015005676874991554	46.40101994404603	0.09834924672044376
3.8805177898641117	0.001396507782609361	46.39673743045957	0.097695791564563
3.8829507432343386	0.0010646766792352495	46.283128741748214	0.09770381501360943
3.885029181285041	0.0010135298510599608	46.38521651110175	0.09315285649463632
3.88794984910257	0.0016016239895765604	46.36025850874189	0.0956414097652483
3.8902628542285416	0.0010013891265571082	46.53211381193297	0.09834922648946813
3.892555226774079	0.0011772246549250885	46.452644305590624	0.09737230063329813
3.8950922972844135	0.0014854637665389777	46.112038733041494	0.09837347260314258
3.898134697034704	0.0018326848415798286	46.394838016304966	0.07996263727125738
3.9081097146229653	0.0010047517469353527	46.36765022776118	0.09572599436549031
3.9096948237583287	0.0008269748293503808	46.38939134179502	0.09774105435861974
3.911830864180199	0.0012560554754089282	46.211508701192734	0.09737228456168771
3.913995469728936	0.0009481351685280704	46.32553646523513	0.09737229704909808
3.915986552825601	0.0007721861335764883	46.41925501337354	0.0984867622484858
3.917634866788515	0.0011538999414504277	46.259627947727076	0.09774104431236537
3.9196984435425546	0.0009357660441823956	46.35626286952608	0.09774103989738674
3.9220143269519308	0.0013115690916865744	46.206567266950685	0.09774103877160786
3.9248900781614737	0.0013449370598640129	46.26590185500041	0.0988638033861514
3.928484902228281	0.0021258251793660338	46.23070831970287	0.09883245805861253
3.9315112312510885	0.0011176138801873411	46.51306118778321	0.09708656633150001
3.9344049189841157	0.002014800810989716	46.23456584939573	0.09773337398133344
3.9387654716663163	0.002238920577878605	46.171337684029766	0.09920415224439433
3.942431601808282	0.001372433424061269	46.369476649337464	0.10033581827809455
3.9449070171098044	0.0012843548256922953	46.41487994650328	0.09809710623908524
3.9478306453373233	0.0014750786849293562	46.353368414509404	0.09773340911254667
3.9508618801636524	0.001464818959880348	46.35410886094058	0.09773335856875176
3.9538166858894743	0.0015335189570308864	46.330530320499065	0.09846343483910289
3.956416677526478	0.001055325277374319	46.23329434143106	0.09774103942196927
3.9592583304205102	0.0015532506941743868	46.253680826316064	0.07890081516877785
4.054738274541433	0.000935024252445374	46.394558156287005	0.08647126159554445
4.057972107162964	0.0008043451892709468	46.40666765060001	0.09848071825439246
4.059756478894175	0.0010167118405316493	46.473227494211294	0.09737229569780033
4.061870958551004	0.001042442068969808	46.463894175779075	0.09773542144737249
4.0638270212776195	0.0011598308267263327	46.46933079056728	0.09537572808056681
4.0661058780831345	0.0009108676373796807	46.56778957604143	0.09773539460087638
4.06803258548854	0.00105798090351512	46.477350071821085	0.09773544625475854
4.070155478603369	0.0008723368257138324	46.4441663177687	0.09773540725247884
4.071678028373794	0.0007493736387072916	46.30830239385308	0.09811218603141784
4.072980000741382	0.0006276029310277734	46.37325294949017	0.09774084081546709
4.074548045245191	0.0009826668714868869	46.43676238526276	0.09605758635837847
4.076651955552944	0.001096462737884953	46.380672106506424	0.09846965347204982
4.07949641817156	0.0015309046892836337	46.24929786697243	0.09605759672786623
4.08240847955348	0.00140370167595037	46.29247356241281	0.09537574180570425
4.084941715098976	0.0011338838276696095	46.42305252933036	0.09172479023590006
4.087338663224297	0.0012143731945951882	46.32324306770959	0.09884074965725471
4.089561933227353	0.0012657087662773896	46.30772228721486	0.09884080017654748
4.09160596164305	0.0007730312601713095	46.519328257476396	0.09773542249700082
4.093570624265125	0.0011970718308756093	46.33307720257397	0.09884075490705398
4.095822306699433	0.0012192435740143105	46.35838102704607	0.09773542071961548
4.097972406855912	0.0007053602171974204	46.629167526524576	0.0973723049029646
4.099439835172795	0.0007592234229906607	46.32298268760744	0.09811216564799921
4.100919243802834	0.0007286103430895775	46.45737132531538	0.09737228727453656
4.102547051541208	0.0008933980236336185	46.46262660084805	0.09846967644534378
4.104660760685096	0.0011391107457447613	46.35300371232824	0.09884079110676006
4.106452135613374	0.0007470631207494911	46.54055984247804	0.0973723121229871
4.108964572840295	0.001485474610402464	46.30156329933671	0.09263006551606964
4.176181210739401	0.000754059151957995	46.44432428832152	0.09537341165348176
4.177753508622476	0.0006809044564374705	46.49665576042922	0.09317811749043003
4.179208824108332	0.000795626004871837	46.407889333236206	0.09412780895398468
4.180435732796261	0.0006067160794746395	46.48655454374602	0.09605062831039951
4.182043768479526	0.0009066967654204682	46.27879286020356	0.09846212262799438
4.183744598886088	0.0008336788036018093	46.321408211425535	0.0984621386452384
4.185355764225791	0.0008305917140688459	46.32223924921204	0.09846212591257349
4.186846084766544	0.0006208074690188793	46.44707439197025	0.09846209585832291
4.188396922231721	0.000756062047383917	46.3971947343086	0.09317813451354129
4.189535939585599	0.0005255723932998905	46.31682483885317	0.0957259562814185
4.190450198728161	0.0005244671433693529	46.33111857798734	0.09773292958587981
4.191952516434593	0.0007271759760149745	46.40541556317456	0.09773297294341925
4.193403192117444	0.000815342660987131	46.370471581963045	0.09571085594744502
4.194887605130273	0.0007899922106290202	46.3760221236915	0.09883068623186708
4.196617607820394	0.000831817829501602	46.374583822991646	0.09920194691924307
4.197912944493323	0.0005379436052558204	46.55363592175738	0.09809623867083317
4.199537419956311	0.0009378932614166614	46.324772611693184	0.09349259631662656
4.201175947806251	0.0008898734905483985	46.354929838741135	0.09605059651367678
4.202721115869701	0.0005320207583243585	46.603615337421374	0.09773292265872674
4.203874529874479	0.0005969369856906251	46.56095110967924	0.09773296781729987
4.204992013815465	0.0007497748597384985	46.43300225023401	0.0960505892375547
4.20630412560913	0.0004397181843442337	46.593178951898224	0.09809622762198231
4.207279114070193	0.0005484085970155131	46.532298820237564	0.09883064569280108
4.2082666360170435	0.00048150310226414023	46.662540536152044	0.09503833554120034
4.209589322885448	0.0008291572531295254	46.41579313172423	0.09809619764107261
4.211246750742931	0.0006521089685192097	46.484585818460886	0.09846211725016488
4.21247545270279	0.0005418859810448664	46.56522746279961	0.09503835173437437
4.213761458571293	0.0008644557323125081	46.356645563407376	0.09503833688920366
4.215260265652656	0.0007968664954415477	46.356377643890355	0.09957594179192034
4.217697176425089	0.002450398345661036	46.43618593024142	0.07218227234040292
4.273237809766817	0.0008103468422435761	46.588088897448785	0.09842373074626651
4.27570688518178	0.0011805213197771441	46.41220610484109	0.09877911730354824
4.277430120012498	0.0010451976415310194	46.484952246436166	0.09701133345558953
4.279830386912893	0.0011536418440980121	46.44913851854891	0.0984237396849516
4.282343397582809	0.0013471612905697598	46.361000069417216	0.0984237412717294
4.28491044149257	0.0012475054230930516	46.39896961328888	0.09842374168174413
4.287775912219481	0.0012210715500915986	46.41505511675514	0.0983716086595421
4.289402233186633	0.0008896892390068001	46.52685130605465	0.09842373945116215
4.291112904858714	0.0008319276818236943	46.539011385821745	0.09877912270239317
4.293034496238447	0.0010443238216673058	46.47092455377666	0.0966770085006313
4.295170320730341	0.000985455432964085	46.51993990936958	0.098779148449642
4.296927835344889	0.0010171608843437922	46.54211761868352	0.0984236964228791
4.299332284600877	0.000993800817240986	46.52043312373084	0.09949755037311574
4.301089058517239	0.0010074614278948722	46.496330848743575	0.09913704694614749
4.302893346035709	0.0009856853189564206	46.47779242435222	0.09949751695267157
4.305187787149499	0.0010330181128857007	46.45040057619296	0.09772029816966908
4.3078642027686564	0.00169993631506787	46.408980459118986	0.08500213737105146
4.3523151425487505	0.0003927066230989469	46.47590977546087	0.09773336304621838
4.353153086781943	0.0005330522751042495	46.338883552320524	0.09773334833302534
4.354124099121777	0.00039107429336664157	46.47891656542479	0.09773337611643793
4.354935510926231	0.0003747325340841215	46.51666845576209	0.0960518182769617
4.355740126205895	0.00043637665836541084	46.4420534951209	0.09809707830717453
4.356482894250597	0.0003578372852109479	46.54999260043975	0.09809705935407427
4.3572845761175625	0.0004037662364177621	46.54277406819874	0.09571166059185146
4.358107234321529	0.00040300212998247136	46.50475014346896	0.09846343321106468
4.359064506350229	0.0006186362725676167	46.32311992252796	0.09605182809762303
4.360282551084549	0.0005243730184061307	46.355520572541785	0.09883240958365261
4.361441293523037	0.0005383554584181379	46.350932283995164	0.097436293275043
4.362456696564069	0.0005370982257230297	46.359522138835985	0.09537384711895103
4.363301145594553	0.0003982111628760896	46.460771426899655	0.09809704606516492
4.364271039739182	0.0005348590819191297	46.33044077621804	0.09920418332689353
4.365193087720532	0.0004117336341815759	46.44183790049627	0.09846346734149998
4.365983637360332	0.0003196548708573332	46.5880510339759	0.09537386527823496
4.366757843119293	0.000531805189711243	46.34301621108748	0.0977334048732692
4.367757278170124	0.00040930376536933076	46.470614268955536	0.09605181389808047
4.368546268157139	0.00045395717220195035	46.42311602799617	0.09571167120210546
4.369459016410733	0.00043790577116774657	46.43028202438162	0.09605184891821528
4.370293746973726	0.0004973542827948482	46.37176247596801	0.09639433112062246
4.37133612035295	0.0003608450819184378	46.49972685696293	0.09737230587883554
4.372127691427832	0.00048024665378277605	46.37397685523329	0.0984634067460673
4.372994279784224	0.0004942652529453747	46.35361877655226	0.09809710272497743
4.374316192616	0.000716749015974821	46.17890620244518	0.09846344035557754
4.3753127000261705	0.0002830632777575596	46.40224740822663	0.09737230743383474
4.37593240743409	0.00041655200676330134	46.19576142193267	0.09503833240240522
4.3768777853150045	0.0004898651849142533	46.35917347155967	0.09537387521720167
4.37768690336003	0.0003111559145033803	46.550942360004	0.09809710593067301
4.378504827165962	0.0004436661786274913	46.41441768502043	0.09605179772804169
4.3793328582609785	0.0004575859090357684	46.376915891480216	0.09809705609538809
4.380699266690126	0.0006474354191014365	46.24620457555708	0.09605180702428884
4.381844982759498	0.0008975491333064561	46.33662171279517	0.08620344096675948
4.419792431124028	0.0003630869057849863	46.311507400888125	0.09737228626136998
4.420610599351923	0.0005100533773918067	46.34804764207292	0.09958428211774871
4.421596011306474	0.0004151542509530447	46.39582981139754	0.09773425500219267
4.422331979435434	0.0003342345867941208	46.27962967801001	0.09774094547031954
4.423189340674287	0.0005604043462577845	46.24276419346055	0.098466188475601
4.424434368481059	0.0004922791752276617	46.38446036659667	0.09605434761461683
4.425115588401454	0.0002922470508002227	46.42323214951637	0.09503831961729116
4.425676916676815	0.00033167019926446615	46.372451167977054	0.09538087103065797
4.42678900988465	0.0006616439628556499	46.292438734793514	0.09846618387692811
4.428324929862631	0.0009757724631149385	46.080603902893984	0.10034345975878829
4.430053191939731	0.0006041507073609876	46.29223918284259	0.09883616836349395
4.431169416200613	0.0005763978715398888	46.31264983171559	0.098466183060324
4.432007104443072	0.0003007245689276242	46.4981317114887	0.09922253610383037
4.4326718720575204	0.0003655356728499039	46.2483437958749	0.09642301887637712
4.4336395395403985	0.0006382650019308322	46.19064613144853	0.09884977179722568
4.435011485048727	0.0007401265796646443	46.19634596346652	0.09809889373754835
4.436265480492474	0.0004919950649474905	46.33965367729445	0.09809888299297187
4.437238032625932	0.0004908945317671342	46.09193049221863	0.09886338774794573
4.4380563118648375	0.0003481342133444938	46.2439164541302	0.09811233353341627
4.438833640246432	0.0005544622235852546	46.25844370915392	0.09713018731035325
4.440139925735334	0.0004970986532114272	46.2129431340249	0.097740955820889
4.440871346341481	0.00039712622429306386	46.431615358938856	0.0977343064935639
4.441824667260329	0.0004601755103901878	46.39269381016967	0.09809887754330972
4.442644596203718	0.000357237500683584	46.3094083543385	0.09773429236325777
4.4437529398707065	0.001366507977986683	46.22202337319269	0.08746838556479375
4.485405894505561	0.0003006136393226872	46.40110201659039	0.09737232961330448
4.486124420736339	0.0004155458388646541	46.25703322204296	0.0980969930380793
4.48689253517298	0.00033415437379638607	46.36273668807117	0.09809698689224225
4.4875440039531975	0.0003221496282569432	46.414865606431476	0.09537379295752503
4.488386726374254	0.0004363545417475139	46.25162458818333	0.09846327944795971
4.4890397456939235	0.00027518018936973184	46.50769514189223	0.09171962007930912
4.489642714911564	0.0003892916411832507	46.30693991013586	0.0953738150214982
4.490593667540112	0.0003998680886068907	46.277069215905094	0.09537381349271246
4.491292741610148	0.00036500540650374197	46.321457416916225	0.09605169931292468
4.491913744657157	0.00035309515292157877	46.3418586609577	0.09809699706744689
4.492646600102328	0.00042072134993652625	46.46114425074306	0.09808642538985178
4.493790115700442	0.0005103454158759722	46.3530114010908	0.09881085204272701
4.494708948946687	0.0004866355511036529	46.28456628850396	0.09737228201014995
4.495480110336407	0.00040669427563284243	46.24195148798281	0.09737227819622434
4.496324675982249	0.0003608051897901822	46.32010051139548	0.09537381035653679
4.497034041873105	0.00034895663364589485	46.318786828852986	0.09773333421412449
4.497703316847958	0.00033717691544979454	46.356970631872244	0.0980969999384242
4.4989192047306155	0.0012514812178991634	46.430522528141466	0.07043170077806699
4.535936978996201	0.007277140641883573	46.318778413097036	0.11340893765109344
4.543279499378031	0.0004756175653831711	46.40483645991547	0.08299717074632575
4.544732401315349	0.0003328296121577304	46.44888653068354	0.09566914290265865
4.545549464439822	0.0005134084172021208	46.35583552377146	0.09771060940579138
4.54640231709014	0.000291364991180179	46.44700315882784	0.09771867390441899
4.547696814276464	0.0008586009879457058	46.03684580043814	0.0970016788009467
4.5487876545475014	0.00038968903005044095	46.28326004870597	0.08155726087173863
4.5743050614180065	0.0002355473957396593	46.21862480283274	0.09737228779595461
4.574762717749572	0.0002729461466404115	46.37177132473754	0.09809981061893903
4.57567592684406	0.0006010953956614782	46.29298758499591	0.07438214851144112
4.589578045470398	0.0002274077822798545	46.30043342069956	0.09771064130063889
4.590047126480656	0.0003271118159724321	46.13948666105974	0.0983942538229457
4.590681816697047	0.00029941430356372376	46.18067687514669	0.09839424745073447
4.591216822040621	0.00021748678417432706	46.32559640440165	0.09737229619756692
4.591761088725219	0.0003439261026107516	46.12996630476848	0.09737230243053914
4.592489026415934	0.0004156252489911942	46.24811844675358	0.0776053693155174
4.615795731639359	0.0002740288620905089	46.2604925159054	0.09774084651047246
4.616367388868361	0.0002907739520497031	46.2087283492225	0.09774085641853762
4.616849467133341	0.00023065345596846718	46.27216598823681	0.09924266747807431
4.617378212333387	0.0002559663867020758	46.22355840113379	0.09538079922584147
4.617827352973479	0.00028126892827495207	46.256247878216826	0.08767895568964226
4.631070347988398	0.0002645584825827252	46.197567418405036	0.09840366902387929
4.631722144296497	0.0003632231972554749	46.05681299816424	0.09737227473373186
4.632373943506043	0.0003132154432582075	46.19984344444942	0.08919539121244183
4.653569823069257	0.00022765115713885395	46.23425111932255	0.09887493015094473
4.653976269030898	0.00018822644585665067	46.30047072139564	0.09887492929144102
4.6544065281100835	0.00023504695107280188	46.197323492715974	0.09503834839097236
4.654852519194367	0.00023480569763467834	46.16698915233867	0.09573110184840959
4.6553367694060155	0.00024236122762631403	46.181400714957256	0.09643375897085707
4.655819738972856	0.00022647483203841706	46.243582427684494	0.09608119347790506
4.656274674158949	0.0002418414991746356	46.20072714104324	0.09643375117279979
4.6567265845817	0.00021820709510445878	46.20400496704971	0.0984950629773173
4.657695406404283	0.0061549964438657664	46.175320076876446	0.0876831663833994
4.6884269935351	0.00028978299271910927	46.085932495476854	0.09924579261402916
4.688877730218504	0.00019540032777193503	46.29179089686014	0.09538136064947379
4.689393788129711	0.00032528238507374755	46.04500828513354	0.09924577365769362
4.689999123747177	0.00025264533904825184	46.14460200339811	0.09848805336827723
4.690439224919319	0.00024517922230492674	46.13456157611697	0.098488030009947
4.691012115714794	0.0002736617572154979	46.06213028573359	0.09811335384724476
4.69157276057121	0.00031646014596255396	46.113681385178054	0.09811338479016521
4.692393282249181	0.0004953320814129244	46.03445816006475	0.10033597634482863
4.693174407183271	0.00027230261989597655	46.066373827345316	0.0981133637141454
4.694016585585567	0.0005721516197045732	45.98995713279718	0.07293793059958303
4.720520855442919	0.00018167224286700653	46.24939855073434	0.09774101919120681
4.720911595085687	0.0002352847993086708	46.128040299621176	0.09774105109210426
4.721393329853859	0.00022831243095417064	46.13910841798238	0.09848672015325445
4.72192459733779	0.0002950986259271568	46.04561472887969	0.09607346204260685
4.722497815647637	0.0002679181101811513	46.089015124881	0.09607345916393667
4.7229357225996464	0.00020073607475544565	46.19881952910811	0.09811251205765785
4.7234800019948615	0.0003408257876084822	45.974818453041564	0.09774101628526295
4.723982880082692	0.00016687853876178524	46.31555621742998	0.09503833404918961
4.724552640132338	0.00029998648802237465	46.04630479991487	0.09811250568457969
4.725046327196023	0.0002996456701903087	46.04830327668312	0.09848671710262297
4.725681776221906	0.0003125066720405277	46.023689420583466	0.09811252965738884
4.726282528276928	0.00028551322235889946	46.07671410176689	0.09572599640376948
4.726867661916158	0.0003182846073371059	45.99852753528154	0.09811251141813257
4.727563352484184	0.0003177725191924203	45.992427748720914	0.09848671823067567
4.728144174739617	0.00031072662536096456	46.165117165366034	0.08159597825338165
4.750565869874116	0.0003013820815711644	46.0720572671862	0.09924355913207342
4.75134560610919	0.0003760499538758887	45.94620880721537	0.09886375341232075
4.751902462206491	0.00023785879072250497	46.1290221305056	0.0977410107297002
4.75236292166538	0.00021885047452124162	46.14852008462012	0.0984867197495722
4.7527785426185085	0.00018740561871259968	46.2115646555923	0.09737228044225972
4.7531954637546	0.0002808399390222084	46.058211101687306	0.0953809703505901
4.753708313683388	0.00024933978066910315	46.08324584899688	0.09886373853723074
4.754422078880938	0.0003547279484422141	45.949501702683	0.09774101577477545
4.7551042372306185	0.00034174323198305206	45.992195992282134	0.09774104428652851
4.755737549812777	0.000304018131965831	46.04872875207279	0.09774103036921268
4.756196756452392	0.00017973925148568205	46.276581193426324	0.09642337764465513
4.756695686671268	0.0003590657606706451	45.93351779754788	0.09848670203293229
4.757386044953743	0.0002966861364226158	46.023004557000306	0.09774102541071765
4.757872240247117	0.00021609174373990358	46.164398690707	0.09811249663255828
4.75836648091067	0.0002775158886665384	46.06513223094145	0.09774101806632816
4.759138020781162	0.0004432215813094165	46.04805266614186	0.07987663411963282
4.778681686819455	0.0003001424103184362	46.078769352290465	0.09737227908619626
4.779311502690586	0.0003467219090136077	46.00095456819037	0.09924359173138927
4.779978385143861	0.0002640414442117511	46.12277511847094	0.09350670629060066
4.78061923783348	0.00040426905702680576	45.90514516070159	0.09572600050194974
4.781343030376259	0.0002807632542873238	46.05503963768724	0.09737228956255
4.781876845450031	0.000280416034833233	46.07613695423717	0.09607347608201731
4.7823724527401765	0.00022757962745677948	46.148330100835054	0.09811250601703866
4.782950325403645	0.00038462424336302106	45.92558862145778	0.09886378643563877
4.783630473065188	0.0002676504680477502	46.09939100834935	0.09774103768681516
4.7841791652851455	0.00027893571994819856	46.10663823268186	0.09607346241934767
4.784802476366725	0.000307548501650792	46.03396341852893	0.09886378352401493
4.785228345999025	0.00021449284288890512	46.21553716250417	0.09538097670977941
4.78586712339813	0.00037625948880283533	45.92989025001492	0.09924362318276495
4.786627854958256	0.0003524737878611939	45.983081936131	0.09538099502370166
4.804943105703289	0.00028807227725767076	45.918393794766644	0.09924406939329806
4.805609596903079	0.0002820998479539253	45.92431335171915	0.0977411146440446
4.806081175733981	0.0002154887784027775	46.05008951209083	0.09774113219396109
4.806574849929058	0.00030354715051431416	45.903284312225864	0.09774110516118631
4.807099953469907	0.00024254692207147574	46.000269132276884	0.09811273785055014
4.8076194733288276	0.00021472685416875522	46.04609145322837	0.09811272207918002
4.807987342863411	0.00019253873870911882	46.10471370422552	0.09677628622653581
4.808382990904132	0.00024183142242526862	45.9870222744958	0.098112690498153
4.808867339297082	0.00021411076126366907	46.08199771008442	0.09286569434017347
4.809484667416611	0.00031248543516929804	45.86715603890604	0.09886416264869212
4.809929863618327	0.00023549348148137043	46.037885944064165	0.09538107308531184
4.810396515221181	0.00021335819062161073	46.08255156974069	0.09811270362807392
4.810969438695361	0.00035512818831847157	45.88878912022038	0.09924412469147578
4.811495835829916	0.00018007711506234431	46.22966300393314	0.0977411237156194
4.811871549774504	0.00016356688166412566	46.32005952480925	0.09503835140014677
4.81213818934276	0.00015256799859442546	46.332095886740234	0.09774113551286073
4.812599449191299	0.0002449372765513971	46.132176214391734	0.09811268091032757
4.812948220282979	0.00015772170561886387	46.308090502289424	0.097741142305725
4.813336346913027	0.00023908887821085743	46.0898588957749	0.09811269853265578
4.8138115555968	0.00020083046591564874	46.133879645884434	0.0981127144927045
4.814237967512725	0.00026028271636817547	46.02282572201122	0.09737226298633114
4.814902207386121	0.0003140295088042409	45.95488150237719	0.09572615729210732
4.815479948180714	0.0003946950586050818	46.11906246794016	0.07072384443418346
4.830492445748582	0.00039969628928863537	45.91523390005453	0.09774095648896429
4.831128878362637	0.0002712162414366567	45.97322715398741	0.09538092349378273
4.83172074059153	0.00023959499389852165	46.014944665342824	0.09811233624282745
4.832163239005184	0.00023414834626857717	46.025203778256056	0.09811235470560756
4.832595945358032	0.00021832068743606726	46.04144511282507	0.09811236728967324
4.833013669079292	0.00024407523480989368	45.97797410626498	0.09848649148762227
4.833559134643542	0.00018671715605537493	46.122439239203764	0.09737226884714204
4.833940175510047	0.00022282739255884157	46.0679684948334	0.09774095553110031
4.834359206413282	0.0001863734961352185	46.15829595443617	0.0981123685274353
4.8347540198610055	0.00024827287770706145	46.037721320178264	0.09811232662520576
4.835212048831302	0.0002480111745749201	46.020799717479846	0.09886343569918442
4.835675807946276	0.00016000357730851505	46.17944053867341	0.09848651596086788
4.836154502853673	0.00026809789224818323	45.93052676169971	0.09774096658915193
4.8366331800995805	0.00032445187565120407	45.843465818654494	0.09886340434246461
4.837273403936033	0.00022626552139428722	46.00412326350773	0.0981123348742537
4.83762912274466	0.00017983792854945726	46.101922760558566	0.09848650635838613
4.837938849277961	0.0001334982973068391	46.23076429036918	0.0984865112945288
4.838326687346819	0.00022571947626466024	46.02626542987313	0.09538088623668
4.838752939410101	0.0001844974717113088	46.08527151896632	0.09924317381547262
4.8390910486987435	0.0001894742090047779	46.079604816698506	0.09774095411658901
4.839742047905752	0.00044483299306567834	45.88135119334527	0.08041713945281095
4.853337947441272	0.00023787113344537868	45.94922899366195	0.0988643415846384
4.853765091041556	0.0002326890675000396	46.008123782256774	0.0931852354589673
4.854139470489827	0.00016323560370274474	46.139066839156015	0.09572625112778757
4.854571641036668	0.00023719834633693465	45.95581964418939	0.09774119172853121
4.855046763184565	0.0002665566110387606	45.90430373129199	0.09924435986856776
4.855553424161452	0.00021200950385943834	46.02461624923012	0.09737230437055833
4.85603337472214	0.0003102773649602885	45.86480508110833	0.09811282360397221
4.8565408682595566	0.00016725612076644262	46.16061392567829	0.0977411793987193
4.856906810103781	0.00022609537063865288	46.06715601428818	0.095726260381836
4.857495091413479	0.000348501667548078	45.936153895824596	0.09886433173176976
4.858032283109199	0.00018629188789493308	46.16411868567862	0.09737228248706785
4.858387566197541	0.0001665444740717532	46.18965141510234	0.09811281048503302
4.858787340509537	0.00023490699943685655	46.01835358691013	0.09572624686102077
4.859300642735231	0.0002150775489301509	45.981406523964324	0.09886436453323717
4.859801861789182	0.0002929491019020112	45.83607804451549	0.10040153359883537
4.860248874674	0.00024387343159163597	45.92320753484638	0.0981128146628145
4.8607056495262	0.0002338736302901746	45.93935302661726	0.09886434289946514
4.861207040223282	0.00017033479573580043	46.10870153471759	0.09572627506028655
4.861564783024382	0.00020423500321601525	46.01464337420824	0.09848718518521803
4.861962849873023	0.00020404595306223433	46.01982236130842	0.09924430846429337
4.862504795968242	0.00046723978995769907	46.1340721122685	0.0730373052944593
4.875568118178858	0.00024012884436532152	46.00074141758698	0.09774145356073788
4.876078204740426	0.00021162946258111213	46.040586750414086	0.09774143716029421
4.876369694104894	0.00017388873868096988	46.10339863363206	0.09774145546493485
4.876818731004525	0.0002629135099569181	45.8942853116568	0.09924570244769915
4.877387843480563	0.00031414242807169084	45.81346423279376	0.09886543166823736
4.8780002500034945	0.00021069492932561726	45.991521251717366	0.097741432324838
4.878461174169773	0.00029933731612393085	45.82889380630185	0.0984879750352347
4.8791431591371675	0.00035023654816039937	45.77237698853466	0.0960745817129585
4.879656142968366	0.00016791411914889612	46.09034894058342	0.09572675288470611
4.879914291182857	0.00014916871472453735	46.13590923890629	0.09737227909616937
4.880241868783943	0.0001537136699068899	46.13597166659499	0.0981133613333212
4.880587985539321	0.00021409881332798192	46.02445796128917	0.09572674340303357
4.881121785971386	0.00025567338593650155	45.928504144416834	0.09886544110987763
4.881619365238914	0.0002878812218083509	45.88040258302274	0.09848801543518951
4.8822369373021735	0.00030601831435870006	45.86817636662492	0.09848799121925132
4.882780954046659	0.0002593269110692267	45.94533211388405	0.09774142945756795
4.883382196642378	0.0002774673178567102	45.91305808051233	0.09607465580393956
4.883844282520052	0.00024021693421772734	45.93939871695785	0.09886547751665105
4.8844574830841845	0.00039208290105869796	45.96561442490261	0.07407265818482904
4.8969307554609935	0.00047065308913740283	45.79305577387024	0.09807257520591989
4.897811582631352	0.00034444593404714	45.940391527093304	0.09807256337185272
4.898760669883535	0.0004820649402796718	45.783577071401055	0.09950325797590624
4.899618598569139	0.00042320192755423156	45.84072418062482	0.09760460964920947
4.900359281984311	0.00038690438235692713	45.87994953420512	0.09783803150261208
4.901152507772024	0.00035068511247436483	45.940370907598854	0.0959076411831614
4.9020263879648	0.00045630398723684254	45.80755113777613	0.09854491600625791
4.902910309838638	0.0005128505905002543	45.63247893520803	0.11604649796259761
4.90406520075034	0.0004982603826140688	45.78621930094616	0.09950326231251619
4.9050372925647014	0.0006077592205741817	45.95117303325528	0.07598678319248935
4.917147261041552	0.00029521946479775366	45.92071550118311	0.09807627235095161
4.917637293999359	0.00028633849033539465	45.92496478391863	0.09915109404746901
4.918255681480291	0.0002859310660135114	45.937590749828544	0.09635519798759982
4.918706554293112	0.0002131605390043524	46.04518625728602	0.0984320193107679
4.919242506709794	0.00029379861415826467	45.919431548566074	0.0991510953915588
4.91989861988422	0.00035287562758092836	45.88919791046429	0.09635522421519177
4.920519737990802	0.00022500886140227968	46.05640695697718	0.09807626824036562
4.920940245785218	0.00026720416507228635	45.959987285059356	0.09807630415455837
4.921427310896734	0.00023301122802742657	46.000487406310995	0.09737229088728876
4.921865148252823	0.00025393869561693585	45.961644059472384	0.09843203066492598
4.92249488358977	0.00026202203717162585	45.950487867878685	0.09879030187225629
4.923001715740628	0.00029548721460416103	45.89184016872417	0.09988044355478609
4.923488594590479	0.00021082629149667264	46.056110017030875	0.09737227127761615
4.924150892375434	0.0003831189477527276	45.792357855190176	0.09951448928021069
4.9248969373969445	0.0004882406152791007	45.75526349233683	0.09315967048396194
4.940829072976168	0.0002957578582823675	45.89379386317517	0.09737228284798066
4.941347762130189	0.0002387525185178799	45.99194658073462	0.09881254353451223
4.941854554770035	0.0002142223628649689	46.097516792746305	0.0967159869371213
4.942290412163665	0.00023419750017860517	46.04458800348729	0.09844858090131628
4.94276541098389	0.00025814239201974137	45.989191896096216	0.09881249085371899
4.943401381790189	0.000430948493727655	45.72279984386934	0.1010523779536703
4.944170298515395	0.00024925440795807164	46.000794244942234	0.09379747403237504
4.957247646159542	0.0028510140558635627	46.04078247123018	0.11396845056399836
4.960470351276721	0.00018587156118721337	46.007835527745634	0.09771657975993332
4.960971893620401	0.0003132973028031026	45.766068409907454	0.09876388337676753
4.961560196426397	0.0002549334268647309	45.85144601022574	0.09841234130596185
4.962079784346001	0.00038965102720244844	45.855642719164	0.07940602386280658
4.9728245395954245	0.003148707732505849	45.72237796312387	0.0988749517844406
4.978790885792289	0.0002227425293200933	45.88541767168832	0.09874090057344116
4.979465620413186	0.0004781472944571069	45.82223262101519	0.07229155593935552
4.9896043579036276	0.0003150333867111663	45.695865844636025	0.09962647479226046
4.990313213666478	0.0003795903437555268	45.714496316919345	0.0876792990579704
4.9963528593175335	0.00029234908133903985	45.8519321514022	0.09843066956453804
5.005910990491214	0.00016391790484021667	45.9628259067521	0.0988732423973582
5.006310106122822	0.0002717837607294357	45.739759264598355	0.09849386681044409
5.006783057900298	0.00018795468845595508	45.89055267922093	0.09925555793736875
5.007147678070621	0.00015997590202988796	45.96273306399979	0.09774337657617796
5.007694428406902	0.00035774987985860886	45.816214625448396	0.07746957174125761
5.024332862625638	0.000347649576395774	45.809442909161284	0.07767318682400051
5.037124016452783	0.00026939788392093807	45.57675576783468	0.11648387417289997
5.037508053094139	0.00016538815251220844	45.92285942676432	0.09849227300297347
5.037933304178815	0.0002429791505420348	45.74747416077005	0.10041564959702655
5.038359763159838	0.00025245040246560667	45.734929611170145	0.09925295888763419
5.038894738875198	0.0002747673348211032	45.70325582621227	0.09887117338909424
5.039510223527816	0.00026469416596180766	45.595862536578835	0.11648388601057603
5.039915685129468	0.00021607341690816972	45.830298664184276	0.0981161690606211
5.040590158061596	0.00039927025078147893	45.78684027185868	0.07739879343866563
5.051924594169344	0.00028860502052819735	45.88929362030007	0.09926163535893671
5.0524619278511285	0.00030391442155331934	45.874364302244885	0.09760457930680726
5.053069039740605	0.0002690727453052609	45.91427304056154	0.09807242475371712
5.053712673512147	0.0005186048358519138	45.60692520279044	0.10141287746182899
5.055128981864221	0.0008065095991616472	45.66848487548299	0.07497264610243692
5.066041772702671	0.0002672280089764169	45.6213068382581	0.11526893635057467
5.066471565453154	0.00016381793543915828	45.955307582772924	0.0984895375333729
5.066802412272633	0.00018188158641992342	45.89164857953914	0.09924829968057271
5.067245961387236	0.00024226123178538628	45.75255998369482	0.09811435301084011
5.067657623841825	0.0001845500190301665	45.89710336114095	0.09886751072351364
5.0679970141920725	0.0002357972937424959	45.716331913401646	0.11144276907790732
5.068554530136509	0.00022039841285803214	45.7639295061579	0.11293075687532593
5.06894296552334	0.00022321386084834301	46.04029499986325	0.0813841865296362
5.093594327020552	0.00020520078940561797	45.837038006929234	0.09851126950663662
5.093963035380709	0.0002078738968395256	45.7250824334129	0.11040437324828675
5.094438050832535	0.00021333605642422478	45.66830082952114	0.1141219958328739
5.0948030083187605	0.000233051329314475	45.681750135177126	0.10672398730031131
5.095297577692473	0.00015329762838146543	45.89130966590896	0.097749106537184
5.095601507727732	0.0001872331949495217	45.801083777520965	0.09851128669329294
5.096024650708403	0.00019271951134628573	45.70437142307621	0.11655553065945255
5.096396233267331	0.000218040119776543	45.73579822293668	0.10933460113078818
5.096818612039157	0.00023196770796535837	45.679260820673086	0.11532631474943716
5.106386168609195	0.0002047798964955398	45.783599837781765	0.09819939372128537
5.106828986343088	0.00024050934390619936	45.69782164132261	0.09904020078202258
5.107324560506721	0.00020157692000869967	45.62866509657782	0.11363831912286561
5.10761891100868	0.00017384484168839938	45.8070254876464	0.09778416381577322
5.108001194756754	0.0002205620821032043	45.70489561237043	0.09819935717990938
5.108516541326065	0.00024233001393619377	45.546980145750695	0.11428778063025363
5.108907863643774	0.00020084337096541182	45.66351284665062	0.11114915444018124
5.109314769397395	0.00018691130388587626	45.674894334378905	0.11428778883972705
5.109681013570768	0.0001867460790180485	45.826706093570095	0.09580670112379017
5.12036678222321	0.00021972921823908785	45.70025669066527	0.10947332990241382
5.120899436050297	0.00023819519483854666	45.7261223417495	0.0983285263744347
5.121271807071402	0.0002219455232234525	45.73768905375927	0.09615116366483047
5.121702760855529	0.00018432616117383305	45.662238347111106	0.11236053728966235
5.122102548916418	0.00020550864523457993	45.66863069353383	0.10618056640221275
5.122462193108468	0.00019733932362590048	45.631723426008904	0.11346541657533189
5.122887594464356	0.00022378616644961268	45.58078955646615	0.11346542870339724
5.123364207949627	0.00028474072755558437	45.52837246760732	0.1083636077565673
5.132562139103199	0.00019280191741974733	45.76356661576271	0.11385230863976524
5.132835100248924	0.00018747383334435033	45.77574521780811	0.11385230344042653
5.133404093173246	0.00024963714120465174	45.610635468359355	0.11385231084740753
5.133783917859053	0.0002494189093327169	45.5930400735646	0.11310156563720175
5.134254092219094	0.00028288789693726177	45.628731929588774	0.0988270922364967
5.13488585919569	0.00022028048228574752	45.600478796029364	0.11347572135732437
5.135428241237069	0.00034164749202471165	45.57406023886229	0.09455187901232612
5.1444082674544225	0.00018254295926154097	45.73287854047523	0.1130886629649676
5.144838724635591	0.0001874281260916346	45.708912494541515	0.11419844380568026
5.14522758348642	0.00026317642532075637	45.546086832084356	0.11419843056518292
5.145670429813141	0.000219933056644407	45.687166229658	0.10457378769811726
5.146136951112593	0.00020454527895149798	45.621804372233754	0.11457316972096811
5.1468272808086715	0.0006137753673787607	45.59553772756992	0.08274492280094789
5.157314912097637	0.00020919291216477505	45.671467562757016	0.11590974718857998
5.15782683754466	0.00023107035328434513	45.62639947220673	0.11701792181706198
5.158365345472691	0.0005032992679412727	45.4906308365863	0.09265046108433701
5.169674554265776	0.0005980057362315762	45.6355589588761	0.08312177044936968
5.180759457093529	0.000289135784032987	45.72951091998739	0.08861554424190574
5.215433881890082	0.009910870162296264	45.42329187292755	0.10964870964998075
5.229720324842335	0.0003728832643516845	45.2924176941128	0.11567363283558375
5.2302350823892185	0.00020390608289899267	45.687543796220325	0.09807386696500056
5.2390138096307926	0.0001773965377157841	45.55094731694197	0.11501611735736238
5.239579335691558	0.00037673140046251216	45.4666525077976	0.08628853286931534
5.248311873824965	0.00017164410394304507	45.56094872161776	0.11345639806677126
5.2487847013039	0.0003827866506508629	45.45986169453786	0.0854059281901844
5.256827849977001	0.00027595102913467994	45.39293887953288	0.11173351804352616
5.257291672645036	0.0001603108512212695	45.61361807711512	0.11377381938758413
5.2577189533109285	0.0002343700907617102	45.447327945546576	0.11449370396552774
5.2581980790313185	0.0003004439319934688	45.334966993329516	0.11522257019768394
5.258824590469739	0.0003233854466310434	45.5557519837286	0.08670890338691074
5.265652242329258	0.0002704013491531958	45.66734073940552	0.11416348889222781
5.266674235073991	0.0010293130651070025	45.327437075124934	0.08841487016314017
5.275129754885697	0.0004484462876392626	45.359887386226234	0.11623574621024814
5.275887173955979	0.0003408995230483	45.483653591143536	0.11457214841015008
5.276623765244235	0.0004835224746257304	45.39074107371233	0.11269945788019115
5.283488256133082	0.0002411155294694953	45.428298865815414	0.11415994178486576
5.283974384609083	0.00026842377307003263	45.379412452713936	0.115184495453127
5.284517024543854	0.0002497264717196951	45.41185482845211	0.11477249745957935
5.285142274923963	0.000436385837547887	45.24271859356169	0.10617261626843387
5.291831140111267	0.00034541875724430416	45.377966848383984	0.1152335406717173
5.2925319112357405	0.00025777842470315753	45.363222862637556	0.11337013258951827
5.293036848804442	0.00021786669763348054	45.432685435998884	0.11439792858524009
5.293567516411713	0.00037225393197483803	45.36784331122368	0.09446875531722747
5.301677689911551	0.0004995151932839502	45.38651354368894	0.08219959975114463
5.309886481177305	0.00037931372494243024	45.58005138572999	0.10699544942883325
5.3212795365478645	0.002921345075623509	45.403152937015264	0.08494923939393349
5.343357564369793	0.0038252419448557506	45.23070115171445	0.11441046429025922
5.347195214182875	0.00037034004640704995	45.27398742351713	0.10364272023366301
5.353350456791553	0.00017707939741634513	45.52084692300268	0.1131448110172667
5.353836172319916	0.00026610538515324126	45.33891968277371	0.11354113231601451
5.354337411590666	0.00024234537772427846	45.37643740857925	0.11414069693180365
5.354960122912745	0.0003747050712233391	45.26587050895823	0.10411419276847955
5.360902180294533	0.00016016675871439095	45.5169333512804	0.11414562975276345
5.36120516050827	0.00012773591874721442	45.618632443205286	0.11271315797815427
5.361530276607845	0.00016762415189863522	45.4891228273777	0.11450938225850082
5.361977037523608	0.0003041791541572347	45.24899487111145	0.11175520055088246
5.362507941754752	0.00028232271573050806	45.46136246228928	0.08981176458004907
5.368695822134065	0.0006186838492382353	45.03638904564295	0.11498022634066687
5.369548821410755	0.00035930689944865276	45.33124990086331	0.10656089480945365
5.375020113266485	0.0003115782585864649	45.21344504359106	0.11536377678433027
5.375672809151218	0.00021733084359093935	45.376809615383664	0.11320262149086209
5.376264622444219	0.00045785090550744224	45.30494272160506	0.0850215593321793
5.381844130542067	0.00023040739313016906	45.32645978761247	0.11534548660342728
5.382277537613873	0.00020085565467501684	45.39068985732701	0.11371891935685083
5.382722001471251	0.0002929204021994517	45.22151260857804	0.11581873710476977
5.383313272749211	0.0002486402698742863	45.47448548846249	0.09362682686191569
5.388668032723531	0.0002687118727534521	45.29264513575235	0.11326079619281536
5.389149145053014	0.00021790565482540373	45.38347822338384	0.11348807248331637
5.389792943820599	0.0004366042132408092	45.18151074674294	0.1018028163745154
5.398843824781203	0.0036263946915887947	45.13823020849832	0.11508662981396549
5.4027299163723335	0.0005482710808181817	45.13071849715609	0.09270901234865422
5.409184487464407	0.0004451003993772807	45.197491704007085	0.09713034651312288
5.421799585564925	0.005483468641722739	45.02040778789359	0.09667582624926994
5.432462718948408	0.00047280870076782383	45.201127996909776	0.08722186680017302
5.438276291858621	0.00027965543084091765	45.19503846402806	0.11305855628182539
5.438897059047102	0.00033587871346912515	45.253360430028806	0.09717740191011465
5.444075507482189	0.00021490741488485279	45.31353584408306	0.11352767888616522
5.444458698997706	0.00017024996407339536	45.41540550761226	0.11329230956678442
5.444909854835661	0.00022591789186451503	45.31917331754552	0.11008002201941368
5.445327360729845	0.00024345091875407887	45.253038599896534	0.11496033325707358
5.4513002752639235	0.0007941720033653861	45.16801804237869	0.10558624459868252
5.456473945508721	0.0002755957044243171	45.190517943425924	0.11463922909151765
5.457268733313413	0.0005131739188962461	45.00878490803949	0.10594329600489913
5.462079179159398	0.0003025618821061347	45.17036721053889	0.11628725009193887
5.462745960176996	0.0002996612532108717	45.18452844828265	0.11417510146582875
5.463209909853828	0.0002068591955340545	45.35062729105284	0.11303431573707769
5.467776367740582	0.0003648441245032601	45.050023910958096	0.11510482032055377
5.468613578847053	0.0004037979879255186	45.21959685928959	0.0893824916259856
5.473247221502042	0.00025920921620729376	45.17596346915713	0.11505887804708236
5.473876532289721	0.0004986688510050802	45.10003652473574	0.09025580566376863
5.478667368292095	0.0002771311927175442	45.15706256244731	0.11486984574847776
5.479368767932056	0.0005006088884391477	45.063647750350185	0.09597880659470648
5.484177524354042	0.0003652366070121616	45.06682399243286	0.1117189646483969
5.484947573640022	0.0003726891890289229	45.083579515754444	0.10822680333974839
5.48992524211269	0.0003650106190367155	45.10038899929238	0.10772863888222986
5.534552640505805	0.0002839358717844807	45.083073253666434	0.11510923262955694
5.535187996723124	0.00039899074234713374	45.11706515282551	0.09288153924970385
5.539332211687464	0.00032780353565120015	45.00120643959285	0.1147066733060337
5.539926908801213	0.0003171553886501029	45.036639114671026	0.11212898559857722
5.5435638670771255	0.0005076681102470262	45.01331915476631	0.10081978637268958
5.5482797860046595	0.0005011846158573497	45.04428439215854	0.09144909738898438
5.552956746206904	0.0004958162672116532	45.012542920089615	0.09540634145841671
5.557950643412518	0.00046787207659336754	45.11817254706502	0.09276920974659077
5.57663602932856	0.010667779728725226	44.98131173959453	0.09432650466336263
5.588691998713261	0.0021632784580293426	44.96810605045418	0.1164550045732187
5.5921227712379	0.0003852359466278647	45.04849512525715	0.10129534094367053
5.596544840781033	0.0020969483019238097	44.833917794434456	0.11693144591071013
5.600336005077946	0.00042682402676760405	45.06135476761813	0.09820465889986695
5.604356301551835	0.0004404749511468928	44.994063020944374	0.10649853513346047
5.610838498108998	0.002425060042564203	44.90820167653643	0.10022410119081586
5.616391979239341	0.00042501501203084404	44.91953904367711	0.10826087654607651
5.622818186274553	0.002233719021092456	45.07627420429527	0.09172286418011684
5.637444398358763	0.0073101939682988	45.0480733054656	0.10303109972376205
5.646931610158754	0.0004192702962413425	45.05363820113287	0.09367559521909025
5.652549372755679	0.002202539783476811	44.8933181820185	0.08709792792590693
5.657692349171338	0.00039034749929319537	44.99891319126189	0.10092660149670064
5.6613496546004605	0.0003863028062343482	44.918814303520406	0.11052403965590657
5.66698297593892	0.002148860263995624	44.80059345735243	0.10400453671349054
5.674138299725913	0.0023946320781045864	44.805199721131466	0.11553145287117474
5.680371792202989	0.001987153676256293	44.91729209782983	0.11242017182728116
5.688163535074984	0.002994296844728958	44.88742492126318	0.10565544954538812
5.697954406823529	0.002054749462335515	44.83443949201531	0.09276838323775485
5.701997627682106	0.00035529807385306693	44.9994482354188	0.10741253035640572
5.707093445825609	0.0019390799433667792	44.84318101646513	0.08699489043988391
5.721433097445179	0.0003793633739392147	44.88519111474581	0.10449882425687504
5.725297693987156	0.0018667043099919588	44.711853587620865	0.11027355996586456
5.73417972778229	0.004289939889525777	44.89825000214791	0.08965484119327899
5.744090306237236	0.0018566634473518348	44.688576406111444	0.09441882125003342
5.748238488146571	0.000404000015068202	44.973068644834434	0.08415374712362142
5.751094231476816	0.00040135219083895163	44.864468736329485	0.10031871639976787
5.754006357546262	0.0003986699593950984	44.860002479797984	0.10808787256027658
5.757029871633356	0.00040130873904887046	44.86303145503893	0.10841675227087116
5.759692716225951	0.0004033212192756529	44.88646702747886	0.09739048887586021
5.762588989472914	0.0004000297936917889	44.79033843131878	0.1089082712903971
5.766615905800525	0.0017145816691119475	44.850776084215944	0.10225572322623444
5.774573363473269	0.003863198224180776	44.91477710122253	0.1051701511252873
5.783365848832672	0.001607635810062551	44.77062630126402	0.11290201286491507
5.787186618708374	0.0003785795659338742	44.784912524945106	0.11209989699589015
5.790348180107253	0.001420148453126047	44.628960949622595	0.1182246013640271
5.792658167110069	0.000283799273788289	44.818075808160614	0.1153330824797403
5.79527997431104	0.0013251158443417794	44.67661524741324	0.11721386792391968
5.7976343480340615	0.0003402847047556538	44.81448030913796	0.10795872812619972
5.801864478704766	0.0016132486563673776	44.684673030950094	0.09817276894005272
5.807154125982995	0.0015895580357693946	44.7698287364377	0.09182568675647974
5.8131060512623165	0.002715638919792798	44.86511197840809	0.0996323309840925
5.821405441976364	0.00269134272283563	44.8094804180414	0.10951430438644331
5.826067794500141	0.001526165237301533	44.765092453463005	0.11806219339261131
5.8317605930145335	0.0015187060547677122	44.82244078158916	0.10688567910401013
5.836457015528409	0.0037679199441759165	44.82715175683741	0.08003428471027224
5.855140264788419	0.0013324827595175234	44.82559378375556	0.11126931100861304
5.8595299066340605	0.0015521092649142389	44.70336862545179	0.09268294894020113
5.864255341520674	0.001463945858411678	44.68087097448536	0.09739313462675185
5.868354819697417	0.0012658751149001604	44.73612259402447	0.1081702485197999
5.871782383526294	0.0003253154691829719	44.77324975795021	0.1257840003384665
5.876612980586603	0.002479009015783749	44.476376263246664	0.11379901721024108
5.88802894083748	0.005401118645688712	44.64094914790993	0.08704510682943535
5.893901160378831	0.001313484278282673	44.577071339992045	0.11030398106902577
5.89822295623218	0.0013002160252336046	44.74784487259073	0.0958061151093013
5.902662368373561	0.0012765622430141077	44.62418714120062	0.11630232352929308
5.906104805481622	0.0012452532035685075	44.76178358345605	0.10158425204958214
5.911096336750372	0.0031423534985285636	44.78229805134262	0.10859259617178811
5.922020201105628	0.002200368139971379	44.61375685271299	0.09879343954781104
5.927118956571112	0.0021918481737093413	44.43862911390645	0.10497254105747367
5.956242084212195	0.0018354702374651863	44.53710906279523	0.11191997910221578
5.9658835240993415	0.007007232925830511	44.537666213574546	0.11289360101491196
5.983985154355441	0.007009368310729478	44.38077922802012	0.10560546392039141
6.00130381327441	0.004210325802591238	44.3668253323901	0.09956619371501825
6.011843407979013	0.006654056692601648	44.383077836011815	0.11205068615923719
6.023832650685159	0.0023465372256744	44.66771731769824	0.11129845190437977
6.02917971281423	0.0031176770578519105	44.470685780630944	0.11051065893104482
6.036101847178486	0.0016924518975878413	44.55603564780297	0.11035163312685464
6.0435033491328705	0.004414755792077343	44.278376150518774	0.11493632673352155
6.051694289436856	0.003757562261915309	44.28164307747397	0.11656662488773711
6.062797045302239	0.004945878880343294	44.373465732000156	0.12101915616363675
6.0781762976069125	0.009592251971087637	44.279215924494245	0.10628796523460168
6.093049222361485	0.004085778253616571	44.42272074461329	0.11778985975183642
6.108984949212372	0.007617027455641446	44.20814697569337	0.10611004183056427
6.119055837468664	0.0032070203927487095	44.474328419542175	0.11891558863860742
6.127469173346795	0.005635453818205105	44.186960241952875	0.12141642300344131
6.141032406279259	0.005333227350792428	44.22028019266048	0.1113241699851393
6.150329984796099	0.0035983573580761485	44.41526307400467	0.10285554467519725
6.160491335862646	0.007331443323606172	44.40666663717388	0.0843261360638479
6.194414546120043	0.0043192042618250956	44.16589621489514	0.10058491869199586
6.21297409391167	0.012474872584272111	44.07163664194681	0.1054853041764813
6.334600955215738	0.01061820046695346	43.88575036680433	0.1302338199234713
6.347071855129802	0.003355253576549601	44.032315332508446	0.11569579858868596
6.355874474501804	0.005838473875185648	43.85219618217431	0.1355205574558107
6.366023931771426	0.002560365991739089	43.96393331137152	0.12487453198808925
6.374161416907409	0.004578968950117124	43.77938121774272	0.12940704702574585
6.385144909593973	0.0034503889376245943	43.81691136403374	0.12781752922401968
6.3975498960633725	0.00695378215948251	43.639038418778966	0.13416137571213604
6.407801950791008	0.005836861188054325	43.79393786917336	0.11777618652185151
6.420333135554264	0.005666236614651013	43.733292909950684	0.12010998408504234
6.433320315514586	0.005792401678378333	43.68798809226968	0.12385996344423547
6.446259045309888	0.0062037929969263475	43.71523201629053	0.13551747416506127
6.457231615366295	0.002922463838327697	43.962249475355364	0.12468701489683613
6.464642900663732	0.00203803140334811	44.12643128660021	0.11898460129976689
6.470313593707555	0.004184806723556685	44.04957041984335	0.12452112863000267
6.479491843261715	0.004406916707035873	43.969080073357894	0.1206344468236045
6.490856038908331	0.002963326281876803	44.00911530523807	0.13524689876510182
6.500584675997439	0.005481679808254367	43.760575365696745	0.15974869286172816
6.5098548676783565	0.0033369824871506072	44.04780898054881	0.1281573553807021
6.523555462654388	0.010316849487700093	43.58810569644176	0.1493937006388758
6.5529921506199855	0.015585372651776626	43.27002090902562	0.13868304881695503
6.575443314245648	0.009300343842822687	43.63517833674611	0.11778368673550633
6.621649548501861	0.015549209920567204	43.7118264082204	0.12949557784534416
6.652079608469748	0.020036244981469185	43.13614919061761	0.1721577242127118
6.731945888911757	0.024497108847896774	42.89719865365213	0.19174555623967732
6.767424260084951	0.018424103317253776	43.028445038841056	0.17458868596761196
6.798274633764921	0.008846296772433523	43.177734052976746	0.14560314261652818
6.824354779063773	0.02116353313675704	43.05768234449758	0.18408868462817268