-2.137715372040842	0.4136134588825042	50.573881044299455	0.14440900465991333
-1.5514499743239663	0.21446639913794754	50.44242573700112	0.14711488584382112
-1.202256409946669	0.14396501100582818	50.52816578590229	0.1322625502358289
-1.0432945150673212	0.03327927106952713	50.67160128345894	0.14837502948198414
-0.9813684951137144	0.028856774469055508	50.794471641634274	0.1412213377677159
-0.9271806254094703	0.025471816390246056	50.711614123363695	0.15175441470390139
-0.879010039545294	0.022797610512999486	50.89310488369348	0.13601014306988465
-0.8154964236269928	0.03939178940104837	50.769753784614515	0.13659287758200903
-0.760097285610745	0.01733710485148573	50.819957740229675	0.14829473289281875
-0.7267377534674966	0.01605524893256166	50.88384769768949	0.13589879102944857
-0.6957588700256457	0.014949895609903738	50.77706768934906	0.14636776412060087
-0.666843409005028	0.01398693958883527	50.672879434456775	0.15783465089260024
-0.6397335556427645	0.013140528901062983	50.844766389691564	0.13033754840676212
-0.601999749116255	0.024094007150480493	50.34130011865228	0.17409935214462027
-0.5672839788642885	0.01112149751071231	50.64828338191257	0.13766776181640217
-0.5351390160056949	0.020656098780277483	50.32508418346674	0.15021501279969499
-0.5052102200114879	0.00964027693767542	50.547786755886875	0.14242656230548473
-0.47721162934459854	0.01807677344702896	50.4419776074573	0.13586889667330193
-0.4509092675642079	0.008507237506422037	50.50984294233737	0.14956368430709563
-0.43421962943691383	0.008186512316493522	50.63348038938058	0.13270746883610876
-0.41814769778572736	0.007889091404345249	50.46518533456071	0.15599032197110838
-0.4026493641752103	0.0076125236397046785	50.56423205381158	0.14104389829957065
-0.3876851143282246	0.007354690550270386	50.43711658446947	0.15863724094293466
-0.3732193511257897	0.007113750698155594	50.6288403973705	0.1383230109486072
-0.35921993142801845	0.00688809647982279	50.59351930714982	0.13430791877678389
-0.34565771424125813	0.006676317845573732	50.44165001037862	0.14673758989256366
-0.33250623583415573	0.00647717343381777	50.585542521959866	0.13014704157366444
-0.3197413378230294	0.006289565263626177	50.45460307971513	0.13960266773876623
-0.3073409410371959	0.0061125191276058055	50.451258941180015	0.13565253558364454
-0.29528479659404216	0.005945167386448539	50.33451003755003	0.14722844083105865
-0.28355432281469073	0.00578673524463275	50.362106905245014	0.14260560574245382
-0.2721323787378403	0.005636528001401511	50.179738817169635	0.16249399449733062
-0.26100314161441296	0.005493921272591383	50.237553988266136	0.14734952611443394
-0.24482643400013768	0.010586093360267099	50.21708439828621	0.14075052663939835
-0.2292307046998935	0.005106343131854079	50.48902742294172	0.14103629432651194
-0.21913624180892252	0.004989023296702821	50.446868697886025	0.16445634658628727
-0.20927109558600082	0.00487697338687222	50.613256930129026	0.1499213414817875
-0.19962507128404788	0.00476984604207243	50.71032588341635	0.146239445800703
-0.1901886389358176	0.004667323773436985	50.766343419802375	0.15152417691843492
-0.18095289720820773	0.004569116034985563	50.854652742845516	0.15251271230023888
-0.16745742326294377	0.008858632982813964	50.913276316427456	0.14373947820976626
-0.14585702326368521	0.012643216305520375	50.96770950410912	0.13209989422700638
-0.12931834515610952	0.004056931130334187	51.30181983259045	0.12926229728942085
-0.11731497248698153	0.007892675694539868	50.96332155133093	0.15261751848274294
-0.10180973016765948	0.00761586112224524	50.91565112202859	0.16770419992159655
-0.08683902874218274	0.00735780569034539	51.013477164899356	0.15135999932774905
-0.06882340233529294	0.010588244154973319	50.772427354551425	0.18978833303609793
-0.048147010729691464	0.010095958473272852	51.02094280427607	0.14297909773099957
-0.0252064742726415	0.01276867272632491	50.84822640911934	0.1751243825733984
-0.00646378163429201	0.006114670614698411	51.14501115703373	0.15268489131342386
0.008560008218857218	0.008860139027676414	50.94249007351335	0.1800706782328845
0.02592831396357509	0.00851279609314903	51.056079080654875	0.14980547768695904
0.06911015498141515	0.033397386872931374	50.81236793856699	0.1380038268500403
0.41749392434122434	0.07486842937917236	50.823921875304016	0.1520703627234613
0.4875477207103337	0.0009802380789940453	52.147352191707334	0.14903819344744043
0.48950378477825407	0.000975833010470682	52.21503658751565	0.14527906511322483
0.4943557451486953	0.003859966506869533	51.80725935785116	0.16925231697593304
0.5029549708898857	0.004730361415462719	52.00383932771483	0.13867156872381242
0.5113872286512261	0.0037115221163834073	51.63968463239105	0.15311797353705464
0.5160020262991867	0.0009180731027072205	51.745025890866586	0.14865099331592543
0.5178343015234027	0.0009142079394166898	51.4208562302904	0.20966397526475855
0.5196588788997326	0.0009103751849930292	51.59495781470735	0.14570915793614922
0.5214758241897469	0.0009065744307021566	51.32855533177714	0.18167822386813887
0.5232851982916426	0.0009028052830437318	51.49433279034497	0.13715118153428993
0.5259852032025213	0.0017944199234491188	51.08747977038809	0.15315715611337652
0.528668527195699	0.0008916835667830647	51.131702486132134	0.14161660019425507
0.5304482423828818	0.000888036972855697	50.83490976042273	0.1938459500469911
0.5322206941489196	0.000884420083383411	51.0290096430064	0.1347406789309476
0.5339859428527913	0.0008808325342261886	50.57423532471277	0.2145179570990202
0.5357440441934512	0.0008772739750932183	50.807739894393464	0.14220830667849818
0.5374950571125998	0.0008737440533881867	50.6743756091521	0.14669812058724072
0.5392390385398521	0.0008702424248078538	50.66698532562535	0.1340359084143215
0.542706132519014	0.0025899680838848177	50.209952949414046	0.1378183273861871
0.5461457667937174	0.0008565121407634418	50.433660947554785	0.1497459310565144
0.5478554211639889	0.0008531470019324556	50.60850139479044	0.13431667026047045
0.5504073493234317	0.001696297165776244	50.39636542685802	0.14746774768199414
0.553786761786431	0.001683148847268128	50.412306424657146	0.15931845917833304
0.5571400794100502	0.0016702027959532193	50.63961037347137	0.13496032805215663
0.5596381858478957	0.0008303115979341746	50.799043807595446	0.1426229845095656
0.5612956418845482	0.0008271488080123438	50.7113326303811	0.1628557007104369
0.5629467963920977	0.0008240100218037374	50.85988795734867	0.14885872232077074
0.5645916983282792	0.000820894964768169	50.99255842983775	0.1327493093008493
0.5662303924361819	0.0008178033734201997	50.6934615121109	0.199925626681609
0.5678629266056107	0.0008147349813271092	50.913766268404885	0.15282273033633367
0.5694893469742669	0.0008116895283346904	50.73521376929316	0.19006485187334285
0.5711097003684228	0.0008086667559203222	51.02698126687647	0.1393908997880156
0.5743323805469237	0.002408064771515546	50.75055761153068	0.14126882315534126
0.5791220013333401	0.0023816533136925156	50.73097199674579	0.15040294127387036
0.5877680916747458	0.0062258863042564	50.67746708416756	0.1385738755872194
0.5947163339645501	0.0007658839282760222	51.09158227400208	0.15184307765613078
0.6105092333833427	0.01477066513532288	50.557028593678616	0.15126806634704398
1.4536086415170835	0.011391426238892964	49.463829582318816	0.1306568451954916
1.476920397033211	0.012109497107238978	49.52554094648785	0.1261472240633514
1.4993973984166846	0.01101939799076952	49.37137832854387	0.13438156506676902
1.525298294707961	0.013773753936853187	49.25620931899162	0.13404986225154852
1.5516988536351248	0.011572448006320402	49.307600666389014	0.13404985449574847
1.5711056563795727	0.009920411803011184	49.34166701373826	0.13438155294625512
1.588693205852652	0.007251313791523519	49.4603232364704	0.13404986738666244
1.6061037691870048	0.010644454309809308	49.27109684801953	0.13404984319200763
1.627200155707944	0.010074005925442397	49.27094684985923	0.134381543461861
1.6479665586497378	0.012606680871134686	49.157109346861354	0.1340498584726654
1.6715777873449693	0.008267723151615091	49.50325655696372	0.1259907937417029
1.686828484893876	0.006295806386850391	49.43209472193323	0.13438155638549834
1.7043315663920322	0.012193901076792494	49.12493415388696	0.13438155454955825
2.659059755239952	0.009530175844454949	48.42052587129853	0.13612998576621554
1.7891728021122666	0.055224408911315484	49.1303519913166	0.14543883276453362
1.8875199011627153	0.04892652312144455	49.080755005614336	0.14385603648086498
1.9962517948661365	0.05522981574242038	48.902477027198785	0.1454973930458443
2.103493855138728	0.03868177769359292	48.96338108518776	0.14383819906439269
2.166778908947929	0.037294645232175204	48.918639751306664	0.14382035203980484
2.235538779223755	0.030735648235084803	48.93286949398174	0.14382035985711647
2.2946678570390833	0.03065560460242983	48.85930726586394	0.14543886127897787
2.3517204064772934	0.03276205479919573	48.77303426239302	0.14541936780535317
2.4259546125020126	0.03044667317258103	48.72291208068693	0.14543886974103198
2.4763021769884865	0.02206957354444482	48.82023784928862	0.14536099681374756
2.520405200204447	0.026204687443979822	48.69495738073866	0.14536101927753198
2.6025518257837614	0.05589917617670474	48.58783912229678	0.1307628238598647
3.237122492696099	0.03141937625233198	47.64427769186629	0.14583360176353222
3.292458577112541	0.027189238631862223	47.51072902431726	0.14554026340526852
3.3353570195832365	0.011768034591057967	47.630216330712386	0.14535534129142516
3.354172742855349	0.010525038100676528	47.375418453155945	0.15631610059698378
3.376890527024658	0.013707268907491162	47.34046530863689	0.14924726938449462
3.7359000674893292	0.11290040381806615	46.82394996401973	0.15379416661854187
4.2068752372457885	0.2970042406220813	46.12710658052702	0.13996784723854508
5.224202030796852	0.2729417991721601	45.005081737627016	0.19745781726537479