-1.3600419798078995	0.08599890710456697	51.53721606149699	0.10671720264620714
-1.2151442669283785	0.06160205771223835	51.594060361595176	0.10037039312542054
-1.0199710906134554	0.11790800676545354	51.361909800571645	0.09368264268526488
-0.8857968758778665	0.028856777326194773	51.22774071972398	0.11587246865938126
-0.8068561638962537	0.048121273472513326	50.86289545474573	0.10977467846442003
-0.7199247760657839	0.03939179073207651	50.562689446458286	0.10832205789079728
-0.6311660912317025	0.04816574679768498	50.10857533670338	0.1060253116449217
-0.5712717676113989	0.013986940260080525	50.02922588047586	0.10957284157901882
-0.5441618934069703	0.013140528901062983	49.79982441680342	0.1434963973547962
-0.5186453401940836	0.012390712851590963	50.01241730181141	0.10979522519035013
-0.4829787082539704	0.02282756858407697	49.92340828920682	0.11233784302757964
-0.45002019800076665	0.010579646343671825	50.287205049967405	0.09123193583102454
-0.41938745284412443	0.01971825146622899	50.00279668779204	0.13654709077331753
-0.39077372942789806	0.009230488419610541	50.363988458226714	0.10413025078292344
-0.37269434924121914	0.0088541179186277	50.45648076884734	0.10253632706942309
-0.3553376180051846	0.008507237754742722	50.25733180190256	0.15742670666864658
-0.3386479793999728	0.00818651254644363	50.5463934855065	0.0976598418082287
-0.3225760355499332	0.007889091404345249	50.637277123380464	0.08950477613201983
-0.29211345939865735	0.022064072021999653	50.54250477080582	0.08376955984067798
-0.2636482691922243	0.00688809647982279	50.55988921592322	0.11478455825005675
-0.25008606195395205	0.0066763179985097525	50.51783897721492	0.11404869455182017
-0.2369345832501014	0.006477173577766164	50.4921560485187	0.1146676850653242
-0.22416967558723522	0.006289565263626177	50.3611704123805	0.13052438529631122
-0.2117692788014017	0.0061125191276058055	50.56940650916569	0.087579732303642
-0.1997131432172371	0.005945167507721491	50.384288973073744	0.11884539557369705
-0.18798266057889654	0.00578673524463275	50.4116766972486	0.10481936408796012
-0.17656071650204613	0.005636528001401511	50.15101183518986	0.1663677997622098
-0.16543148756519885	0.005493921376153434	50.52940947647062	0.10070350051039118
-0.14925477570797024	0.010586093456394503	50.611890762501176	0.1014193504080352
-0.12858248678501555	0.010094003123767504	50.95919094479685	0.10188782051845208
-0.11369944061746518	0.004876973468480962	51.419404360365775	0.09496380460279788
-0.10405340904825372	0.00476984604207243	51.62450384752166	0.08600299935312009
-0.08538123951142373	0.013707348248218449	51.233361399550034	0.07932153432732476
-0.06747888007028435	0.004384598514854643	51.060513418395836	0.10317230070778272
-0.05879704386706108	0.0042978177602165865	50.92732148138743	0.10456253795673266
-0.05028536730784411	0.004214405496114294	50.92163363806821	0.08548543492351976
-0.041937302160494794	0.00413416927038523	50.61640686089609	0.12012387259894437
-0.033746688965613336	0.00405693118680591	50.53664930953403	0.10377552735000821
-0.025707692312833597	0.003982526228143557	50.46690305106257	0.09965013237373528
-0.010062792911509633	0.011524842526609208	50.020192491338356	0.09015429535837052
0.005038055365521821	0.0037103330680788	50.2979726192995	0.10323056022518579
0.012396041050074191	0.0036480006857818287	50.406667392667046	0.11051145867826598
0.0196314335856993	0.0035877280722309336	50.58878647092135	0.10084051418660198
0.026748256394341807	0.003529414746818218	50.759984164065116	0.09886253704770778
0.03375033819119688	0.003472966659950633	50.955143519880004	0.08709083043167498
0.04064131006789473	0.0034182958069263725	50.95416094613542	0.11614700783954272
0.04742464816295727	0.0033653195169967656	51.191681459462686	0.102858998222134
0.05410366320993604	0.003313960206212785	51.08988122623111	0.10971325362194452
0.06068152036368535	0.003264144919017095	51.142147495485176	0.09525230779602027
0.06716122865167024	0.0032158051301244108	50.98381022988114	0.10175593878182947
0.07354567869498602	0.003168876206727715	50.94098255838211	0.09873561822530443
0.07983763074856326	0.003123297270069164	51.030726458768896	0.09619745113798014
0.08603973139281745	0.0030790108617516467	51.14376625454179	0.09739347161385661
0.09215450177806411	0.003035962833377976	51.25909238094326	0.10214673926680429
0.09818437154569076	0.002994101927228503	51.424394248096156	0.08366076018405971
0.10413167045465138	0.002953379675892138	51.076546703418366	0.13969973277363262
0.10999862075694278	0.0029137503023361887	51.10081689312956	0.11099183284371329
0.11578736880671625	0.0028751703657999683	51.16656429957821	0.08234184095149565
0.12149997197101797	0.002837598725343598	51.01638313806306	0.08986024384722995
0.12993041350218903	0.005566093975657348	50.71408789447182	0.1016696841030339
0.1409223187520645	0.0054269851006509065	50.69361889077906	0.11242642243138817
0.1489874437456955	0.0026635662824151017	50.9647651885352	0.09532091810218109
0.15690551890928217	0.0052308880936660545	50.6886094281755	0.128436768309024
0.1672432769668728	0.005107844542821174	50.86524281667381	0.09876050987193932
0.1798287556859527	0.00744292172007885	50.95456344805088	0.09412406666084255
0.1896409651239208	0.0024255486354398384	51.21948912424656	0.1139410816997136
0.19446516794224544	0.0023987544002335662	51.336634159771826	0.1068715185026285
0.20160246264809567	0.004719309775453322	51.2253790659214	0.1133638679027833
0.20862435194946427	0.0023218095885392236	51.43296003732175	0.10949864690909608
0.21781368296428394	0.002273198021521308	51.448378845290215	0.11322186411873285
0.22681259483783967	0.0066797408268875575	51.250544296308746	0.1126869232754591
0.23997071709663864	0.006480395174739518	51.34748898923482	0.10781899708987397
0.2506392594942797	0.0042154281224734734	51.43851541022065	0.11403832287845307
0.26105199703171034	0.006173340190621447	51.32816792477258	0.12779658772207933
0.2732264302132119	0.006002688084492175	51.44055407908677	0.10403198340437032
0.2870115888582737	0.007753527915059862	51.35500692075728	0.11258893294975153
0.2984888772650298	0.003775652973590848	51.57400264622505	0.10059729887134239
0.3096706449053207	0.007359364250175051	51.457457250309744	0.09606775409131825
0.3205717275652965	0.0035884691787904494	51.61180495190598	0.09712106224425264
0.3346934991762176	0.010420983387137879	51.32066648594764	0.11049184119814486
0.35005023712512573	0.005029467081059832	51.50091260380701	0.11314428070310233
0.3632592226942619	0.008131332757206447	51.43169014654269	0.11029691815860566
0.37922479490882	0.00783783581553158	51.464790407171435	0.10663928073573506
0.39913951025614536	0.011978472194420895	51.36281889117125	0.11558670461870209
1.385071477539962	0.005258457786288198	49.88001900487437	0.10259989119658781
1.3910617352965033	0.0007627096151544204	50.31764061761386	0.11396165038924913
1.3947073968853394	0.0028740687753194046	50.16509106756733	0.09548689859437492
1.3980225805152937	0.00045034943949089356	50.500260560898994	0.11504957222572548
1.3996707304834206	0.0011963829326735757	50.317641509868594	0.11586692158547643
1.4014616073181358	0.0005957298152855203	50.54008870753508	0.10652338631326701
1.4032451295553345	0.00118657668263891	50.35418140370933	0.12013603553988589
1.4050213572718941	0.0005908667974892085	50.51631760254639	0.1051940925343414
1.406790350002716	0.0011769298811980587	50.274337047282394	0.11011910904454048
1.4089915059979188	0.0010246073957952929	50.18840868759356	0.11615352438886946
1.410744433435332	0.0007289143887082641	50.21622838239023	0.11206926536117369
1.411763716482616	0.00029088225714586456	50.3425411215107	0.11500151024026542
1.4126354876837102	0.0005805978937444576	50.46321646285044	0.10389164789571478
1.4135055125676006	0.00028971797128523	50.86206954495076	0.10816466226512109
1.4143737978476214	0.0005782786331506886	50.75736899861549	0.1630613405302582
1.4155288178731278	0.0005767427259852248	51.3047289275916	0.10916301892623709
1.4162491484752384	0.0001439467300997313	51.83677988405139	0.11100991818583486
1.4165369467097522	0.00014385137109122498	51.604146343748916	0.21600141913350562
1.416824554138235	0.00014375613841311762	52.02745981266014	0.11262277685341825
1.417542740686151	0.0005740744296256492	51.96787668466948	0.10388639134538334
1.4184029997394767	0.0002864692085957067	51.97758607259631	0.09707463549677209
1.4189755605544452	0.00028609178503253863	51.77545571786115	0.10011555273374088
1.419404486261071	0.00014290468470850621	51.71213544816377	0.11131157142868174
1.4198329889750692	0.00028552751068512493	51.45458930970054	0.10091933222077792
1.420261069105062	0.0001426231037352644	51.405751818433615	0.10861445169964012
1.4206887279081444	0.0002849654578539062	51.21507706434066	0.13409243179566022
1.4211159657888552	0.00014234263024037036	51.556247194792626	0.1072469209258807
1.421400557723433	0.0001422493840763084	51.63632136599396	0.10574852815112998
1.4216849634996795	0.00014215625993078913	51.64581242180199	0.11089478149485608
1.4219691829377328	0.0001420632577029592	51.81621895429218	0.0923860335162194
1.4222532164930173	0.00014197037708439837	51.525120589986784	0.10992566606156272
1.4225370646199287	0.0001418776177676726	51.38416517457688	0.09034696862194798
1.4228207271380036	0.000141784979653259	50.99840378878135	0.11724910808171901
1.4231042045008246	0.0001416924624348764	50.98613303111624	0.07993148420868672
1.4233874969499456	0.00014160006587601913	50.74586053803114	0.08028656957469185
1.4236706049373138	0.00014150778967209087	51.003586507935	0.0811668346377798
1.423953528281677	0.00014141563372531868	51.39206012879178	0.07635238366075252
1.4242362674341775	0.00014132359773224426	51.76376779215467	0.07538405566476165
1.424518822844941	0.00014123168139037665	52.0213816699456	0.07272198758564145
1.424801194332132	0.0001411398846032384	51.899834042265184	0.064391794784836
1.4250833823450801	0.00014104820706946442	51.921808273500105	0.06279186837827015
1.4253653871220573	0.00014095664855682266	51.067540374681535	0.0633562637241193
1.425647209110782	0.00014086520876559905	51.405499225640774	0.06350583463099205
1.425928848128654	0.00014077388760102015	51.377153920834665	0.05983947466557898
1.4262103046226007	0.00014068268476448353	52.18765161918144	0.055924425819525996
1.4264915788290493	0.0001405916000261549	51.37872452143457	0.05579029325786033
1.4267726711933277	0.0001405006330890641	51.6138287681029	0.0545467167952496
1.4270535815320873	0.00014040978386011557	51.887676382569204	0.05924096864120573
1.4273343102898761	0.00014031905204343523	51.92899299235688	0.0559434707586013
1.4276148579102492	0.00014022843734408724	51.56115262947397	0.05404101982280024
1.4278952242093008	0.00014013793967021905	51.48724317319132	0.053613558622684326
1.4281754096298112	0.0001400475587279807	51.16448169696769	0.053065553977083846
1.4284554144050177	0.00013995729429166194	51.27295051397157	0.0553481155673221
1.428735238976127	0.00013986714606901163	51.963689464340256	0.059068672272727225
1.4290148831585037	0.00013977711396981213	51.728379911754104	0.05412979565261876
1.4292943473925885	0.00013968719770288376	52.17238646286315	0.05579769764295465
1.4295736321178398	0.00013959739697796725	51.16344092195734	0.060887556910098714
1.4298527371490852	0.00013950771170605512	51.24055696509478	0.05607289305898912
1.4301316629250258	0.0001394181415979485	51.582628020492635	0.060428398128370434
1.4304104096757653	0.00013932868643196932	51.26043702357641	0.063891076387806
1.4306889778384517	0.00013923934592048625	51.86416387439307	0.05983752228352189
1.4309673672272072	0.0001391501199760839	50.80736302857453	0.05735411927915795
1.431245578278427	0.00013906100831217783	50.9004706376752	0.056092061458441436
1.4315236114275391	0.00013897201064308668	51.577268322478744	0.06149000945970562
1.4318014664881442	0.00013888312688257383	51.129928865343516	0.05941568750472656
1.4320791438949256	0.00013879435674599388	50.878491827386384	0.060438503670423076
1.432356643874913	0.00013870570001561091	50.722520810107255	0.06342088180456935
1.432633966861258	0.00013861715640831613	50.95407297501885	0.06187072045552629
1.4329111126668783	0.00013852872583942357	51.21729697346758	0.061932232787726076
1.433188081724189	0.00013844040802684743	51.78584955571447	0.06509262589108854
1.4334648742584892	0.00013835220275506424	51.57852107980643	0.06126712304081844
1.4337414907006725	0.00013826410974350771	52.01990835367755	0.06075616124873481
1.4340179308629883	0.00013817612890901893	51.509727410634376	0.05666103105620028
1.4342941951756039	0.0001380882599720406	51.464112770026105	0.0660133069917685
1.434570284067739	0.00013800050265389184	51.13135566861963	0.05821474299495324
1.4348461973511453	0.00013791285687254516	50.83305500100836	0.06412969795438545
1.4351219354543188	0.00013782532235031943	51.439596981866906	0.061391738914506416
1.4353974985995668	0.00013773789887549734	50.66647895654748	0.06350416186103318
1.4356728872138893	0.00013765058617188665	51.35495076661954	0.06359169132535843
1.4359481011083863	0.00013756338415894825	50.910471779756875	0.06525101617491806
1.4362231407093433	0.00013747629256147647	50.58535530304042	0.06225298585158854
1.4364980064421096	0.00013738931110512573	51.03570252251574	0.0670177453242087
1.436772698117304	0.00013730243971045886	51.51299784804395	0.0705167008636612
1.4370472161595695	0.00013721567810410669	51.61115813958138	0.05852987870671991
1.4373215607882723	0.00013712902607807497	51.32448188578645	0.06657625426123248
1.4375957324265765	0.00013704248336045497	51.57536679308028	0.06384199119368313
1.4378697308844728	0.00013695604987325907	51.514517746258576	0.07003978359321437
1.438143556584424	0.00013686972534554298	50.90461458798589	0.06790789462182359
1.4384172099479675	0.00013678350950720663	50.69162583561267	0.06822100142621698
1.4386906907846289	0.00013669740228133584	51.28591188409905	0.0645429468852134
1.4389639995152526	0.0001366114033987849	51.69608055472441	0.07772997818166404
1.4392371363563192	0.00013652551265520043	51.78075264979049	0.06342313795110575
1.4395101017272154	0.0001364397297828688	51.60983276568888	0.06176406734904006
1.439782895436857	0.00013635405470628805	51.61769324973946	0.06348598247634994
1.4400555179039438	0.00013626848715868724	51.52319981808441	0.06478633229685582
1.4403279693433317	0.00013618302693775694	51.267685474402704	0.0664762697280864
1.4406002501722723	0.0001360976737781425	51.47914347068801	0.06313035163257823
1.440872360199086	0.0001360124276057331	51.71785034934948	0.06474934445902805
1.4411442998403465	0.000135927288156104	51.52787321029605	0.06323984437475726
1.4414160695117195	0.0001358422551656502	51.29437077965365	0.05952862508263637
1.4416876690210831	0.00013575732856129167	51.172494193897926	0.07323347006102737
1.441959098783429	0.00013567250808034495	51.26677118799784	0.06703022146675816
1.442230359010806	0.00013558779352401795	51.1189703702867	0.07257766697152165
1.4425014501167812	0.00013550318463101562	51.236987084333855	0.06520183578091604
1.442772371908652	0.0001354186813296139	51.37724848058804	0.07677074658157407
1.4430431247993185	0.00013533428335942737	51.58303133744248	0.06829240070844504
1.4433137092007857	0.0001352499904608752	51.2450566665683	0.0769013407865775
1.443584124919923	0.00013516580256323752	51.08866513535381	0.07304274748419598
1.4438543723680757	0.00013508171940783393	50.97026380588212	0.07786512874420158
1.444124451754531	0.000134997740799314	50.99921523697812	0.07953073801171949
1.444394363489227	0.00013491386648035978	51.354044318392795	0.07545511805575772
1.4446641073784732	0.00013483009638157225	51.71132001431133	0.06591362730505954
1.4449336838315516	0.00013474643024652278	51.76210194842603	0.06715829179062925
1.4452030932568614	0.00013466286781957295	51.76108311028722	0.07515648767734873
1.4454723354602974	0.0001345794090323022	51.58490412110589	0.08103705312928546
1.445741410849612	0.00013449605362995235	51.62571658575341	0.068807090247853
1.4460103196313805	0.00013441280142054	51.61127105164566	0.07284902214593184
1.4462790622119654	0.00013432965215064326	51.44400003699499	0.0828123218590231
1.4465476383967213	0.00013424660575312892	51.29190383965572	0.07338164710038568
1.446816048591367	0.00013416366197544486	50.98117060685702	0.09223615114621192
1.4470842930009538	0.0001340808206274984	51.075844010607824	0.0752815278166905
1.447352372029824	0.00013399808145805883	51.41023711133406	0.08261461425644856
1.4476202854827995	0.00013391544440126147	51.72662057134781	0.09586714059822682
1.447888033763589	0.0001338329092067341	51.97776504896668	0.0674402984193603
1.4481556172750338	0.0001337504756248721	51.0602572339463	0.096659647426614
1.4484230358215628	0.0001336681435907504	50.9127454380839	0.07024796159958925
1.4486902898053884	0.00013358591285561434	51.232332409739485	0.07621676730632443
1.4489573794289203	0.00013350378323262618	51.54684311466328	0.07815307459389904
1.449224305093012	0.00013342175447432803	51.892982070167506	0.06943328948218509
1.4494910666015788	0.00013333982651703098	51.9203613060154	0.07944721716736461
1.449757664354849	0.00013325799911411684	51.699321994574966	0.06945657288856026
1.4500240987521968	0.00013317627201972138	51.49722736122419	0.06942741891209246
1.4502903695971565	0.00013309464517107143	51.40340652541449	0.07703876727443376
1.4505564772884854	0.0001330131183231338	51.31252526026011	0.07699887913253016
1.4508224220259989	0.00013293169129225578	51.028609504952634	0.07721244520824404
1.451088204207112	0.00013285036383467666	50.88268937697502	0.06823367805572905
1.4513538236348635	0.00013276913588882797	50.73055098388077	0.06835451294161783
1.4516192807060555	0.0001326880072117703	50.87166968448496	0.06253989181436119
1.4518845758166448	0.0001326069775613047	51.18615932731792	0.06674109641840688
1.4521497087693023	0.00013252604687675516	51.40542914436353	0.07120197173288775
1.45241467995938	0.0001324452149167356	51.41361695620985	0.07898830420736833
1.4526794895841442	0.00013236448150071064	51.429460650316344	0.07446521553550063
1.452944138037623	0.00013228384638854277	51.166166856032966	0.07272516619304092
1.4532086251220075	0.00013220330952073032	51.23311655868351	0.06839553975631067
1.4534729512307238	0.000132122870657939	51.803812271507645	0.0721172497704354
1.4537371165596042	0.0001320425296213845	52.111911425727975	0.07763763906405739
1.454001121500762	0.00013196228617296744	51.9320744125322	0.0729078517743739
1.4542649658559172	0.00013188214025434348	51.679393348662224	0.0760671988421964
1.4545286500165902	0.00013180209162820625	51.14567247521783	0.07885876312833084
1.4547921743734704	0.00013172214005796934	50.533643645876325	0.07841341754137329
1.4550555387279305	0.00013164228548614564	49.91464587871101	0.07838616688697037
1.4553187434700727	0.00013156252767693383	50.17072488640476	0.07209821541612907
1.455581788793245	0.00013148286645456487	50.57090288111999	0.06316270342205185
1.4558446750862533	0.0001314033015844497	50.814410215647264	0.07134093313610987
1.4561074021500142	0.00013132383301022924	51.15610598902669	0.06364629655578315
1.4563699703727504	0.00013124446049809048	51.34424640252728	0.06614873834514544
1.4566323801418644	0.00013116518381492756	51.52319597519338	0.06571812695965056
1.4568946312579363	0.0001310860029052171	51.60526562571857	0.07289568264056358
1.4571567241077923	0.00013100691753662122	51.39686079330734	0.07469067405505174
1.457418658882341	0.00013092792753632225	51.26659961344108	0.05990065484503359
1.4576804359671272	0.00013084903267317243	51.970742497242014	0.06877246050763902
1.4579420551622924	0.0001307702328927477	52.50719401943599	0.06758991633634893
1.4582035168528098	0.00013069152796465943	51.95836199994053	0.0709433651842924
1.4584648214228426	0.00013061291765921386	51.500380109074825	0.06565045959913496
1.458725968672207	0.00013053440192280154	51.628360379433275	0.06627933347916819
1.4589869589845004	0.00013045598052648008	51.90748070722246	0.06329436958042847
1.459247792548232	0.0001303776533003214	51.815342364325936	0.06505494247213722
1.4595084697457346	0.0001302994200165511	51.23391935068698	0.06678060486899415
1.4597689903764006	0.00013022128062263174	50.80489450181316	0.06979552001403865
1.4600293548220016	0.00013014323489153178	51.112777435739595	0.060205968717809644
1.4602895632696957	0.00013006528265494647	51.796040257850926	0.06359003081448622
1.4605496161000004	0.00012998742368699968	51.36995078698619	0.06368538158346904
1.4608095131118926	0.00012990965793621058	51.147315135807006	0.06094097755536139
1.4610692546853348	0.00012983198517743622	50.99437239304498	0.06051677508658402
1.461328841199495	0.00012975440518620966	51.21691997964545	0.057601967842572876
1.4615882724530416	0.0001296769179118328	51.56881810937489	0.05435168438528641
1.4618475488245932	0.0001295995231305647	50.9308818958407	0.05564408612838088
1.4621066704989691	0.00012952222067689727	50.99318014651166	0.05912757061833641
1.4623656378535486	0.00012944501032822426	52.02864349063229	0.06252923713448044
1.4626244506866004	0.0001293678920348776	51.45792630601058	0.06212494361010573
1.4628831093749577	0.0001292908655749689	50.99903425652683	0.061125950649855126
1.4631416142946683	0.00012921393072727404	51.63008678479316	0.05729447843692265
1.4633999652437042	0.0001291370874428879	51.56886936163081	0.06054093294474011
1.4636581625975746	0.0001290603355012969	51.455560735914666	0.06594567058732823
1.4639162065387998	0.00012898367473973088	51.640174874693855	0.06118054514157368
1.4641740974416657	0.0001289071049387904	51.0158714112175	0.05447544463690841
1.4644318351037582	0.00012883062605057453	50.51341550754327	0.05227138502057704
1.464689419898826	0.00012875423785638622	50.13721950038727	0.053575474014778426
1.4649468521998426	0.00012867794013818128	51.10298661925905	0.05249657075944573
1.4652041318041082	0.0001286017328488028	51.67166808169645	0.051807430152248125
1.4654612590840652	0.00012852561577090187	50.680321588438176	0.05419719585607177
1.465718234219976	0.00012844958874438998	50.76070553646197	0.051535235826960304
1.4659750575830757	0.00012837365155301227	51.33085574134169	0.05348218851230599
1.4662317289702915	0.0001282978041505909	51.731940537305036	0.0530710711307274
1.4664882487523332	0.00012822204632155853	51.07556792387384	0.05280405188338449
1.4667446171081904	0.00012814637790733354	51.58676746093854	0.05314258217246679
1.4670008344073735	0.0001280707986934309	51.132773878514314	0.05427200736664374
1.467256900446446	0.00012799530863463808	51.368406465487716	0.052845931745164894
1.4675128155943988	0.00012791990751714888	51.165044899318744	0.05013735761584802
1.4677685802194624	0.00012784459512779246	51.002246056777366	0.05286781748933014
1.4680241941179286	0.0001277693714220713	50.72817985360474	0.053833798959550615
1.4682796576575126	0.00012769423618748691	52.039667418464475	0.053266695347494106
1.468534971014999	0.00012761918926805401	51.50044984253119	0.052259645378891675
1.4687901345569194	0.00012754423045233739	51.05880150371614	0.05120429620781835
1.4690451480792144	0.00012746935969678062	50.78866958807062	0.05168151272739599
1.4693000119479038	0.0001273945767906131	50.62035265480432	0.0529203131404391
1.4695547265282551	0.00012731988152368874	50.777727360002366	0.054039167349679035
1.4698092916159478	0.0001272452738531485	51.05788648189028	0.05058811113622493
1.470063707575744	0.00012717075356950423	50.98725548703527	0.0521330228895458
1.470317974582262	0.00012709632051931372	50.97052241327062	0.051881703590395935
1.4705720929990946	0.00012702197449413334	51.48742047666912	0.051396756225137195
1.4708260626215834	0.00012694771545202152	51.45759389805726	0.05095279753328321
1.4710798838128194	0.00012687354318518534	51.13511009493319	0.051629343698228136
1.4713335569351473	0.00012679945748644573	50.809733360445	0.05288201067259968
1.4715870817836592	0.00012672545831454113	50.92194472332311	0.05011468053526542
1.4718404587202045	0.00012665154546293668	52.30652020051215	0.052037406964755395
1.472093687917271	0.00012657771878068144	51.29640348714302	0.04958028093596606
1.4723467697355537	0.0001265039780622663	50.593255270899746	0.05172581031201774
1.4725997039698187	0.00012643032326732463	51.277604218647205	0.05029695637439491
1.472852490980267	0.0001263567541909844	50.85842467515883	0.05110567231541189
1.4731051309381875	0.00012628327068369492	51.25477630258965	0.050867274061950844
1.4733576242026367	0.00012620987254159929	51.12369263380576	0.050206007100589145
1.4736099705680608	0.00012613655972521298	51.56830068266926	0.053350911783039176
1.4738621703930295	0.00012606333203130825	51.14887722000648	0.05268328827041552
1.4741142240353797	0.00012599018925725508	51.90222017746173	0.05268513339166159
1.4743661312893237	0.0001259171313642226	51.77781515564113	0.052907497753509225
1.4746178925122162	0.00012584415815020396	51.46977032390009	0.05382874787898415
1.4748695078732668	0.00012577126946806177	51.69405598954265	0.056943787667184324
1.4751209777286984	0.00012569846511678657	51.52566058862103	0.05443370063319267
1.475372301872416	0.0001256257450584079	51.06171805516895	0.054989815420910686
1.4756234806601634	0.0001255531090925326	51.52155208108729	0.05762564443596219
1.4758745144469614	0.00012548055701935512	51.00346047759776	0.05531407057706873
1.4761254030264876	0.0001254080888015425	51.71375380606396	0.05490259831006333
1.4763761467532894	0.00012533570423989943	51.47073572161831	0.05285005376761262
1.4766267457945332	0.00012526340318965272	51.52687066199647	0.05237477821665466
1.4768772005036477	0.00012519118545258718	51.489764437927995	0.05087110486864418
1.4771275106740154	0.00012511905099220873	51.54167374813146	0.051283204374712454
1.4773776766585949	0.0001250469996109054	51.67774185374748	0.05079551632190126
1.4776276988096293	0.00012497503111164341	51.76076762158517	0.05267448969164894
1.4778775769202839	0.0001249031454585504	51.4495949015601	0.05159855927447958
1.478127311342336	0.00012483134245518985	51.81302525159618	0.05393537777586346
1.478376902240942	0.00012475962195910567	50.65060325120617	0.054120578472236336
1.4786263499667744	0.0001246879837748242	51.66327719861328	0.05336443242227211
1.4788756543127157	0.0001246164278672916	51.62695900944413	0.05277828374823709
1.479124815628977	0.00012454495404162506	51.439803048725906	0.05385053928247159
1.4793738340795803	0.00012447356215667104	51.01396936037182	0.05259876537112196
1.4796227100136414	0.00012440225201849987	51.42621629972208	0.05125356609895367
1.4798714432237652	0.00012433102359286444	51.63055073431976	0.054063871354779344
1.4801200340586094	0.00012425987668641868	51.436730694595646	0.051089335329398994
1.480368482866129	0.00012418881110637958	51.2088400311068	0.05250807511720975
1.480616789438725	0.0001241178268190979	51.88652231747832	0.05672034419891981
1.4808649541239003	0.00012404692363236872	51.788348696322345	0.05737820563460803
1.481112977083716	0.00012397610140728397	51.54271756816034	0.057243479220982864
1.481360858664591	0.00012390535995257553	51.353941112597354	0.0530421723624335
1.4816085986586605	0.00012383469923538107	51.2587641978409	0.06025498285818727
1.4818561974118944	0.0001237641190650043	50.98920247089995	0.0563575611097718
1.4821036552695677	0.0001236936192513027	50.85953916612662	0.05743555340023063
1.482350972023619	0.0001236231997619971	51.246240670371336	0.05648528803402323
1.4825981480188797	0.00012355286040751116	51.358762499216986	0.060140059915156675
1.4828451834154805	0.00012348260105113725	51.44100027100998	0.05951131311469493
1.4830920785571822	0.0001234124215042198	52.116595012025634	0.05584321394649074
1.4833388332356683	0.00012334232173524714	51.74655921577656	0.059632142051105556
1.4835854477942583	0.00012327230155612356	51.75365713329374	0.05583469333001795
1.4838319225755818	0.0001232023607792984	51.57834424215699	0.05695005696028359
1.4840782573711364	0.00012313249937382875	51.02152490611922	0.05482387983176796
1.484324452523117	0.00012306271715271832	51.41027676360221	0.054447669053134654
1.4845705081897558	0.0001229930139814166	51.75860916828527	0.053169632227653134
1.4848164247121893	0.0001229233896738322	50.805411867801034	0.053068010559570604
1.4850622018816713	0.00012285384419977093	51.277312675294134	0.054805728883271565
1.4853078400389035	0.00012278437737369002	51.793082476045086	0.05362724886858121
1.4855533393410494	0.00012271498906225186	52.081101705567335	0.05191415911396982
1.4857987001277615	0.0001226456790808094	51.824682630030416	0.05290553841301479
1.486043922190055	0.0001225764473999067	51.22869041662925	0.05258224839438007
1.486289005867153	0.0001225072938354386	51.43854345261829	0.051938352295907986
1.486533951497605	0.00012243821820383095	51.549176781009685	0.05205299196513957
1.4867787588722496	0.00012236922047617485	51.97237017561287	0.050529402915721174
1.4870234283292108	0.00012230030046943302	51.63066780917389	0.050320758904378995
1.4872679600237984	0.00012223145805235927	51.29827911415245	0.0502853952150056
1.487512354293098	0.00012216269304279702	51.10399932274835	0.04957401122157958
1.4877566109277207	0.0001220940054125575	50.921467216381544	0.05220066752797195
1.4880007302643303	0.00012202539498001522	51.51839735968862	0.05170874764584994
1.4882447126389227	0.00012195686156406707	51.69349455610528	0.05170776100335908
1.4884885578419416	0.00012188840513705796	51.8349043771566	0.05040855112609218
1.488732266208965	0.00012182002551841065	51.974546006291575	0.05144786623010822
1.48897583789348	0.00012175172257892913	51.678592130754424	0.05282940301178972
1.489219273230039	0.00012168349613890206	51.418723977277274	0.0540600707576041
1.4894625720088674	0.00012161534617137671	51.694983298023296	0.05365383294397691
1.4897057345641032	0.0001215472724971621	52.10931058095617	0.05417200572391906
1.489948761229224	0.00012147927493758128	51.96621839168744	0.05280786234647606
1.4901916517942941	0.00012141135346620205	51.69988374161737	0.053239924676013156
1.490434406592382	0.0001213435079048627	51.855418164037545	0.05506343763977316
1.4906770257751785	0.00012127573812637741	51.76359810815715	0.053477105803637404
1.4909195096747383	0.0001212080439534357	51.517184108786154	0.05405620682466056
1.4911618580809167	0.00012114042536029067	51.163805633188154	0.054748960170527834
1.4914040713253607	0.00012107288217014165	51.28857136485874	0.05297708817949383
1.4916461495587503	0.00012100541425693337	51.954788682906596	0.05356865654412653
1.491888093111726	0.00012093802144470803	51.97787508414795	0.05129285568672256
1.4921299017739402	0.00012087070370839437	52.03770083567281	0.05249170722783581
1.4923715758756309	0.00012080346087253821	51.40455820819547	0.05062472266556492
1.4926131157463856	0.00012073629276218658	51.339976847551725	0.04806529880369893
1.4928545211757076	0.00012066919935276901	51.55487645630501	0.04801539048485623
1.4930957924927866	0.00012060218046983157	51.572310912521374	0.047979281476704105
1.4933369298465504	0.00012053523598926895	51.4879003387035	0.04827222615112485
1.493577933565192	0.00012046836573745601	51.97182006732191	0.049003845455207015
1.493818803438022	0.00012040156969048161	51.10314865326882	0.050270508045750145
1.4940595397928376	0.00012033484767521444	51.41770726943848	0.04966405612144769
1.4943001429567937	0.00012026819951901632	51.48017963366926	0.047961933504375893
1.4945406127190572	0.0001202016251984647	51.57367681346399	0.050585160725731576
1.4947809494063926	0.00012013512454141042	51.98816466942469	0.04889147530935153
1.495021153166002	0.00012006869742566006	51.22744414701729	0.048440514223047425
1.4952612243236654	0.00012000234367987973	51.66522908300139	0.048787878262474965
1.4955011626683654	0.00011993606328128977	51.906174803407254	0.049615085353879394
1.4957409685254925	0.0001198698560590401	51.7120071136072	0.04833317496251947
1.4959806422197994	0.00011980372184276611	51.92256868114758	0.04886486040980419
1.4962201835401343	0.00011973766061016486	51.41826610595804	0.04923263185628607
1.4964595928108657	0.00011967167219135088	51.459718597662615	0.0490116835333282
1.4966988701775001	0.00011960575646600601	51.530914717852596	0.05057935136595373
1.4969380159634333	0.00011953991326504632	51.61424923047252	0.050500388582003924
1.4971770299573377	0.00011947414256679641	51.90004536904156	0.04933006741455835
1.4974159124822262	0.00011940844420264665	51.69963572418802	0.0485641234376581
1.4976546636826489	0.00011934281805333362	51.58483559848239	0.052684900596645365
1.497893283880653	0.00011927726395104147	51.47033669237669	0.050272946234674626
1.4981317728647399	0.00011921178187471354	51.3922006569223	0.05027404452105318
1.4983701309565793	0.00011914637165700243	51.37104863021055	0.04993927335777392
1.4986083584772159	0.00011908103313103437	51.568015094806796	0.049396058966024635
1.4988464552150247	0.00011901576627621132	51.94281772111565	0.04851280896940291
1.499084421490676	0.00011895057092612367	51.600905593405585	0.047631739479167046
1.4993222574470608	0.00011888544696332795	51.73503878968753	0.048000980963904365
1.4995599634038927	0.00011882039422219545	51.786279155371695	0.04792703367547079
1.499797539149387	0.00011875541268273186	51.38960919452181	0.0468628563253033
1.5000349850028845	0.00011869050217976802	51.75009281637027	0.047859809643300874
1.5002723012831087	0.00011862566254860083	51.73163898183687	0.04707057548380217
1.500509487778155	0.00011856089376968347	51.723695003582534	0.047002887501928325
1.5007465448063781	0.00011849619567876793	51.47049041636139	0.04736056726370342
1.5009834725090374	0.00011843156816019536	51.572197483799414	0.048498450996856374
1.5012202712035434	0.00011836701105048598	51.56801594780104	0.04804592680874354
1.501456940677838	0.00011830252433068185	51.764036016950634	0.04893207524202263
1.501693481248965	0.00011823810783775346	52.15616471847176	0.0484473709715208
1.5019298932333573	0.00011817376140913035	51.564806484894035	0.04853758661343636
1.502166176418843	0.00011810948502629112	51.46949691296813	0.04856868882584499
1.5024023311214934	0.00011804527852711131	51.640503604364284	0.049096266067380774
1.50263835748096	0.00011798114179768303	51.325360121433654	0.049098925602095785
1.5028742558123804	0.0001179170746766374	51.742184086033035	0.0488982836852552
1.5031100259034367	0.00011785307714602775	51.81579222706172	0.04814570265896038
1.5033456680689066	0.0001177891490449267	51.57947418961697	0.04879712548433172
1.5035811824475358	0.00011772529026041155	51.883395457865255	0.047846966356595216
1.5038165693531755	0.00011766150063230315	51.36468653348355	0.048241440470993234
1.5040518285733666	0.00011759778014322165	51.68175666007287	0.04798011502141978
1.5042869604216031	0.00011753412863342431	51.204629853456765	0.04923506763696382
1.5045219652107782	0.00011747054594361616	51.78160577623995	0.04842172247014101
1.504756842728329	0.00011740703205683743	51.77451036145504	0.048446997602419425
1.5049915932867963	0.00011734358681422553	51.61031210104763	0.048124107596827795
1.5052262170233555	0.00011728021010455757	51.78892939936834	0.04876742609201989
1.5054607142496297	0.00011721690176970743	51.45785433800956	0.050406802872989015
1.5056950847529236	0.00011715366179326833	51.533844599851264	0.048704820832077056
1.505929328844509	0.00011709049001754196	51.55255059411529	0.048409193738430625
1.5061634468350633	0.00011702738628527104	51.45254502560333	0.04760593222984115
1.5063974385117935	0.00011696435058045883	51.737523542738415	0.04734428663436061
1.5066313041850297	0.00011690138274627173	51.08917010444056	0.04742435530444722
1.5068650439904026	0.00011683848267315456	51.150707578493254	0.047866193829779385
1.507098658237335	0.00011677565020499844	51.578818051787636	0.048470281189793275
1.5073321467129093	0.00011671288532634605	51.39036184221475	0.04831423649309899
1.5075655097262035	0.00011665018788150814	51.623715494572195	0.04892867086970338
1.507798747585707	0.00011658755771522962	51.51629753146776	0.046542854228135734
1.5080318600784097	0.00011652499481245322	51.28094071099327	0.046923359053928575
1.50826484751246	0.00011646249901833944	51.42165810606754	0.045509506017674575
1.5084977100219663	0.0001164000702249694	51.34130512092754	0.0458342356416709
1.5087304479141799	0.00011633770827821659	51.509184331458854	0.04607585383987985
1.5089630609759732	0.0001162754131635502	51.4680917032839	0.04670966240578622
1.5091955495142586	0.00011621318472725508	51.58492978584829	0.046250571489870086
1.5094279136622868	0.00011615102286233324	51.55300159921989	0.046159077589082324
1.5096601537260792	0.00011608892741577566	51.42250451972604	0.04661220230867082
1.509892269492395	0.00011602689837357086	51.673208973448595	0.045485763855178864
1.5101242612669212	0.00011596493558311643	51.47823601731401	0.045861298327933085
1.510356129354765	0.00011590303889223391	51.29165202354971	0.04543097942998186
1.5105878735426008	0.00011584120828729673	51.15405218921172	0.04621277409245559
1.510819494135205	0.00011577944361652935	51.53371497976462	0.046030966595216896
1.5110509912643388	0.00011571774477452319	51.265929171526345	0.0456516639995207
1.5112823652338971	0.00011565611161019777	51.45344635260093	0.046183909870833956
1.5115136158304479	0.00011559454411043328	51.49702097204764	0.04588083448161574
1.511744743357555	0.0001155330421245482	51.57672513938329	0.04589389573245415
1.5119757481182097	0.00011547160550227852	51.79704121063707	0.04627687526371192
1.5122066298989014	0.00011541023423088006	51.693053430411844	0.04580698467911221
1.5124373890022946	0.00011534892816048392	51.60283184571186	0.0460703288463269
1.5126680255586868	0.000115287687187241	51.6891229869984	0.04636000343228328
1.5128985398698698	0.00011522651116196662	51.6846507849614	0.04690290027798861
1.513128931722235	0.00011516540007241088	51.63238615764193	0.04669243907335561
1.5133592014172497	0.00011510435376978026	51.42601731861064	0.04713356951679563
1.5135893492558137	0.00011504337210569256	51.50914738266366	0.047186527855451244
1.5138193750242452	0.00011498245506826446	51.67614168016123	0.04730018529125937
1.514049279023124	0.00011492160250950119	51.136499831653296	0.04836816042610352
1.5142790613813029	0.00011486081432708442	51.800483032175826	0.04853965155520219
1.5145087223984994	0.00011480009037369267	51.51807667067593	0.04962974660330759
1.514738261860939	0.00011473943063792517	51.76354468436122	0.04968589846308235
1.5149676800680192	0.00011467883497284415	51.549555794546706	0.0497486098379869
1.5151969771477805	0.0001146183032769928	51.05639278380613	0.05222995427669784
1.5154261533987652	0.00011455783540410032	51.74823390749896	0.05061897526349402
1.5156552086071085	0.00011449743134324182	51.51722844627387	0.05359743393097715
1.5158841430710381	0.00011443709094852569	50.88872940675073	0.05110724096974682
1.5161129570882206	0.00011437681407446205	51.07518820683413	0.052065446693741815
1.5163416504447271	0.0001143166007104788	51.417383915935176	0.052895821789934044
1.5165702234379126	0.00011425645071146184	51.22284276437147	0.053410181208926835
1.5167986761944063	0.00011419636397744183	52.07831583366067	0.05397056306267429
1.5170270090107159	0.00011413634036396139	51.726477775100044	0.0545527701409059
1.5172552216728297	0.0001140763798609128	51.282839879413416	0.0560888400318304
1.5174833144769446	0.0001140164823242109	51.11495694091097	0.05542513256906432
1.5177112877187038	0.0001139566476101662	51.41309991502457	0.0527118050504626
1.5179391411840353	0.00011389687570901527	51.39932265096637	0.05667767522104686
1.5181668751682764	0.00011383716647743724	50.92527842093372	0.05321851384296157
1.5183944897966664	0.0001137775198169225	50.9502514656492	0.05954822731142224
1.518621985363702	0.00011371793558479678	51.54465663564326	0.05827839545694524
1.5188493616552368	0.00011365841377174968	51.10637668497701	0.057277123670644796
1.519076618965463	0.00011359895423547192	50.98201647542532	0.05769675816193278
1.519303757588024	0.0001135395568340442	51.00740542624985	0.06088943211345169
1.5195307773087174	0.00011348022155849208	50.94165363257023	0.06116575213995889
1.5197576784208857	0.00011342094826725775	50.858964181461374	0.060971992892838625
1.519984461048399	0.00011336173686326484	50.798537646598504	0.06396344674964134
1.5202111254837698	0.000113302587205592	50.856014937007785	0.05937406049784381
1.520437671512726	0.00011324349928570703	50.726947130525204	0.06975879532633808
1.5206640994274796	0.0001131844729630467	50.81167337978768	0.06266296541458186
1.5208904093511297	0.00011312550814134144	51.01444446294938	0.06197558956992056
1.5211166015750643	0.00011306660468065851	51.27403047556658	0.0586468376745829
1.5213426758849455	0.00011300776257290193	51.03116920121492	0.06009040499788104
1.521568632571864	0.00011294898167849306	51.81602047482143	0.062040185486882164
1.521794471926372	0.00011289026185823415	50.93338047525815	0.06401522570516005
1.522020193734083	0.00011283160310435253	51.28931558722105	0.06359587623560302
1.522245798285254	0.00011277300527800136	51.20603099779951	0.06653785165505659
1.5224712857016445	0.0001127144682843041	51.14408334026672	0.060149989607859874
1.5226966562726973	0.00011265599198503493	51.03523928587285	0.06409044121728127
1.5229219097839646	0.00011259757637284678	51.02946627750157	0.058764781709653595
1.523147046524596	0.00011253922130986133	51.32209216143066	0.06204495056007645
1.523372066783207	0.00011248092665857559	51.72445717371738	0.06649476082609569
1.523596970345306	0.00011242269241195808	51.405729540299404	0.06853480344437675
1.52382175749922	0.00011236451843284995	51.1721006778723	0.06471497477385058
1.5240464283653892	0.00011230640462774233	51.201520529253465	0.06253858306529315
1.524270983231332	0.00011224835086008794	51.149035528243374	0.07690974071290696
1.524495421882504	0.00011219035712327058	51.53100131765135	0.06226711925826959
1.524719744606136	0.00011213242328108393	51.28247571790874	0.07418032317579641
1.5249439516889296	0.00011207454919769162	51.10643851545604	0.07180625348366942
1.5251680429163008	0.00011201673486678534	51.351412722659276	0.07319159044400178
1.5253920185746672	0.00011195898015286642	51.845087355570115	0.06410544818040115
1.5256158787831695	0.00011190128496376892	51.879591341788014	0.0697351116778066
1.5258396238274265	0.00011184364916459631	51.915423914860625	0.06635148347208263
1.5260632534928054	0.00011178607274944564	51.71027782486608	0.07473628907529574
1.5262867680646424	0.00011172855558375488	51.45410512170173	0.07660294182893199
1.526510167661345	0.00011167109757611422	50.98580842321869	0.07493186404191225
1.526733452567456	0.00011161369859255834	50.56543917829911	0.0680825170703282
1.526956622568298	0.00011155635862758404	50.67081473507649	0.06931641101859885
1.5271796779481333	0.00011149907754755668	50.867923124526115	0.07452887005199649
1.5274026189907033	0.00011144185521920324	51.101893529242865	0.07341456013812064
1.5276254454812983	0.00011138469163731689	51.211399424834816	0.0826436975824115
1.5278481577033818	0.00011132758666895236	51.48161426552427	0.06997564607917267
1.5280707557740905	0.00011127054022400583	51.27254586476804	0.07947904756871543
1.5282932399761033	0.00011121355217011973	50.530869376945745	0.07795979219370194
1.5285156100946693	0.00011115662250247748	50.27145917794063	0.08175642478859467
1.528737866412193	0.00011109975108904628	51.11016883413396	0.08750585214405808
1.52896000921056	0.00011104293779814968	51.58938572072192	0.07827625750401639
1.5291820382749925	0.00011098618262526032	50.85692188509897	0.08953767110148576
1.5294039538871047	0.00011092948543902338	50.37801397068775	0.07077403205943475
1.5296257561627802	0.00011087284615061727	50.27365944130447	0.08673498085808098
1.5298474453828563	0.00011081626462926622	50.411322766503936	0.08248624670454932
1.5300690213325194	0.00011075974087082336	50.50125305963336	0.08933132209244549
1.5302904842923362	0.00011070327474483162	50.66389602173448	0.07712568344494924
1.5305118345423603	0.00011064686612118506	50.68423901655415	0.07376850410296569
1.5307330718677548	0.00011059051499601916	50.67408563137446	0.07562569304694201
1.530954196548306	0.0001105342212395437	51.06567289892199	0.07363083532818102
1.5311752086986634	0.00011047798476419659	51.4584354817622	0.07363484850903114
1.5313961085978431	0.00011042180544075773	51.14050934584558	0.08393818092427427
1.5316168960309797	0.0001103656832657342	50.77812641061897	0.08447954387770028
1.531837571276823	0.00011030961811021867	50.50790560774114	0.09095303844472005
1.5320581344493256	0.00011025360988735827	50.48032960584757	0.1112956075284963
1.5322785858264742	0.00011019765846881076	50.59272975769738	0.10049411139099734
1.5324989251933754	0.0001101417638514496	50.83717494511706	0.0757922996793917
1.5327191528277526	0.00011008592590724173	50.82458366742283	0.08743800567296686
1.532939269006824	0.00011003014450849754	50.89222554229923	0.08461919568004346
1.5331592735156783	0.00010997441965236222	50.829729440163234	0.10598042632512059
1.5333791666312735	0.0001099187512114526	50.6483847035148	0.17733426802305596
1.5335989484663537	0.0001098631391001411	51.08204950070256	0.0854859399963387
1.533818619297119	0.00010980758319160135	51.085240539366545	0.094799409645778
1.5340381789086381	0.00010975208348333616	50.947489418828035	0.13083231893741434
1.534257627576851	0.00010969663984882288	51.17191019583001	0.09045496269376402
1.5344769655771995	0.00010964125216187735	50.99054068629844	0.12075031962964096
1.5346961926947364	0.00010958592042026751	51.01360830905801	0.10962632205762093
1.534915309204648	0.00010953064449811009	51.04259065807665	0.10653564281851918
1.5351343152184862	0.00010947542431098071	51.09818619418611	0.09704438208499333
1.5353532110106873	0.00010942025973354468	51.0255938514769	0.1185256703306438
1.535571996366289	0.00010936515076391881	51.17090628212428	0.11352107618072733
1.5357906715594705	0.00010931009727706644	51.36461226895468	0.10406204805423801
1.5360092368639169	0.00010925509914828462	51.501987861200355	0.09757345031219267
1.5362276920646556	0.00010920015637594899	51.506523334542344	0.10248615380461099
1.5364460374351183	0.00010914526883565189	51.29766701785522	0.1082755694365182
1.5366642730856859	0.00010909043644415122	51.229123082010794	0.08705072391200788
1.5368823992890492	0.00010903565907757973	50.95402872713251	0.10245491018410202
1.5371004158302228	0.00010898093673465358	51.09523120781605	0.08082615875741019
1.5373183229816472	0.00010892626929179806	51.0145580288068	0.10401322316975316
1.5375361208530391	0.00010887165666643689	51.081004130054296	0.10583224833556787
1.5377538097161032	0.00010881709873553094	51.18292288251537	0.09664255073069457
1.5379713893558442	0.00010876259549813229	50.61634731077163	0.1993396146099477
1.5381888600437175	0.00010870814683149113	50.82112490429226	0.08121635948455139
1.5385148621911653	0.00021725315186413082	50.17264224513033	0.09813263930388355
1.5388406196476543	0.00010854512739733958	49.96399822167526	0.09584711037967909
1.5390576556169366	0.00010849089619623957	50.070288893663225	0.12399426076973712
1.539274583339599	0.00010843671911760382	50.47661462871031	0.11397437158476734
1.5395997716524565	0.00021671110987626132	50.98934370924137	0.08911481638929807
1.5399247168163521	0.00010827451212927944	51.515150608154165	0.11337876712094098
1.540141211825283	0.00010822055093290972	51.86870601199756	0.11158160106949552
1.5404657521186398	0.00021627941982245164	52.32284628928551	0.09482559422386648
1.5408980957569787	0.00021606421906098774	52.92930528252119	0.10537501343248055
1.5412220711481766	0.00010795154969130694	52.90547788867567	0.11387197289562957
1.541545805200802	0.00021574221974010317	52.04532138507138	0.12806882494575023
1.5418692979530249	0.00010779078987845527	51.66701980242032	0.10364032407691774
1.5420848259987288	0.00010773730963513576	51.10007388621014	0.13292860762300343
1.542300247297485	0.00010768388239400237	51.181462552016235	0.09601048929971961
1.542838333158444	0.0004302021836889258	50.832284321074134	0.09876236478826515
1.5434831574769434	0.00021478195471153096	50.99689328990204	0.09329407702490533
1.5439125091542578	0.00021456972216507702	50.96001611858553	0.09371805513905408
1.5443414366259196	0.00021435790871021098	50.85807623167673	0.11596750840584685
1.5447699410482907	0.00021414651294945208	51.01356011119046	0.09881595761897453
1.5451980230161177	0.0002139355337662616	50.80882029582877	0.15893612757673792
1.5455188078290067	0.00010688878599108824	51.16240064080771	0.11399193854531092
1.5458393557945158	0.00021361984333095966	51.04304496002533	0.12245780224135008
1.5462663855391157	0.00021340990008372377	51.17541169112783	0.1016429474954167
1.5467995828382994	0.0003197220759915748	50.895938142566614	0.10905132363736138
1.5472256698179592	0.00010646951666664964	50.94066656401653	0.11436763378427252
1.5475449609812377	0.00021278253913909587	50.70442568444601	0.10461238171583123
1.5480765917732564	0.00031878333906704517	50.50641799395087	0.0834299474427979
1.5485014284348393	0.00010615721682900818	50.408460574858104	0.11365704505480594
1.5488197833070738	0.0002121588558882769	50.38220950952284	0.09926444808557561
1.5493498568747033	0.0003178500983841984	50.43341483339951	0.11465798834911024
1.5499850922433722	0.00031738552413822463	50.82958279955047	0.09357965754009884
1.5504080668646985	0.0001056921872428392	51.176078187861776	0.11261868166823776
1.5507250278258873	0.0002112301561989008	51.05797454601463	0.11236671342497895
1.5511472827090842	0.00021102488161557596	50.89334252810894	0.13871068631199898
1.5515691275990537	0.00021082000554250677	50.961206715081985	0.10691218510439397
1.551990563055969	0.00021061552693449597	50.60229022757016	0.19240389741213781
1.552411589952142	0.00021041144459804837	50.835558024833425	0.10285775388540301
1.5530423659755483	0.00042021212317270207	50.55134398683252	0.1190545905765456
1.5536722271786394	0.00020980156373209355	50.750782864859936	0.10915257547767661
1.55430117625014	0.000418995894347115	50.64419074379641	0.10224438049305791
1.554929215711191	0.00020919520814653245	50.75393866157306	0.10672765218759152
1.5555563483834551	0.00041778668551697566	50.43126403527348	0.15552236997250715
1.5563911189526543	0.000416984416362797	50.56998176479033	0.11411663737153191
1.5570161455853986	0.0002081923668033484	50.75444646277766	0.10540433754546803
1.5573283220004874	0.00010402138462318078	50.87445325110561	0.10850659002274782
1.5577442082594517	0.0003117654600622827	50.68287807136732	0.10275222905681557
1.5586784989676947	0.000622190969944932	50.59547356391269	0.09674750018309967
1.5596107840652846	0.0003104283832226772	50.83037051003459	0.11322864833640672
1.5605410721188913	0.0006195282727726089	50.74971678833241	0.13648299689793644
1.5614693716914843	0.00030910272615753315	51.16605630980635	0.1115198727108723
1.5626012721080478	0.0002055321077094869	51.47407996788287	0.10721505799777678
1.563012141822197	0.0002053377534442959	51.22268023987306	0.2145266460077513
1.563422623348136	0.00020514376632831428	51.62034300676991	0.10670484395601022
1.563935180127699	0.0003073526959817649	51.637490821118014	0.10831753024020942
1.5645494509235849	0.00030691828030955003	51.54322805314325	0.10625537136500386
1.5656733624100134	0.0008163334207865597	51.114740574477445	0.10054714946959252
1.5668961395220962	0.0004070191136004115	50.952742572648205	0.11058850162448929
1.567810968326606	0.0005077033024449179	50.713574645330844	0.1091517070831011
1.5697359683024517	0.0014152821189896388	50.03675420080634	0.11274763998806488
1.5718537196884912	0.0007041987870370276	50.180273663981055	0.10908879261863103
1.5732598385086638	0.0007019224838169812	50.277963570798484	0.11632960630432287
1.5746614193935675	0.0006996608493900157	50.388536192991474	0.1247958518771346
1.5757594970613407	0.0003987965996349933	50.683048697605734	0.11133043065424325
1.576954242008392	0.0007954020341909211	50.586524136645934	0.12668381269609694
1.5781457091878621	0.00039661143771327475	50.931630451675495	0.11221322655648615
1.5791361076108172	0.0005935620076687567	50.96304363337865	0.10424596449900915
1.580913153035848	0.001182276467660583	50.79450785426715	0.09820943759456491
1.5826829567465237	0.0005887341741851722	50.79937496318141	0.10590772438900144
1.584445577549593	0.001172699178303041	50.377262948522905	0.15389669680568718
1.5860063684774608	0.0003894974109537881	50.680498410961135	0.11055087938888541
1.5869790219956796	0.0005829390927717142	50.4653811630864	0.13344454289898408
1.5878525515338175	0.0002908838807029012	50.647887808145626	0.111887616553793
1.58843393000669	0.0002904947427103077	50.40911102045478	0.17908265864134273
1.589014531195978	0.0002901066445191407	50.66931433826423	0.09833179183571752
1.589690919723198	0.0003862068958245876	50.20906268345701	0.21136254812294555
1.590462647423282	0.00038552122764559996	50.52693578817065	0.10133270994942756
1.5918098799480707	0.0009608178713304959	50.259875322822644	0.10802674071297415
1.5932487206143113	0.0004788199490184121	50.32579045561681	0.1136646066188061
1.594682810104444	0.0009544828780887744	50.16827408220078	0.10714875282835287
1.595921868649016	0.0002855290750172382	50.35101995479155	0.11341814982717899
1.5970624857791158	0.0008543404634769622	50.10590646240488	0.11159772346831713
1.598767814183133	0.0008509923335310751	50.23814927712675	0.11433020926745693
1.6001838238001074	0.0005654814708230675	50.49300301441068	0.10329186391882719
1.6012193043943366	0.0004701123412309549	50.66830267234853	0.09526144399371951
1.601783073202507	0.00009390049445392978	50.99148523090939	0.10992059980111178
1.6021585127748992	0.00028145806285466467	50.597304083170485	0.16052270168125524
1.6027210644225574	0.0002810937197635788	50.81188551003575	0.11186578043174408
1.603282888280187	0.00028073031875601044	50.74274874019681	0.11949941845145673
1.6040308579948417	0.00046707873861568516	50.68802254371539	0.09357036702936454
1.6046842764620064	0.00018655060917369815	50.73844130522137	0.1029997835708782
1.6053367132485643	0.0004656764155933903	50.45914634121717	0.10901973974186249
1.6058951657905547	0.00009301559886842053	50.811960193874555	0.09274852226597544
1.6071026882627912	0.00037102934137042297	50.54749393915672	0.11010293165833501
1.6076588759294972	0.00018527723978529817	50.83334907656999	0.10700527050947711
1.6083993533206784	0.0005548848269527235	50.663283502480816	0.12995951658968347
1.6095077074647668	0.0005534705221103951	50.97832922977321	0.11014736454279452
1.6108891842158088	0.0008275691211159345	51.17991176845913	0.11408222539090249
1.6125411765074882	0.0008244271495642475	51.243094034264104	0.14662759778693246
1.613821728958118	0.00045666657759287695	51.38189855987363	0.1133897017887866
1.6148252351815635	0.000546735114315075	51.17215452057019	0.13844362114316602
1.6159173311404862	0.0005453619973821523	51.16778693982915	0.11101683159197813
1.6176408861756195	0.0011769375481446354	50.93732592380527	0.09837897266651757
1.6189967723156837	0.00018050289664466748	51.22995941204017	0.09527825199345469
1.62097777913816	0.0017968141907662581	50.449883270832544	0.11614553441496608
1.6245566210569138	0.001782068226369081	50.10319321198362	0.15199141199349042
1.6266898551655917	0.0003546672507939839	50.6129713972419	0.10497208830889683
1.629870187182684	0.0028166361147617942	50.28319941032951	0.08440028662185747
1.632852599072836	0.00017483498835313391	50.717437588909455	0.11224875934857734
1.634597439189744	0.0015672057567404712	50.0968589325344	0.14723536713457913
1.6377205939202597	0.0015559758909382973	50.24403521746306	0.10672203987394464
1.643218011465031	0.003926365929795343	49.94314865028525	0.12122897604175759
1.6510005927706228	0.0038566319184424316	50.07857643944536	0.10360960286030721
1.6586461614575454	0.0037893316962394332	50.04140394295759	0.14082166281261824
1.6661594584093444	0.003724340035806665	50.255089841383	0.11485895834102997
1.677506791885521	0.007572083483755009	50.20134264162415	0.1320819530532085
1.6881035715829216	0.0030789835746542456	50.673258640723425	0.10681269568637079
1.6942182894236815	0.0030359362950971307	50.54509340143331	0.15409044817854928
1.700248108095818	0.0029940761071248216	50.73603194530899	0.11301531888506905
1.7095784990521963	0.006300440354959201	50.68703738111349	0.10388934684764932
1.4316417215315291	0.0061304725083914996	51.03877435213649	0.060497886714595855
1.442684340899383	0.00583772834644154	50.943330682462644	0.06540748328245
1.455857815216058	0.006415572085662154	51.022190528371084	0.06076811377057794
1.4682349624572342	0.0061842298015599645	51.03984007366915	0.06090534340676661
1.4798030558344697	0.005819608232805207	51.06655775431826	0.06114882560109813
1.4905921245744802	0.004630606462121479	51.17668827620051	0.06076814813524695
1.498608358454503	0.0033610621602992233	51.29903185401123	0.06053137133538849
1.5052262171477857	0.00329557390299385	51.27872498537728	0.06087090433742034
1.511357535199284	0.002997865762265836	51.29847964783699	0.06076813351268171
1.5178878845843737	0.003602413835752594	51.19146933225999	0.06100913948703087
1.5263146993839107	0.004644815960982608	51.02403547856418	0.06076815476247474
1.534641396296038	0.004208630327714443	50.81727623769276	0.0683259081033631
1.5439393295432666	0.004623691962065596	50.7051438758665	0.06818905980462582
1.5543011762863523	0.005376241068893138	50.63399201826953	0.06818906905718172
1.5660966290846552	0.0064478489226751515	50.548389066811225	0.06818906888533328
1.5739411713685194	0.0015142764362038065	50.537638731797045	0.06744004665946889
1.5768100514836318	0.0014769553099123552	50.32750423393635	0.06814681493750858
1.5795019834121493	0.0013368609656310626	50.374792250469014	0.06741392687826905
1.5824572166938213	0.0018235705004471098	50.23295518319614	0.06772434243730802
1.5861962069960691	0.0016059746641424596	50.28716373103509	0.06786413512284858
1.5891160567064122	0.0015082019362193022	50.31548682596457	0.06772434451359947
1.5926641671090038	0.001987381873821723	50.198856160962286	0.06814681291731746
1.5958695185127814	0.001194607287207849	50.47389584678772	0.06694561599024043
1.5982995160523066	0.0013346597055068222	50.42925038121169	0.06800496502694635
1.601524770014024	0.001815706653133795	50.28536518108629	0.06800496433530794
1.605103812646024	0.0016586973163849506	50.2911198814703	0.06772434362156725
1.6080662947785473	0.0013581970019776919	50.353733612587824	0.06758554919160159
1.6107282382185655	0.0012579113888181153	50.39732107115547	0.06758555498783461
1.6132642381227074	0.0012391560723505328	50.40784868897446	0.06800496448526087
1.6157036785086096	0.0015641403540289237	50.300260604284915	0.0684336760842005
1.6196506028940283	0.002119971300141929	50.1611116430592	0.0681468168224912
1.6238967548006085	0.0020725734010465153	50.15977965279944	0.06786412741886877
1.627429592727687	0.0016729507801996287	50.234115667354814	0.06772434278910207
1.6314998943673127	0.0022339078315400675	50.09097927000523	0.06772433214851949
1.636209536075654	0.0022488484087687857	50.07460814311182	0.06758556795547753
1.6402889888143728	0.0018604579742583182	50.14394361103408	0.06758556168408938
1.6443219645794371	0.0025030891527064504	50.02624905241339	0.06772434055903381
1.6490385073523137	0.001928625600788191	50.15570087585887	0.06758555472711125
1.652983064943084	0.0023597744849030875	50.03909682756352	0.06800496579517908
1.6578835070665174	0.002599429235378967	49.95785342597183	0.06786413760779045
1.6637237233849198	0.0029799454518909677	49.88405796249397	0.06814682133158903
1.6684326331225343	0.0016430413246590143	49.87157105656152	0.06775527919715915
1.6709663041855183	0.001050954611658019	50.02454315746245	0.06792648446183813
1.673533042680875	0.0015920177492375295	49.843552307658584	0.06758557608559478
1.6772069601360597	0.0019732585846846825	49.744024611231	0.06727859617696987
1.6805016128848689	0.0012925081304444605	49.901691913924275	0.0675855631188292
1.683483703280306	0.0016921018892394287	49.79708666171017	0.0677552899397301
1.6865613447578676	0.0013363976728997886	49.94927066982083	0.06758557247922094
1.688845741888881	0.0009739870407353037	50.11405997302445	0.06777944368635679
1.6907396324270472	0.0010443449506693304	50.07702144074027	0.06792648175218856
1.693025046716136	0.0010807226410974049	50.06373417385827	0.06758555519119451
1.6952871406327705	0.001400669075113126	49.930263935269004	0.06758555771491305
1.698323900363621	0.0013683539177756358	49.903126270825624	0.0677552792247951
1.700779231731954	0.0012391539274328256	49.92840218758397	0.0675855693292113
1.7030943610046745	0.000944409424364114	50.041242684534424	0.06758555039197194
1.7049901903279416	0.0009273389397499431	50.047722046418706	0.06758556069517437
1.7071172969634139	0.0012948784079276025	49.91206319098191	0.06758553769608056
1.7097066867968043	0.001435490546949937	49.87100674812597	0.06758554016675745
1.7125973222974975	0.0012095262106143936	49.93250605247535	0.06758555196778973
1.7148215105374967	0.0010622030686294646	49.98315862269091	0.06727859578575533
1.7167894494237543	0.0009024834313603485	49.97705646835257	0.06717112745819957
1.7185799122601397	0.0009005643811978801	49.90157619580641	0.06640188608482044
1.720413045853464	0.0009164215226577386	49.89753278426308	0.06727858404672256
1.7220996977255771	0.0009128693557120364	49.96697717554526	0.065105860644257
1.7239747669662717	0.0008929902775004239	49.91647482239949	0.06640188370040291
1.7256406093570844	0.0009160469003307689	49.87229364940177	0.06685190750043696
1.7276340333689413	0.0009540184138124251	49.827822801506265	0.06794241947134795
1.7294959068877065	0.0008904567624924678	49.85458308881417	0.06758555289965007
1.7315588187181532	0.0012362049863341865	49.71219231349274	0.06762656454700071
1.7339237919345434	0.001063250364397061	49.76854910695963	0.06812332328523141
1.7360209774094029	0.0009685148837720529	49.81075928972355	0.06776319437765607
1.7377649339918129	0.0009182899029263846	49.66087750310532	0.077097866268405
1.7399427629528887	0.0010827730954197172	49.762689633971355	0.06758555097369513
1.742055342958133	0.0011064113101153543	49.7552248839193	0.06758554635276896
1.7442253449621863	0.0011313363305476937	49.68125286819233	0.07074341819541966
1.7465830712784276	0.0011992160147360252	49.53660058224609	0.07744371632503762
1.7489280668978273	0.0010338353292100057	49.597855322345154	0.0770978314098878
1.7509608609855618	0.0010340027652779586	49.767311752525586	0.06758554093756547
1.753136631346355	0.0010967618087417798	49.563445714862844	0.07744368424458187
1.7550773015154089	0.001006105433709757	49.59818481432323	0.07744371490713173
1.7570947155241636	0.0009095069251842892	49.64379397306796	0.07709784210314274
1.7591126061246911	0.0011356987806101515	49.54256406558903	0.07744370738381887
1.7616381021719436	0.0012509604633604066	49.5041906909925	0.07709785200678403
1.7636900211162512	0.0009572439862342976	49.62417120073582	0.07709785560572846
1.7657033210830886	0.00098178744695251	49.617146753522846	0.07709784196781294
1.7679667899567397	0.0012200542508231623	49.52247980106593	0.0774437076976095
1.7706515599547454	0.0013525655658228387	49.46999986860987	0.07709785225913907
1.7729401072148077	0.0010367932326168865	49.57766578959353	0.07709786230032889
1.774901620815202	0.0012511513320677113	49.481739513790565	0.07814909678571053
1.7774437415741293	0.0011905861105172325	49.506613417846914	0.07709783752067217
1.7799336878035465	0.0012055861050889703	49.49797875264493	0.0770978514403956
1.782988286574948	0.001719916891187065	49.3399343682525	0.07709785202668404
1.7860154071396728	0.0013838860924861535	49.4369405343012	0.07709784692916088
1.7889727600978536	0.0015880673993848842	49.38294371221916	0.07709784918219545
1.7920191943564794	0.00165270947628605	49.363364975257355	0.07709785775878444
1.795753877207093	0.0022498258228528635	49.22235632556662	0.07744369923136775
1.8003938611503976	0.0021174441503535534	49.24558879021353	0.07709784897570321
1.8042666951833952	0.0018571173714944575	49.299152420201615	0.07709785255993266
1.8091142888372638	0.0027511142733576215	49.12526980153254	0.07709784567353047
1.8143805642567152	0.0029855785220855146	49.084002315328654	0.0774436816634163
1.82061183608253	0.0026168299121864776	49.12694279318231	0.07709784368476079
1.8260467896660495	0.002865825882982601	49.07651213565771	0.07744368240926505
1.8323488021042535	0.0035575955849068614	48.97648083426553	0.07709784211423144
1.8382557215225994	0.002742803567787458	49.08136139417725	0.07744367631855692
1.8434083067457367	0.002147907335924754	49.18701312505095	0.07709785200307631
1.849002970566959	0.0030955933959685537	49.02489222291038	0.07709785888441367
1.8553625955055473	0.0034211158043013635	48.97713788539912	0.07709784649226073
1.8622313957303878	0.0031663923074347756	49.015617103990984	0.07650465406575081
1.867228555061472	0.002731411835869508	49.061847669711035	0.07779408653132407
1.8733160793513697	0.002501186878722431	49.09838556489454	0.07709783719325898
1.8792996282797845	0.00360813437593371	48.930181919772565	0.07744369189549098
1.8875448473734793	0.004615006503812039	48.814207048747065	0.07744369212610687
1.8966710032740342	0.00468927754933255	48.79681064818844	0.07744368124124176
1.9062828791109248	0.004810201582806037	48.77697469138219	0.07709785799255674
1.9143170958430893	0.003949316292680175	48.67674711406257	0.09033576856170276
1.9242725831072975	0.0047300881202079715	48.76837534607365	0.07744369516720599
1.9322601589231165	0.003944123317197341	48.66311111819195	0.09033577746581983
1.9406804598621405	0.004689185033504596	48.66735074091976	0.08324377645555382
1.9500053338285495	0.004647484564243625	48.569515763272356	0.08966471578736081
1.959490769848004	0.004629491161128538	48.57227654936413	0.0885265598935919
1.9679983394910108	0.004676057062946364	48.63814969782776	0.08276668075593872
1.9780909101112127	0.005118380443127462	48.67322575975512	0.07744369539221398
1.9879079435147278	0.004683632268865886	48.533779398860965	0.09033577282897406
1.9965763719693885	0.0036045706139681347	48.65416940208176	0.08966474910409104
2.0035569687261097	0.0038365598693655975	48.61618189938678	0.09033575169271132
2.01203656398829	0.003915720540230578	48.587601531959024	0.09033576869426238
2.0212786619135015	0.005837473973899151	48.40050528680848	0.0896647349120069
2.030849425439907	0.003327548639695855	48.64231439908207	0.09101960779530739
2.038300316346975	0.003743503164695823	48.60237806656545	0.08966474511959252
2.0449085296203444	0.0036886657260974376	48.60052259312275	0.08966471917666989
2.053869969272233	0.004754776793691098	48.46383318965443	0.0903357691522173
2.061490274366986	0.00308376515117577	48.639605939621006	0.09033574752040205
2.069670335013085	0.004607279910349774	48.45100394816782	0.0903357420995959
2.0777933171692293	0.0036762067497825785	48.532800796998224	0.09101962593105999
2.085031726093148	0.0042673954851141695	48.47276555866094	0.09033575281060735
2.093866443607836	0.0035161780373429373	48.55476280530307	0.08966472947481714
2.101206857455459	0.004226598153026245	48.46325702911508	0.08966475778858934
2.109561338800426	0.003648044481131579	48.53721134617348	0.0885265891500655
2.1163333097387484	0.003728000602558163	48.510194973095444	0.08966472104158728
2.124419957346081	0.004347665947370829	48.42845701148709	0.08966475692480952
2.1322342217079777	0.004205082343262618	48.42856572019549	0.08966473175630454
2.1404539896387345	0.003209450550381961	48.53650991943195	0.09101959992747381
2.1472673739534294	0.0036247920804397503	48.49371486049469	0.08966475171728043
2.1546385632918934	0.003525008712095098	48.49923962847733	0.09033578355906263
2.1610274537393996	0.003483247268111219	48.469036431690455	0.09388997750069357
2.167046580766004	0.0027288246172784674	48.66158953757547	0.08361770918925744
2.1735639858809748	0.0032733867715014748	48.517995899878144	0.08966475773440528
2.1789980764597052	0.002748589125547079	48.59508355518109	0.09171657758984979
2.1845356151401116	0.002425393225723061	48.64228081523582	0.09033575118886253
2.19098385478647	0.003570870307540329	48.46070661010768	0.08966472732362743
2.197344901226419	0.003580309177878383	48.448192054526686	0.08966475706392169
2.204370933849571	0.003029301725013099	48.515889445064786	0.08966474940322453
2.2101309136695964	0.0026457950988618456	48.579263691740564	0.08966472582112164
2.2157835259251693	0.0028713694191327436	48.552793425344824	0.08966475114646089
2.2213916929592825	0.002945565425031853	48.544299401769436	0.09033578304534957
2.2273944564789794	0.002791172810659162	48.5570565723812	0.08966474043488717
2.232546979735261	0.002789566235886402	48.5379618251026	0.09101963413341811
2.239935074851192	0.004167236085485119	48.35706170728203	0.0896647340521838
2.2463894055136038	0.0022343305833213926	48.61480882914522	0.08966473621817254
2.2508520868721593	0.0023642232262561153	48.57341674624728	0.09033575671611685
2.255551851815837	0.002415884709475055	48.55396394646483	0.08966474654135254
2.2607102716397662	0.002547477637536857	48.52462620628669	0.08966470926562414
2.2661743514945787	0.003055561867535311	48.43930211378561	0.09033577327310298
2.271432931527504	0.002055387232742292	48.62255449460147	0.08966473019945069
2.2769312500718843	0.0031499366799608423	48.42829935098033	0.09101964279910216
2.2827241164922567	0.003130223154322533	48.42121213387915	0.09033576222868725
2.2874097442264043	0.0018184727621269195	48.64459594675881	0.09033576855326099
2.2914970228398186	0.002212949627502036	48.54837304955834	0.09033575476548102
2.296121712098091	0.0019631558106920606	48.60285004889503	0.08966474037670337
2.3001206669536005	0.002275233199442476	48.54708248747265	0.08966475007098934
2.3050409340301607	0.0026270923167877086	48.49498830575214	0.08966472092634206
2.3095004271639548	0.0020858172408881256	48.58144904139102	0.0896647361975555
2.3139218813796303	0.002265556307983713	48.52815984580751	0.09033577003041113
2.318295167732334	0.0022158019765314827	48.55622537576899	0.08966475175663124
2.3234330567655634	0.0024276999152564294	48.53918073304992	0.08966470305990189
2.328210392987182	0.002554958606418997	48.51271909181497	0.08966475755518624
2.3327656876762797	0.002283625643718355	48.53548738370877	0.09101963238799299
2.3370776908390924	0.0016124549276098007	48.67446326780018	0.09033577911326343
2.3407713625158317	0.002350243332485733	48.498695759213426	0.09033575429423368
2.3450855463187175	0.001944617343721841	48.5765480813758	0.08966473938897716
2.3494353693879786	0.002308858068788489	48.51200994084454	0.08966470835999228
2.353132397062165	0.0015680844859152655	48.68074862568936	0.0896647482212586
2.356628169083911	0.00210869457399028	48.69041275821324	0.0783519313730127
2.3611464510821696	0.002054186065881934	48.520954808258836	0.0903357392888052
2.3653941341110842	0.0021624423415902917	48.50101490992221	0.08966473963105082
2.3689727661932247	0.0016997073258848599	48.61233969272727	0.08966471759760243
2.372936655319899	0.0021442959532938163	48.51259923763732	0.08966472635021702
2.3768095249324688	0.0018320654399586749	48.564654826049974	0.0896647188070299
2.3807473663184915	0.0016569775582555197	48.59176714031226	0.08966472541549957
2.383722290910015	0.0016708765530796619	48.67566246287966	0.08276666708898027
2.3880654147129237	0.0025113271661528986	48.40261468073118	0.09033576120114471
2.3923602121882963	0.0019463273183708584	48.51219666309295	0.09033575391779852
2.397005101054642	0.0022874987392540523	48.4394670709775	0.09033576132126907
2.401342445071217	0.0021031308972709576	48.47532245566363	0.0896647518496024
2.821403679918424	0.0024869105202890746	48.28104180142949	0.09033576281414257
2.825698156377607	0.0012392104573504892	48.29126170805105	0.08966474059701451
2.829242876413181	0.0021393104505716518	48.27789253247224	0.09033575450458571
2.832140017563712	0.001057294902813345	48.358686777637274	0.08966472717776502
2.8340625051874726	0.000817623491173699	48.48013888632683	0.08966472691177302
2.835962555666499	0.0009510989543995774	48.406512124788165	0.08966473418626987
2.8377703527668574	0.0010918039789945368	48.33516499278132	0.08966472655185041
2.83986464535847	0.0007724448810468434	48.47256046927665	0.09033575553021012
2.841390298850449	0.0009299569268726507	48.388745375471345	0.09171659891036507
2.8438086342250735	0.001317540835397308	48.24809251194159	0.09101961059284176
2.8466631594547342	0.0014778827113180646	48.184515818175704	0.09033575720348562
2.849007222004891	0.0008358020349566021	48.41090828076059	0.09101956814070185
2.85043202981935	0.0008908003087427362	48.39213339412767	0.08966472406988835
2.8525010809091675	0.0009831702023121015	48.36523938359507	0.08966473512716819
2.854442515832183	0.0009424413042395175	48.389500383681124	0.09033576823891926
2.8566098439379033	0.001333450721200442	48.22364351804269	0.09033575982113261
2.8588238238122585	0.0011752215029870669	48.26332666749893	0.09033575321365342
2.861322410938281	0.0010434698638675489	48.31591575259962	0.08966472542324035
2.8635133277019484	0.0010222859870796638	48.325837065202535	0.0903357566815657
2.8654177729101837	0.001023441857496935	48.33298064477373	0.09033576371797955
2.868029149728037	0.0015037060972127815	48.14562389795831	0.09171659403440477
2.4373263604149784	0.029224957877488536	48.60867849339249	0.1038374482599086
2.5025858528102827	0.03846089762758288	48.397735373738264	0.10609233892315421
2.5668223610886365	0.023603486426604883	48.5659430754172	0.10595552365068289
2.6091944224587476	0.01967369035974493	48.60201154327898	0.10586449989730307
2.6517172508740394	0.028331941522476072	48.40480475849052	0.10611514967389979
2.715653465891055	0.025359018552418497	48.381513377605614	0.10609235450839524
2.7525341543681945	0.016223086658289757	48.540525196912355	0.10590998363212917
2.7922200180151977	0.03075783065261142	48.353159188447215	0.09849948752718089
3.3339612430815384	0.00765856048802174	47.85732864375868	0.1061924097434023
3.3490960223207304	0.006857472744910444	48.0031077551774	0.10001795373760136
3.3605988132546445	0.004780781638785127	47.872061774447936	0.10606583833526924
3.367789063449483	0.0030264217745303583	47.90176354652766	0.10378063565696577
3.3760240494794287	0.005147281122960272	47.670257605464144	0.10372233807334662
3.383591253943048	0.0027237531829171955	47.93987595342556	0.10378060881699637
3.3887401838134883	0.002883887619395927	47.9022730987545	0.10587670863653288
3.3956114843899865	0.004068690320194206	47.746097749494936	0.10606578525326225
3.40334256628116	0.003160368234836253	47.85691521969504	0.10612905898842437
3.409107051755945	0.0022014053024538706	48.02094153129988	0.1060658203948428
3.4129599933065284	0.002272902159591403	48.001805986863076	0.10581383604085204
3.4181668133402656	0.0026051350265096263	47.96691811837551	0.10177889088666
3.4229012535640857	0.0021325823298244248	47.99201405570247	0.10600268779042923
3.4276096694003275	0.002988619218564009	47.85385163321516	0.10575106790936163
3.433589304392898	0.0027743426654652805	47.87923486224439	0.10581383820800294
3.44012821115356	0.003416087937699587	47.780743154338516	0.10593965228780576
3.4461989271641276	0.0030318423075935286	47.85004476732963	0.10194169101027854
3.454785390605152	0.004458699433537108	47.66889527737058	0.10383896874829948
3.4624495101193435	0.0038128430303774954	47.73542908182524	0.10600272545518305
3.4694405055437105	0.003991445693073233	47.721563017926414	0.10600266633237126
3.4758621544048003	0.0022024033059996496	47.991521879224265	0.10606579196191586
3.4813487157680827	0.002873786387135014	47.87912807833314	0.10612903384858242
3.487210996558437	0.0031417605283685264	47.834821283240146	0.10600268228373663
3.4932241546200045	0.0025695442418453324	47.920010965860996	0.10600269261692145
3.5006814263343538	0.007372842612536885	47.96349561053677	0.08584633857618
3.665457419974941	0.00188253696426403	47.60459855226068	0.1036060878383307
3.6696655785534276	0.0016937390828119592	47.6762770406376	0.10368033646822676
3.672628232716553	0.0014134894271139458	47.736985629469906	0.10360606521496254
3.6746838588342285	0.0008460022034647023	47.82899933924403	0.10375476952272066
3.676961614805747	0.0014356263118582191	47.56045520633968	0.10599224939880406
3.6799032788126125	0.0012292421846235425	47.64322848028387	0.10375474984772222
3.6823589647471815	0.001222311139874508	47.63466578543981	0.10583133748210077
3.684232561167554	0.0009249559200897664	47.74550313418179	0.1059922522360464
3.6862090263399567	0.0013569066733715189	47.56648342374146	0.10599226467398935
3.689039881153011	0.0010592319786041121	47.673368305711406	0.10591168352118183
3.691081339225769	0.0011980071095271678	47.63080915111612	0.10607293078298828
3.69363249013744	0.0012862574232760703	47.548644755215	0.10575106286862206
3.6958518864707006	0.000995318772973424	47.64780166757599	0.10591172175830774
3.697815507540546	0.000943651750382453	47.68745122805878	0.10382926280742953
3.6999134660783772	0.0009860725382764733	47.68989914333098	0.10390398279969151
3.7019370342255815	0.0011684326936451427	47.63329090562498	0.1057510838102841
3.703993667086123	0.0010233623257338764	47.69407160803697	0.10575110295846796
3.7059024660002144	0.0006946727786024255	47.8894059840288	0.09976578057527881
3.7084220019803604	0.0016575961248499194	47.4165596148908	0.10615382443949924
3.7109781259356174	0.0009612673780788332	47.669922575071524	0.10405377930067448
3.713013490864485	0.001047881950814934	47.62748948428279	0.10375476934850776
3.7153426724636143	0.0014501293170210078	47.46086596598029	0.10591169023986247
3.717918085417357	0.0011262184795268998	47.563990710112094	0.10583130275774241
3.7202812254991677	0.0011201069942473054	47.57455846249117	0.10599226874179897
3.722553190752774	0.0014262518291506864	47.50278880919288	0.1038293223187328
3.7256026597060883	0.001239224978917017	47.5439423646242	0.10591168306872145
3.72792003928099	0.0014967877322660521	47.442728757536834	0.10607296027188612
3.730925036489503	0.0012678620860060307	47.5081628888381	0.10591168691511522
3.7341043337966786	0.0017360300944878075	47.391027690331676	0.10615378839767876
3.7366193209319247	0.0010355897399528288	47.61346389496484	0.10599225996149489
3.7388915776343827	0.0012448168942854464	47.54139569444273	0.10591169862062583
3.7412164479404026	0.0009393050210721228	47.659015880091744	0.10599226871947914
3.7436982520371815	0.0012311155005564952	47.55291025695852	0.10583131617922657
3.7458367973013003	0.0012673066655840691	47.50278573178148	0.10591168338879078
3.74812910449314	0.001008521526758634	47.60111606923171	0.1059116821406823
3.7501746740241915	0.0010874198790254929	47.570405736239124	0.10591169219855334
3.752017421168601	0.0008329325539628451	47.70961568022138	0.10360608265480423
3.755389510782975	0.0027998416937125787	47.53638097834626	0.08487059567533692
3.854002863546506	0.002566567329219406	47.46365739357401	0.10615472388351675
3.858855800921247	0.0019489083651968175	47.533028154433005	0.10583150719239641
3.862995528623858	0.0019442489003952386	47.43803184089027	0.10599279356846396
3.8654648742673965	0.0007376680549355376	47.36685894640658	0.10376870016706545
3.8668098765606356	0.0006394786380099419	47.415986490966304	0.1036060522290715
3.8687444896896572	0.0013050873675678272	47.338219737218665	0.10390466898748381
3.871676677603749	0.0012330791796213503	47.455993784179796	0.09976583359606957
3.8738229051079074	0.0011011584714039025	47.44468042985842	0.10575108952045864
3.8756940138356883	0.000971110953953799	47.4822756905256	0.10583149259226594
3.8783868972518656	0.001525483466209064	47.306281417037646	0.10203354806166348
3.8809585271877918	0.0010212996880776884	47.47563264079554	0.10375511620221399
3.8823159968677787	0.0006478975433961569	47.664651312252964	0.10575108241195735
3.8842917583505523	0.0011056278414755556	47.421637956365615	0.10607366822272808
3.8866349476922704	0.0011607766024680714	47.3829290399633	0.10583146849341207
3.888992729780691	0.001245636558312201	47.36445052189268	0.10631726015403106
3.8912566882547184	0.0009973671002035858	47.44895670240226	0.10591943109922486
3.8927892856321744	0.0007830376718716304	47.359856085857956	0.10592674904956471
3.8946467967910756	0.0010495931403655373	47.43744084969866	0.10368730189226061
3.896988077423395	0.0011930908248061088	47.37047433268173	0.10591206616400031
3.8994061059096286	0.001334767409560943	47.30957211159714	0.1060736778844235
3.9017168536915	0.0009146312022278965	47.4636366612674	0.1059120826080961
3.9033109958352954	0.0006761061010916042	47.33349314081284	0.103768673501476
3.905042473770532	0.0008198162660333974	47.26679957185596	0.10161675944482967
3.9063575117492526	0.000642193018752482	47.3510822510837	0.10368724072621482
3.9079639255875316	0.001017908647254368	47.16105112388843	0.1036872943244127
3.909648611885375	0.0008401453196204071	47.23800082425255	0.10610313108608783
3.9113205499999966	0.0006060291747409111	47.442001920484834	0.10011867422164646
3.912524469550548	0.0006619251951320005	47.34071188869221	0.10575107843195726
3.9180898557788435	0.037409702577738325	47.25096617412207	0.08483219993043062
4.174823537895645	0.0007393922574524454	47.049394879897235	0.10617091941427943
4.1762544360377705	0.0006585575994688963	47.08589943172962	0.10617092343969102
4.177666373413413	0.0007345680977380888	47.03140836673179	0.10583470649829498
4.179293367039632	0.0007006777601588097	47.08412099988165	0.1016886765342857
4.180776223022764	0.0009620858907818376	46.895397649347956	0.10591852928326961
4.182558743582304	0.0007881539775221827	46.99008709151134	0.10591851226576164
4.1842014167402874	0.0007697847683674206	47.02755211307506	0.10583470928641579
4.185457561491399	0.0006447489450852341	47.11866626394171	0.10600248626615447
4.186638039289614	0.0005970698781673286	47.12415635549995	0.10583472164420579
4.188004461849519	0.0007325542813850439	47.008249891264114	0.10600249179290182
4.189605503427374	0.0007906782006582702	46.971141641501674	0.1058347275636767
4.191061310435515	0.0006516416547223966	47.05951926808699	0.1060866106668446
4.192457842311233	0.0006646534221316201	47.05479249667745	0.1062553953237173
4.193625406475893	0.0007230560307974581	47.0243265802408	0.1060865915580119
4.242999684938267	0.0009412350500475561	46.9244119456739	0.10597144837246529
4.244744414927063	0.0008169296699986711	46.975124572778654	0.10589788149898141
4.246257922474915	0.0005338255184838109	47.13007765333549	0.10611902849255915
4.24732553764131	0.0006123984379700524	47.05934560116813	0.10589787167093885
4.2488511298485845	0.0008092411424477914	46.94849732201363	0.10604519877276591
4.250224590575164	0.0007405670920937331	47.0071331724031	0.10381008903011466
4.252087098655387	0.0008559035980671395	46.918878632590484	0.10394665932565386
4.253586999142281	0.0006692414262141366	47.01703063251476	0.10394665986063142
4.2551412647804865	0.0007976101264109577	46.93374367129444	0.10582442043363713
4.257298961010772	0.0017303675043254454	46.87647241498477	0.08205722072592174
4.30398434993453	0.0011100415928970689	46.92683850262149	0.10654864595483043
4.30640348769334	0.0010573977991496506	46.97112873121706	0.10589494134514732
4.3090200232698015	0.001524594395435383	46.805620203359055	0.10632962151533476
4.312838137325897	0.002232486545618842	46.89009913876717	0.08387113942618718
4.357194488644851	0.0007752959238694845	46.90408469528302	0.10618249517507045
4.359248832259873	0.0010802896194402488	46.76323065266493	0.10618253456942234
4.361309905421508	0.00096253942436622	46.7223275462516	0.11667121810710468
4.363424648202539	0.0014673335602571917	46.71440258787719	0.09874158091552711
4.403876411412344	0.0010397789908549828	46.692097547764156	0.10853969000692747
4.405885127965704	0.0012660040735445288	46.50552832064153	0.12082967323916813
4.408319106815228	0.0009005300741752833	46.80536586563035	0.10420575338457977
4.473182548452304	0.001361267772762896	46.54093945105853	0.09679662095866233
4.50846273632231	0.0011601947265231886	46.38603502862878	0.12010805709823943
4.540304415642266	0.000596731092880124	46.62599077141392	0.11991610260848723
4.541522418103556	0.0006897272629727247	46.56488054910132	0.12013848680578695
4.5432470157759735	0.0008284186456672287	46.50709398081476	0.11696841966154832
4.57053692092172	0.0006578042543547733	46.59771896107342	0.11981005260903861
4.572333989263526	0.0013101633350935738	46.5000189843171	0.0983142080413043
4.599258427205148	0.0008643616436761472	46.3931438871884	0.12065735664970102
4.600894015348204	0.0009731607089779081	46.46178674947774	0.10620882975970683
4.733006992322726	0.011259826308394725	46.147277006767794	0.09907720790140255
4.823834394025948	0.009221514278769062	45.98662625420637	0.0978611431515104
4.847786589761513	0.0017704617217308043	45.99583477608922	0.1156189673547972
4.871193328090146	0.008878424456958876	45.8813443920172	0.09401775583166054
4.8915203756899635	0.0016068992517788894	45.91194206206084	0.11507905227805276
4.9052742632548885	0.0014865753093763862	46.03808566586541	0.1100723820875869
4.918850388867957	0.00150889253439198	45.89592434613308	0.11805677393265822
4.942710870570419	0.01992941088755419	45.94586094700161	0.0929601495017764
5.0160267361615345	0.012237256766562987	45.98026198729	0.11882729350344322
5.042487029484775	0.010578215459841733	45.92262487361997	0.11685201051689859
5.066863051040535	0.005657192625747984	45.73901832346981	0.11197221559538233
5.086284656277942	0.005456666954276553	45.618790080489305	0.11751406092986506
5.10865133831185	0.009129572461373334	45.53172721404849	0.1197635359500396
5.141879254888649	0.016485958879737042	45.46318572540781	0.1100857456431308
5.174729627360655	0.011524237630433731	45.449452016162596	0.11579450890462714
5.224203499311004	0.03924020508322777	45.414371955405315	0.0909322683209862
5.398031700065485	0.01971752331402428	45.29684343693305	0.12349321732231441
5.440682088886466	0.021805914262770044	45.25050190570674	0.12556364501422598
5.490401761598636	0.022998594078858334	45.03210072913192	0.1299007544618106
5.5344992007746825	0.01604180773815996	45.08204260971384	0.12431801248450614
5.553362237626828	0.006396017810005848	45.224558556012965	0.1235489769264675
5.580005422198071	0.017447510293386054	44.893318369164064	0.1318523981487477
5.638152343681079	0.03377583877182287	44.65526580350883	0.13522054031063632
5.709362586105423	0.030800537438140752	44.57293037143736	0.1356625836508879
5.761117045748179	0.023592049990161446	44.621991069118536	0.1398491117640455
5.811488686784998	0.029429923114474402	44.67820914721851	0.13763582252721918
5.87733057654546	0.04329315329817955	44.49849469972139	0.14316099412847566
5.957203502507914	0.02329812163090086	44.37521201015385	0.18472140161437003