-0.31329659647714125	0.08680102843969983	50.70367138738471	0.12334163168889059
-0.21993091606627657	0.014001971395054168	51.04648888685358	0.11878042130113886
-0.1550225232551692	0.04823261235109269	50.80648892686963	0.10503881043717497
-0.08810444392677946	0.02067248614880342	50.8527380843418	0.11879327376763335
0.012886378814412014	0.02457497846458686	50.72130349309096	0.12230664797122232
0.10812755179058475	0.065785581548083	50.43618840881813	0.12575652381996164
0.18435670991353537	0.014718728430663765	50.73861047567371	0.12382690662368032
0.2616788087659705	0.05851157697415743	50.477843373753764	0.10908452936144898
0.36650763568608224	0.04717305325148304	50.23816474469453	0.16879772380423064
0.42312910141871396	0.011678863944025052	50.69690799578451	0.11764073259682807
0.4478907475280062	0.013037358866308945	50.65269882037666	0.1204784618266172
0.6956098211880678	0.18141666225512562	49.92887713774323	0.13404993813230492
0.8784421671332127	0.03014254146731582	51.15090281828389	0.12374565524295222
0.9086273713611824	0.0010414319534355842	52.13331637791019	0.11427805827146076
0.9110506062472924	0.0013808496696614033	51.85143711465503	0.18536844935323002
0.9127732471302795	0.0003438458350505823	52.39259344145108	0.11646709769599287
0.9151735230355124	0.0006839013923788161	52.32439483240385	0.10886969641532446
0.916539176366327	0.0006817542195777035	52.300660820546305	0.12316599594478582
0.9179005488130388	0.0006796204870817582	52.258557159783386	0.11838257481565292
0.9189187849849877	0.0003390144660375068	52.13329975793394	0.11691298152649758
0.9195962850501361	0.0003384860152440405	52.08868683422095	0.09853474532333562
0.9202727303637185	0.0003379592089773502	51.85229258363666	0.10212563890361935
0.9209481231999125	0.0003374340403541164	51.69051764140321	0.10126657359259836
0.9216224673299763	0.0003369105013604953	51.61894226077088	0.09487148821382115
0.9222957660055838	0.0003363885844229832	51.259654428185726	0.1340066913632416
0.9229680229637979	0.0003358682816278718	51.2224022385059	0.1145401367259774
0.9236392404244477	0.0003353495862703146	51.322775313203465	0.09449144417421032
0.9243094220954505	0.00033483249052803477	51.303682719913425	0.09422649084109538
0.9249785711686372	0.00033431698701279753	51.22019441393416	0.1117317737093392
0.9256466913185192	0.00033380306799948183	51.291435530058884	0.10117432495831889
0.9263137847119837	0.00033329072695615546	51.363786146497645	0.10246685063625298
0.9269798549951122	0.0003327799562463393	51.46078534695579	0.10973034245204309
0.9279770494331633	0.0006640334568439158	51.5522006789436	0.10799834774268455
0.9289719589388304	0.00033125699387538606	51.86359855176502	0.10431220865247645
0.9296339679710798	0.0003307524328536253	51.924552492919084	0.09018074839204498
0.9302949699095037	0.0003302494061853535	51.70457124265559	0.10795385689382637
0.9309549668315901	0.00032974790762847593	51.673117796702286	0.10233375150622233
0.9316139622787113	0.0003292479298583847	51.510409047685535	0.12467647124854668
0.9322719597754042	0.00032874946559708387	51.44143437663445	0.12193772080876551
0.932928961362062	0.000328252508721934	51.15003913877816	0.20640737526713115
0.9335849705365024	0.0003277570520370289	51.43727716787103	0.11241196071792024
0.9342399902923121	0.0003272630887595523	51.322854258916244	0.1367115726901402
0.9348940240964861	0.0003267706117811397	51.3785043828112	0.11795007454161867
0.9358732309847829	0.000652069339427924	51.17722793202719	0.11638704898558441
0.937175415695234	0.0006501171087604334	51.1320971660382	0.1161395127204044
0.938473707132904	0.0006481765334891902	51.21001553368219	0.11776217302539506
0.939444885518668	0.0003233643435253629	51.411407616956176	0.11800374618904891
0.9404138964990983	0.0006452872950847353	51.19682995964572	0.14714537969910255
0.9417025572779426	0.0006433754035828988	51.42310960922983	0.11115146780567785
0.9433080247046918	0.0009615021181659062	51.21885935280199	0.16378744307633586
0.945226783967723	0.0009572634697256633	51.51127805329982	0.11170490294254147
0.9474546746378244	0.0012698204939762682	51.5798842487119	0.10540679049216937
0.9490390567100989	0.0003162991017612228	51.78526821343938	0.11158974777270876
0.9506176795664641	0.0012606058757461717	51.45227842225713	0.10290132415378671
0.9531316013777472	0.0012533299136628156	51.321344451379844	0.1055002590942603
0.9550075388052649	0.0006239639118577171	51.261755953916186	0.12407428604727853
0.9581162058855398	0.0024780541736080454	50.942997944447626	0.10752967649752411
0.9624312924781308	0.0018401658773300657	50.818161365198485	0.12033381684829664
0.9648779422955557	0.0006099427432254567	51.149072845529574	0.10968791794306389
0.9660961176941617	0.0006082342799940316	51.11233002997373	0.11497821176284954
0.9679169980346068	0.0012113789106407216	50.765428503404515	0.1690108389569563
0.9697302755517841	0.0006031658370955405	51.15619000522094	0.10968533162878735
0.9718362417269178	0.0015006201643224602	50.92310004800929	0.12057192750108081
0.9763149292657926	0.00297044890228151	50.795243672563686	0.1254559428792002
0.9795701926428829	0.0002948267076398365	51.33377490587319	0.1243668650242433
0.9819224246387713	0.0020526392574168107	50.94913851730677	0.11815091123958296
0.9862988125919959	0.002322352765147276	50.90937962790406	0.12208799118452433
0.990918856637007	0.0022977784162389863	50.95126499311139	0.11593788264987696
1.0022584122823868	0.008954236923065764	50.697800643702	0.10794471498277702
1.0124902668290425	0.0013665223930046317	51.05706157048615	0.11792073958474429
1.0222194321381037	0.008284747506377211	50.696688029986625	0.11129405892165058
1.062028815845081	0.030480228080631624	50.407084354452266	0.1173135984136628
1.241113056395919	0.006457790477101039	51.229295191243814	0.11189571083723471
1.2494280737602597	0.0019005976484418904	51.080215847420085	0.12396240081295079
1.2519548392070443	0.0006298573003737327	51.21600641995204	0.12236683756286613
1.253212730340786	0.0006280356202559581	51.191069715985336	0.11690836077652401
1.2554053109949241	0.0015621822694134157	50.922283997962666	0.11281890094649966
1.2585184906030498	0.001551024023971239	50.72955398192886	0.12223616393323306
1.2611472594502544	0.0010791648613958965	50.70213532756469	0.11995374157455646
1.2626861936716858	0.0004608632480961738	50.790850023600505	0.12149469087536088
1.265442607349058	0.00015264915618721839	50.928803462710945	0.11705292301621656
1.2671185102933022	0.0015206123206614945	50.40942995508754	0.1191097850774864
1.2703001136080099	0.0016604644688098039	50.337152520344006	0.1369703188088653
1.2724083068197891	0.0004506609866683037	50.69336744458769	0.1223559830599208
1.2734585781274301	0.0005994299364746708	50.63476935977653	0.12718401853184386
1.2743567935190185	0.00029909573311084263	50.830061966326966	0.11962932161518883
1.2748052056738644	0.00014939353700183655	50.956970285060414	0.12347422962540741
1.275253155095077	0.0002984790514491212	50.68530606621298	0.15712316708950647
1.2758497032867906	0.0002980693411905602	50.864715838560414	0.11867965858248655
1.2765942381061093	0.0004463381735345858	50.68177215774208	0.13961280459504474
1.277485998238347	0.00044542262374034595	50.80917803539487	0.12111498728289122
1.2782277355719907	0.00029644168651801273	51.0738353823761	0.11455331017496344
1.2789682081686888	0.00044390502560289494	51.13487015630115	0.10839549808869528
1.2795596785383174	0.00014776695934014207	51.45981581808998	0.11271656897341874
1.2801503445467692	0.00044269837259842384	51.28445895225676	0.11755733436042133
1.2807402082325354	0.00014736583426651874	51.50215863669055	0.12028674297684724
1.2810348398758	0.00014726589306271744	51.36077527336449	0.14399748822379074
1.281329271991503	0.0001471660872498577	51.43173579651641	0.1194107260621267
1.2816235044115638	0.0001470664167014231	51.29178121376241	0.14056779625550261
1.2819175376255303	0.00014696688106850982	51.32502311927378	0.12158405974451054
1.2825050077315643	0.0004403046401432288	51.052436922128315	0.10419307195003742
1.2830916840218123	0.00014657008215444007	51.22100265301035	0.10132382359154457
1.2835311719481841	0.0002928436687184241	50.890276826248154	0.11846184150794245
1.2839702153626842	0.00014627388622380543	51.088379608787605	0.10872937937560834
1.284262664803737	0.00014617542004879326	51.156039476186876	0.10890291886167949
1.2847009697217806	0.0002920559384190095	51.07931558253319	0.11004043321134784
1.2852846891317458	0.00029166366034194676	51.16603858178192	0.12397253401952563
1.2858676250386516	0.000291272434636423	51.24817921443423	0.14211732327228527
1.286449779651373	0.0002908822570007064	51.585883055458154	0.10155769752144211
1.2868858839117499	0.00014529515459746673	51.758627765677815	0.11369929800749398
1.28732155079796	0.0002902989467637964	51.6897498271602	0.11788596604087226
1.287756781078492	0.00014500408401031488	51.852021840524536	0.10598988479187905
1.2883364103934971	0.0004344320520139269	51.567216932894866	0.10440644808564388
1.2889152672114843	0.00014461779918455847	51.740066476281015	0.10494455345091608
1.289348904064096	0.00028894694487718273	51.414055304087086	0.13111455656232415
1.2900706712873764	0.0004327007009519712	51.39278352803484	0.10068992990085288
1.2906472227774484	0.00014404221547660933	51.41090791271611	0.12448806514899555
1.2909352116417687	0.00014394673002863603	51.46450771221487	0.11050687983321072
1.291510617233076	0.0004312684150975391	51.122872163573035	0.10759303773690387
1.2923722986317392	0.0004304135860134936	50.836434725731145	0.14237082439145535
1.2930890627982263	0.0002864692085253136	50.911990162794595	0.11606834514798109
1.293661623719633	0.00028609178489212225	50.83502700900267	0.12223021051315569
1.2943762648022852	0.0004284321025689748	50.65140691970046	0.11472659186656527
1.2949471322696193	0.00014262310366547058	50.82357453958317	0.11560342774098918
1.295659662914515	0.000569557196582507	50.348998789442106	0.12475788466396225
1.2965131595271693	0.00028421948713229414	50.73648430666298	0.10883643931569631
1.2972231275719608	0.0004256328533030177	50.72906625484133	0.11838169443292297
1.2982151371229227	0.0005662156507369357	50.82468795502929	0.12603764478733032
1.298922330596798	0.00014132359766371678	51.28843943545464	0.12265392562589125
1.299487257354269	0.00042341965374136575	51.07748842880955	0.1397876763300007
1.3003332721327827	0.0004225956262287135	51.31689702808387	0.12166662595370782
1.3015992121316886	0.0008427311624998358	51.42016040480674	0.12088537329865116
1.3027214025711946	0.00028018546917619444	51.553254562972	0.12462410858968846
1.3032814122839138	0.0002798244112513628	51.40152339451357	0.15302355656348357
1.3037009463188198	0.00013977711390277624	51.63435488736512	0.12002143351539704
1.304259695069872	0.00041879219093390174	51.453977150253664	0.10278705295508443
1.3048177260848068	0.00013941814153125645	51.588630230925375	0.12146019937151643
1.3050964728354142	0.00013932868636536264	51.44535956415925	0.1867356973921911
1.305375040790484	0.00013923934592048625	51.71455538504804	0.1170849294741117
1.3066263904653996	0.001110709820668615	51.5607212755037	0.10288173788500495
1.3082892676094477	0.0005532325686909062	51.899265349900986	0.11604158478016285
1.3104965790161929	0.0005504278852715172	52.15301759463091	0.12093224607847425
1.3115960418831314	0.0005490361806577364	51.804347063941236	0.21726234626908922
1.3126927284206191	0.0005476514958164387	52.04411055692665	0.12269487559964594
1.313923199511791	0.0006826275629562346	51.77536181741653	0.17226012721164344
1.3150140324982926	0.0004085490806223722	52.00662176807874	0.12443523484962354
1.315966268987565	0.0005435390333054692	51.9715437364631	0.11262098705105092
1.3175938325567995	0.001083011753146162	51.494730717896246	0.18003663783529775
1.3192153194288885	0.0005394878735687389	51.81336846587849	0.11673191724479812
1.3204274739218929	0.0006724802679635633	51.476907504530075	0.18080091850765312
1.3217703561927414	0.0006704041027673908	51.650179452491564	0.12051657914742837
1.3232427464227463	0.0008017620932511834	51.28563574871339	0.18837448650477848
1.3249764326341862	0.0009316625160151607	51.4546175232239	0.11533417614921161
1.3263053438558083	0.0003980640214540851	51.61104942419864	0.11373221377231928
1.327233168055117	0.0005296193434275072	51.21390268066018	0.19855996746967924
1.3284231797477468	0.0006602126477479883	51.4037630287054	0.12008465941636225
1.3294782373255027	0.000395166420173908	51.50698176837625	0.11373142178915709
1.3302678519412021	0.0003944485991857453	51.440180486177404	0.12285651303652406
1.3327588687819132	0.0020916938966222213	50.94437708175233	0.13721382491464565
1.3358851303861576	0.0010383454684811497	51.08190674405899	0.12030553303158309
1.337698444116867	0.0007755143200439233	51.104313557929366	0.11960583577398917
1.3397615740633317	0.0012863982519000338	50.82367741237202	0.14423755721191017
1.3423267797823488	0.001278822402061754	50.89057952588797	0.12061746273134154
1.3448769228097928	0.0012713352609989206	50.89393323635542	0.11904113037677243
1.3474121789511777	0.001263935279853153	50.680833695317446	0.17069703866878563
1.3493039555767616	0.0006292207905880065	51.03075820175578	0.12064752764844747
1.3520637397750401	0.0021257989925806183	50.750713447719875	0.1238154241780909
1.3550545458445975	0.000869321677691739	51.14686812675521	0.09679493815744888
1.3562946617337115	0.00037150409760091063	51.286907075386715	0.12137327331035093
1.3570370350370555	0.0003708695992335545	51.36134549377595	0.12067665893250462
1.3577781415705137	0.0003702372644604013	51.34399451014048	0.14163313707677658
1.3582715109299803	0.00012327230150398411	51.736987834814464	0.1154370470919583
1.3588874354364249	0.0004923903933905969	51.438910375633625	0.12874864085687612
1.3595024876642214	0.0001229233896738322	51.820832761657115	0.11967484450425354
1.3601166701719936	0.0004909986934410563	51.50540356520801	0.13498860348155794
1.3610975589945769	0.0004898909850163897	51.59261775440996	0.12064193179562993
1.3623205628253374	0.0007327700372654169	51.36860304379699	0.16150357188599404
1.363174620793974	0.00012188840513705796	51.95389720210674	0.11219907323273824
1.3635401322604608	0.0002435717288418959	51.69706216932888	0.13641318458653862
1.3640270026996086	0.00024329882317014782	51.785994410870266	0.11626951306801431
1.3645133279386288	0.000243026528358719	51.61541368103822	0.1664172573928606
1.3651204696649581	0.00036403052361354683	51.70305446041087	0.11895000450143843
1.3656055726267704	0.0001212080439534357	51.98029626840388	0.11477932549069078
1.3659690447214268	0.00024221328859480644	51.770401083404096	0.1279866546950942
1.366574156123829	0.0003628140642839405	51.81004303684405	0.10441341166656283
1.3670576390076743	0.0001208034608224663	51.86964309694699	0.12346379472076255
1.3672991786984179	0.00012073629276218658	51.70615785121828	0.1390930699312401
1.36754058412774	0.00012066919935276901	51.77675658911495	0.11415794837548938
1.3679024410374785	0.00024113739777424339	51.54294691813673	0.11084456536444547
1.368263996517224	0.00012046836573745601	51.56474349769687	0.11562558520485022
1.3685048665694666	0.0001204015696407423	51.46968341054358	0.12653952847053068
1.3687456029241827	0.00012033484762553023	51.522438086660465	0.10246129101116866
1.369106457433534	0.0002404698062863111	51.25285345088998	0.11317713648194325
1.3695871310239704	0.0002402038034980134	51.1033675710372	0.1207963527494644
1.370067273107527	0.00023993838860254126	50.962334098290654	0.13813130688546796
1.3705468849475255	0.0002396735596038185	50.97130732020922	0.11685613034272818
1.3710259677138201	0.00023940931456395583	50.77667230287308	0.13961090744110397
1.3715045225723959	0.0002391456515536006	50.88121485898331	0.10192966940284899
1.3718630930874003	0.00011947414251782042	50.990691085988956	0.1078911555797083
1.3723407268125163	0.0003580284540133952	50.87878447463546	0.09829394493344662
1.3728178359944114	0.00011921178182595243	51.05215446300854	0.11898049026838207
1.3734134861592109	0.00047619356298409486	50.929271627824164	0.10333150334108257
1.3743648305625573	0.0004751515781656298	50.848015122756145	0.1467271833209124
1.3750769736748554	0.0002371865386318065	51.2938088160798	0.11237515361690571
1.3755510879431405	0.00023692774611401267	51.25964313230271	0.12775633626412433
1.3759063341555757	0.00011836701105048598	51.49301535285856	0.11469045795209598
1.3762612901957896	0.00023654061453007178	51.335492478994055	0.12070893110272968
1.3766159561853897	0.00011817376140913035	51.470531849849706	0.12306097459103368
1.376852239370875	0.00011810948502629112	51.534298765591245	0.11146473574979997
1.3770883942494265	0.00011804527847929979	51.5727210083133	0.10351556344914128
1.3773244206087982	0.00011798114174992329	51.44943854622873	0.13038478667532566
1.3775603187644125	0.0001179170746766374	51.644496296097806	0.09751172843219712
1.3777960890310839	0.00011785307709837179	51.51648670870267	0.11781071670347347
1.378031731196458	0.00011778914899732243	51.594672165896284	0.1102293552974301
1.378267245574993	0.00011772529021285871	51.662361315588484	0.10696359904526209
1.3786202779330625	0.00023525926346921585	51.51095608033794	0.11188012548164507
1.3789730235487752	0.00011753412858602594	51.69997097349441	0.11322437488769108
1.3793254828000543	0.00023487756082549	51.51046213075378	0.10421533432474031
1.3796776564136843	0.00011734358676698071	51.49260251207111	0.11168767207068338
1.3799122801501493	0.00011728021005736365	51.40832174566849	0.11214808597973429
1.3803811478213373	0.00035146098528562094	51.07188415896364	0.0976386828385045
1.3808495097870956	0.00011702738628527104	51.01472952784591	0.11846552412780278
1.3810835014638259	0.00011696435058045883	50.9217631547006	0.11911309530109497
1.3814342529389125	0.00023373984839910637	50.69920076959343	0.10923637175649797
1.3819014812053512	0.00023348851861253227	50.87754129644137	0.11759167825936555
1.382251572852058	0.00011665018783482001	51.13560083881408	0.11994528874581623
1.3824848105377394	0.00011658755771522962	51.31068784525396	0.11631517376012172
1.3827179230304418	0.00011652499481245322	51.26538498650344	0.14821386085903185
1.3829509106380349	0.00011646249897180144	51.506573202818124	0.1194856777716759
1.3831837731474486	0.00011640007017848116	51.69990538449426	0.10751166015790928
1.383416510866212	0.00011633770827821659	51.85821157267162	0.09885817406929036
1.3836491241012694	0.0001162754131171616	51.67446492426488	0.12368789071127907
1.3838816126394615	0.00011621318468091613	51.520456983396265	0.11114510142982789
1.3843462167357736	0.000348266782201087	50.99333593407444	0.09649979323165764
1.3848103243917547	0.00011596493553697524	50.90934279290399	0.11165475105760532
1.3851580798583627	0.0002317442306827943	51.105806970178584	0.10466663158711796
1.3855055572597617	0.00011577944357053565	51.444171392450244	0.11416756225983833
1.3857370543888043	0.00011571774472857837	51.56932854497251	0.13184571390925326
1.3859684281859295	0.00011565611161019777	51.79106300206506	0.12311818017964404
1.3863152580937297	0.0002311275697779412	51.67456052555637	0.1292954108235384
1.3867772673034024	0.00023088182341990938	51.69505539635259	0.11739899771198496
1.3874693610891344	0.00046102836409073867	51.53318539571083	0.10675122412630346
1.3881603536197242	0.00023014770967187987	51.61267082805279	0.11108548698029803
1.389194785399407	0.0008036006325254114	51.176098022519966	0.11955343895721711
1.3901122163507975	0.00011455783540410032	51.47708074826709	0.11864207942179528
1.39091338182864	0.0006860801967038345	50.92268096893009	0.11838168049810369
1.3922833790934686	0.0006839193425560354	50.713450996007055	0.10980467943543908
1.3930805529182404	0.00011377751977250545	50.89591808513937	0.1221912255227352
1.3936490682542524	0.00045451470476759725	50.44305889023021	0.12894686556827195
1.3942168402607495	0.00011348022155849208	50.713487076317705	0.10898219158985602
1.3945571476584884	0.00022678266958259905	50.309594978693745	0.15827780541953657
1.395010476306651	0.0002265460710359198	50.4835560405108	0.10336255464798738
1.3959157164767801	0.0006782230556832999	50.47343804283022	0.10123403050582792
1.396706256686115	0.00011283160310435253	50.971645882930005	0.12404588264802684
1.397044619747728	0.0002254874582787592	50.782923275325395	0.1549842603459581
1.3974953606681764	0.00022525355316528118	51.077388140918764	0.1228192510602434
1.3979456342634302	0.00022502013282295038	51.09284836683078	0.1441160607267335
1.3983954415015267	0.00022478719574628523	51.36965952118307	0.11306365724267169
1.3987324914847714	0.00011230640458446643	51.55281272089792	0.12209940160381512
1.398957046183364	0.00011224835086008794	51.50530843424066	0.11775189320556137
1.3991814850017126	0.00011219035708008423	51.34662303259911	0.14177879170471677
1.3994058077252585	0.00011213242323794216	51.32451512086489	0.1239898076283687
1.399742074708227	0.0002240912691486943	50.893668114756096	0.18383691237798863
1.4001900262215337	0.00022386025016096333	51.04763999561139	0.10417408637395545
1.4005256867794587	0.00011184364916459631	50.98827680532001	0.12101208819237505
1.400972831183163	0.00033518566662277	50.78131764190137	0.0932146153733986
1.4014195155194882	0.00011161369859255834	50.73093603818511	0.10951432469793447
1.401754227696704	0.00022305542137988983	50.14582031770516	0.19165300197022125
1.4020886819427356	0.00011144185521920324	50.55018960169085	0.11453972622153638
1.4023115084333306	0.00011138469163731689	50.67379114400888	0.10168628659279509
1.402534220821305	0.0001113275866264277	50.663728040652444	0.10644118139983896
1.4028680751570315	0.00022248407775449548	50.48743260403542	0.11676903961444718
1.4033128155889072	0.00022225635895440558	50.57445147950456	0.1124759733464
1.4037571008835985	0.00022202910591562975	50.59635816478125	0.11657981386398024
1.4042009323020492	0.00022180231704187236	50.55226138812792	0.13747036692281078
1.4045335083348887	0.00011081626462926622	50.81375222977415	0.12176008460166544
1.404865830045991	0.00022146300113442193	50.714329014622635	0.12036893478634758
1.4053085302448678	0.0002212373667640722	50.49422611290211	0.2014311024882396
1.4056402596650468	0.00011053422119762296	50.958254187080975	0.11845692514327227
1.4061925793792334	0.00044157494879786105	50.80076412919023	0.11285257965344382
1.406744197565649	0.00011025360984564999	51.26432383689058	0.11527952380634438
1.407074832517691	0.00022033940809954478	51.09111881090485	0.14000938725450168
1.4076253319588563	0.0003300904335254926	51.32195926298833	0.1050832382776543
1.4080652297470975	0.00010991875116999739	51.67708865946578	0.10678924349677898
1.4083948608045866	0.00021967070819996172	51.283855767315494	0.1385197939967175
1.408833980219184	0.00021944870924172884	51.34559300313431	0.10879458056312467
1.4092726559209323	0.00021922715861671515	51.175904011069555	0.12170892571014978
1.40982037833365	0.0003284262728095773	50.93334605908202	0.12310760844881664
1.4104767346743872	0.0003279302917082072	50.71657189025758	0.14121995258400707
1.4110229415051414	0.00021834541137310984	50.79895447531168	0.1153539914125651
1.411677484273468	0.00043603316407221914	50.537558355319696	0.11081478070277097
1.4123310419571884	0.00021768874168781615	50.50157408030237	0.12026959879466025
1.4127662014260047	0.00021747072861604645	50.52267668841697	0.1190767891666705
1.4134181240089911	0.00043428905325643466	50.344110889544964	0.12979268825048051
1.4140690695336589	0.0002168193017280382	50.62464438598928	0.11214369005612954
1.4145024917795763	0.00021660302582438937	50.465797251704046	0.15445746896713194
1.415043662025103	0.0003244999304060827	50.6577193120891	0.10410683299409033
1.4154761131831317	0.00010805898953621451	50.914682608909885	0.10644266200807957
1.4159081342610689	0.0003238546489539668	50.76454659673331	0.0977454141726239
1.4163397258457806	0.00010784432324277633	50.86935327444756	0.12002956640282494
1.4165553610656776	0.00010779078983858963	50.813553801888396	0.13650750739734535
1.416770889111302	0.00010773730959530954	50.950444906057456	0.10643231697096897
1.41709398084169	0.0002153143772791032	50.73802278032364	0.10270539594293561
1.417416832387885	0.00010757718676226756	50.84387399958049	0.09970199697059931
1.4177394440266333	0.00021499460743602293	50.625604672993816	0.10454768791981757
1.4180618163542524	0.00010741753918282667	50.74288058388179	0.0969850082852738
1.4183839494057442	0.00021467578594450707	50.33928734144966	0.12992782349292026
1.4187058436957534	0.00010725836478372601	50.642378886531475	0.10526938749642921
1.4189203075782584	0.00010720541139026048	50.458646609108676	0.14497768688061657
1.419134665446523	0.00010715251029650925	50.63607109928084	0.12074965251046893
1.4194560040800988	0.0002141465129101153	50.51389302425947	0.11677271707856922
1.4197771051279329	0.00010699411976492672	50.6429060407191	0.1233043590177618
1.4199910406213552	0.00010694142694044153	50.4799314805508	0.1771904862059399
1.4202048707810389	0.00010688878599108824	50.77702549297315	0.11591677003510384
1.420525418905707	0.00021361984325267286	50.56186862790431	0.12481972801490579
1.420845730452669	0.00010673117358981035	50.8001093892338	0.10388112850893715
1.42105914047149	0.00010667873933780415	50.58997355477971	0.13547289861990033
1.4212724455143713	0.0001066263566186803	50.67234028473443	0.10940767056502529
1.4214856458432674	0.00010657402531753468	50.619320328462166	0.10998452933474283
1.4216987415609377	0.00010652174535869822	50.654036223882756	0.09986962326539606
1.4219117329286433	0.00010646951662775532	50.68240915205018	0.09153808874300291
1.422124619731461	0.00010641733912715998	50.494577405006616	0.11094072051934217
1.4223374022304278	0.0001063652127427546	50.57007587066654	0.09347351395918817
1.4225500806861202	0.00010631313736068081	50.5003691375447	0.09826686717361764
1.42276265488363	0.0001062611129836062	50.70791479180368	0.0856820697990432
1.4229751250833114	0.00010620913949792794	50.72703547325602	0.10086359874195094
1.4231874913868716	0.00010615721682900818	50.95844022933481	0.08621090019768805
1.4233997540539804	0.00010610534486372573	51.12166107277306	0.08235947225672036
1.4236119128697502	0.00010605352360502923	51.1140802758964	0.08076676562715444
1.423823968093631	0.00010600175294005043	50.89231825714148	0.08570592114685095
1.4240359198267356	0.0001059500327947328	50.875904613928626	0.0747847898105041
1.42424776832783	0.00010589836305668573	50.644802483952176	0.09320769630753348
1.4244595133820535	0.00010584674372913495	50.803702189900456	0.09061107428944438
1.4246711552479532	0.0001057951746999405	51.086142335829244	0.07854919695620688
1.4248826941836241	0.00010574365585725535	51.03295003636269	0.07609409471967342
1.4250941299742244	0.00010569218720451074	50.63698160983359	0.08671361913878145
1.4253054628776312	0.00010564076863010806	50.397264839089296	0.08424230499678215
1.425516692993928	0.00010558940006099468	50.5731470861095	0.08747586195432291
1.4257278205803168	0.0001055380813860428	51.191669517751244	0.09578369790903811
1.4259388454219852	0.000105486812608954	51.92236192534012	0.08751833135769588
1.426149767775919	0.00010543559361884671	52.05837277872367	0.08254973977405919
1.4263605878986558	0.00010538442430512826	51.52272596694599	0.092597382119584
1.426571305575406	0.00010533330467170083	51.31827019158185	0.07653234265241039
1.4267819210624921	0.00010528223460821568	50.982205602117276	0.07931223302282285
1.4269924344589828	0.0001052312140426072	50.694949799169855	0.07694298072815825
1.4272028460205326	0.0001051802428649908	50.29735558632727	0.08620634792474552
1.4274131555323835	0.00010512932107953246	50.19438337459242	0.09260164967721352
1.4276233632499786	0.00010507844857658939	50.53596555857987	0.08589672756418772
1.427833469428316	0.00010502762524680402	50.73574349001498	0.09055066082750114
1.4280434738526626	0.00010497685109453794	51.06499954289986	0.08509430191032712
1.428253376777807	0.00010492612601067305	51.22681683082281	0.08990688267170503
1.4284631783018131	0.00010487544992411413	50.97964097080861	0.08117022608540682
1.4286728786788072	0.0001048248227262006	50.602621580462085	0.08394577512039071
1.4288824776940925	0.00010477424442155168	50.28917932110561	0.08386773288669976
1.4290919756015863	0.00010472371490174397	50.71272971043965	0.08113338077465816
1.429301372498787	0.00010467323409622932	51.01961077634071	0.0865501307467114
1.429510668638954	0.00010462280189703825	51.459823511601165	0.08509048171152311
1.429719863807429	0.00010457241830904372	51.50051294606094	0.0939663295044243
1.429928958257264	0.00010452208322451135	51.65423275964438	0.09045434546430141
1.4301379522410715	0.00010447179653598592	51.78468695231009	0.08991138376338384
1.4303468455442223	0.00010442155824852867	51.543426058254404	0.08704808411053663
1.4305556384191251	0.00010437136825491725	51.29746202507503	0.08175499176860825
1.430764330962297	0.00010432122648554846	51.001117754817145	0.0820881901750693
1.430972923425494	0.00010427113283364743	50.9904230839174	0.08629052981338381
1.4311814155941294	0.00010422108730452303	51.10316180464364	0.08069154210776716
1.431389807719754	0.00010417108979163142	51.117862102335806	0.08368475075152534
1.4315981000534856	0.00010412114018870418	51.34257324434439	0.07885906129089477
1.4318062923807688	0.0001040712385012338	51.51395210231041	0.08070941928531189
1.4320143849525198	0.00010402138462318078	51.49457208986739	0.08638481535227494
1.4322223778642869	0.00010397157848587087	51.47547182189357	0.08172606713660728
1.4324302713663397	0.00010392181998370573	51.34247922041538	0.08713226336329292
1.4326380652441686	0.0001038721091224195	51.232814846491124	0.0926632098291919
1.432845759747842	0.00010382244579664062	51.318475023385986	0.08075589341930113
1.4330533551269973	0.00010377282990126946	51.23606035588899	0.08182843106524373
1.4332608511671592	0.00010372326144221932	50.99812363498166	0.09996183553165597
1.4334682481177667	0.00010367374031461528	50.9862214333313	0.09492858749706111
1.4336755460734145	0.00010362426645069688	50.94498883124394	0.09433016392937874
1.4338827452829013	0.00010357483974602424	51.05048643548854	0.0852519808233971
1.4340898455318003	0.0001035254602067465	51.19333515810456	0.08069279179923039
1.434296847068714	0.0001034761277286464	51.18759664855632	0.08844111049032509
1.4345037499876967	0.00010342684224447862	51.28879080519893	0.0872001238940493
1.4347105545367151	0.00010337760365045751	51.375585948922094	0.08783486543983358
1.434917260501392	0.00010332841195296462	51.42827386024478	0.0898028243486601
1.435123868129498	0.00010327926704843478	51.27410854419678	0.08790100995641276
1.4353303776683783	0.00010323016883356917	51.0828510629323	0.09016554376803153
1.4355367889036947	0.00010318111731492171	50.865948121157274	0.0929689898523126
1.4357431020825993	0.00010313211238941207	50.8097794144762	0.08291135228817119
1.4359493172982103	0.0001030831539906851	50.6806939844044	0.0797827434729513
1.4361554347970489	0.00010303424201608614	50.72644873910424	0.08935692474043058
1.4363614543648322	0.0001029853764723958	50.98898242924852	0.07951507127278791
1.4365673762478868	0.0001029365572571762	51.097609383163466	0.08385161902021758
1.43677320069212	0.00010288778426825221	51.35410314079593	0.07684047916609102
1.4369789274832887	0.00010283905751257262	51.43991006805696	0.08680722322860873
1.4371845568671087	0.00010279037688817704	51.70726062224263	0.09271282171364732
1.4373900889357771	0.00010274174232958563	51.74651431182201	0.07953505996141527
1.4375955239343847	0.00010269315373525776	51.16827700711587	0.099083508142758
1.437800861648745	0.00010264461111236339	50.8842852454528	0.08372764290898313
1.4380061023237607	0.00010259611435957486	50.941080303154855	0.08447156351838085
1.438211246203915	0.00010254766337582386	50.98228770467311	0.08688536248653166
1.4384162930750648	0.00010249925816844441	51.11794291606676	0.08123958593835122
1.4386212431815073	0.00010245089863657921	50.87760798062659	0.08607798893999717
1.4388260966145268	0.00010240258471560932	50.67196201465566	0.08399034400332239
1.4390308536178025	0.00010235431630509142	50.50519479000045	0.08475916842652101
1.4392355139772492	0.00010230609341257541	50.94535947592587	0.0887215852647393
1.4394400779363599	0.00010225791593782688	51.51644102971861	0.0814671410933891
1.4396445455859053	0.00010220978381671253	51.94300003669529	0.0831424386114308
1.4398489171687623	0.00010216169694940867	51.60950881799303	0.11778087503133576
1.440053192470908	0.00010211365534367789	51.74154204285269	0.08435653166628256
1.4402573717350347	0.00010206565889990369	51.630267935857766	0.09042559125407228
1.4404614552034212	0.00010201770751872364	51.69074387663214	0.09577309310454346
1.440665442662092	0.0001019698012080581	51.83869512971822	0.0947391828511392
1.440869334353144	0.00010192193986874989	51.99761372079033	0.08975627853925673
1.4410731303664557	0.00010187412343750462	51.756684212050956	0.08342920642504881
1.4412768309435133	0.00010182635181557031	51.433230369373966	0.08086669259502191
1.4414804358704063	0.00010177862501107474	51.04998414353031	0.0844324483526081
1.4416839453884398	0.00010173094292546949	51.033390125739146	0.07930325670333864
1.4418873597385082	0.00010168330546045689	51.0813531133258	0.08333676672336439
1.4420906787067498	0.00010163571262431866	51.23137613456766	0.08173002793237422
1.4422939025338812	0.00010158816431895886	51.126175909401105	0.08190306333828117
1.4424970313088998	0.00010154066048190834	50.98110517489861	0.07742683651543905
1.442700065271917	0.00010149320101547083	50.98349351043516	0.08167614832052164
1.442903004209139	0.00010144578592813036	51.36519502747891	0.07674631120034482
1.4431058483604975	0.00010139841512239068	51.224343877789686	0.08077626644756863
1.4433085979655198	0.00010135108850100316	50.730589965110745	0.08985397793381555
1.4435112528104614	0.00010130380607260191	50.519212052702144	0.07684402313534242
1.4437138131346727	0.00010125656774013649	51.0951810995453	0.08490135441196246
1.4439162790262832	0.00010120937344194965	51.75939870813064	0.0801580463898953
1.4441186507240436	0.0001011622230813851	51.523900355954275	0.07620410140918446
1.4443209280142804	0.0001011151166672745	51.32702418610944	0.07594472312237416
1.4445231111355685	0.00010106805410315788	51.090062325650656	0.080559291428282
1.4447252001755477	0.00010102103532783593	51.20162125972726	0.0742612508709879
1.4449271953721965	0.00010097406024523985	51.24350026412087	0.07870598024652509
1.4451290965119137	0.00010092712886439582	51.560172727255235	0.07542472353818272
1.4453309038325046	0.0001008802410894297	51.91275815045688	0.07776144101612864
1.445532617571374	0.00010083339682471	51.826689176717224	0.075900515660304
1.4457342375149742	0.00010078659607940722	51.330639799903096	0.0768353717767504
1.445935763900538	0.00010073983875808274	51.0484383970577	0.07651198529076561
1.4461371968148518	0.00010069312480032854	50.8000324055061	0.08186198227034151
1.446338536494558	0.00010064645411109191	51.00972690464209	0.07954043671361513
1.4465397827261839	0.00010059982669973306	51.393783427495016	0.0822065689963924
1.4467409357461989	0.00010055324247139066	51.56121854597832	0.08177988441497853
1.4469419957906764	0.00010050670133144282	51.63033091316241	0.07408934905373375
1.4471429626461996	0.00010046020328939051	51.534625896776895	0.07689629451341373
1.4473438365486722	0.00010041374825080153	51.3895670548615	0.07822695441902718
1.4475446175840405	0.00010036733615604631	51.227218717571226	0.07217231430997978
1.447745305987623	0.00010032096691107341	50.89776996398109	0.06902452449421766
1.4479459015460794	0.00010027464052556879	50.447792214574044	0.07072721497059468
1.44814640449456	0.00010022835690566895	51.01557210297352	0.06988681048544443
1.448346815067819	0.00010018211595774697	51.55641329236188	0.06848918176476636
1.4485471330525757	0.00010013591769162608	51.04426122346079	0.07030935059469991
1.448747358683418	0.00010008976201386562	51.05516508854506	0.07460785678176461
1.4489474920454626	0.00010004364886560219	51.74807521768804	0.07167156581358408
1.4491475333727193	0.00009999757815377081	51.948452848406816	0.07116667377723798
1.4493474824519845	0.00009995154988837521	52.53692706423562	0.06935947904283239
1.4495473395171024	0.00009990556397653499	51.03511663319383	0.06869282067215556
1.4497471046527197	0.00009985962035981882	50.87181224781269	0.06837104908305655
1.4499467780921038	0.00009981371894571907	50.95994069784065	0.07018383494674507
1.4501463596221336	0.00009976785974441736	51.41484544267666	0.06834925243615597
1.4503458494759092	0.00009972204266358898	50.81510607778188	0.06896631180146343
1.450545247886144	0.00009967626761114113	51.58200161478365	0.06752211239879058
1.450744554639778	0.00009963053459738737	50.90481216744543	0.06571414661195434
1.45094376996936	0.00009958484353041624	51.10445215198669	0.06671243614476811
1.4511428939587252	0.00009953919435254339	51.55072975605684	0.06838289315497052
1.4513419268398526	0.00009949358697222521	51.27978900201287	0.06921866667960665
1.451540868399765	0.0000994480213999486	51.5538846648712	0.0709923617368754
1.4517397188702774	0.00009940249754434993	52.015982877317676	0.06852452507929925
1.4519384784828206	0.00009935701531429443	52.04828858703845	0.06974601797527223
1.452137147024481	0.00009931157472039764	50.58680029974941	0.06975694933412706
1.4523357247265274	0.00009926617567170313	51.49228050250288	0.06983513504064275
1.4525342116719924	0.00009922081811126152	51.443286999057975	0.0736940238067813
1.45273260809158	0.00009917550194847933	51.74580038391764	0.07151205204477185
1.452930913772462	0.0000991302271941412	51.39705168834845	0.0708777677077828
1.4531291289451809	0.00009908499375783046	51.22247609821659	0.07252239573388712
1.4533272538398982	0.00009903980154935664	51.86244670271857	0.07301761354381482
1.4535252882438514	0.00009899465057962977	51.426230637073715	0.07879374903577124
1.4537232323870417	0.00009894954075863456	51.73451035101384	0.07566871229744696
1.453921086351711	0.00009890447203014497	52.48936379807897	0.07716961432471073
1.4541188503672995	0.00009885944430450395	51.69833626952261	0.07201889387622973
1.4543165242211331	0.00009881445759278645	51.516813028097346	0.07887958252299072
1.4545141081424964	0.00009876951180550892	51.668394596789916	0.07898049772189417
1.4547116022131816	0.00009872460688685351	52.01358523438702	0.08191894914477343
1.4549090066619144	0.00009867974274769219	52.04449895072742	0.0809521056051936
1.4551063212761104	0.00009863491939926236	52.43981402764363	0.09232940541074193
1.4553035462843384	0.00009859013675260818	52.34558666413791	0.09434407052611761
1.4555006819147924	0.00009854539471899554	51.87240136513729	0.08619829016434724
1.4556977279549534	0.0000985006933097823	51.682271131735334	0.07911132284630906
1.45589468463286	0.00009845603243640502	51.65633396901338	0.07685151061227982
1.4560915520295277	0.00009841141204375119	51.288334332064416	0.0759041921993159
1.4562883303724425	0.0000983668320436082	50.95494187958291	0.0721387109546038
1.4564850194491776	0.0000983222924474923	51.434698541321865	0.07179940829665717
1.456681619487063	0.00009827779316736007	51.967957061688075	0.06883395649539188
1.4568781307130574	0.0000982333341153872	51.696229948923104	0.06845516199865496
1.4570745529148024	0.00009818891530320735	50.57723716001339	0.0689236056259477
1.4572708863191028	0.0000981445366431639	51.599023362085205	0.06944477025873917
1.4574671310062084	0.00009810019808083869	50.610012462881734	0.06841346865456424
1.457663287202375	0.00009805589952892144	51.56522342567351	0.06711456048728576
1.4578593546953407	0.00009801164099920011	51.67694028845034	0.06764700815681529
1.4580553337112079	0.0000979674224045308	51.14561923001414	0.06739096090814375
1.4582512244757124	0.000097923243657986	51.73963612523553	0.068845340414199
1.4584470267766605	0.00009787910477146809	51.047552605406814	0.0711500458541002
1.458642740839637	0.00009783500565821444	51.044367750399005	0.06938836957454843
1.4588383667441334	0.00009779094626449037	51.48255966878409	0.07223693401099855
1.4590339047151897	0.00009774692650387497	51.44723564564132	0.07362230303926105
1.4592293545407107	0.00009770294638842122	51.669104901243806	0.07301090515000407
1.4594247164455867	0.00009765900583187164	51.38622070320791	0.07392407082273017
1.459619990508882	0.00009761510478087718	51.77171401566653	0.08232998532907213
1.4598151769549474	0.00009757124314951954	52.28556993663596	0.08280033070583477
1.4600102755717845	0.00009752742095	52.150141482765264	0.08546039496585814
1.4602052865835948	0.00009748363809656227	52.152645423924106	0.07724732482469927
1.4604002102142162	0.00009743989450366238	51.49260316055747	0.09902837511682999
1.4605950462517212	0.00009739619018361155	51.23309254663264	0.080194516103242
1.460789794919802	0.00009735252505102623	51.22410367690037	0.1161483106716397
1.4609844562967784	0.00009730889905322419	51.56592695880892	0.10139911984496762
1.461179030605805	0.00009726531210515682	51.91736124004814	0.0891516643160038
1.4613735176350562	0.00009722176421927976	51.66006739438803	0.10441951329127705
1.461567917607539	0.00009717825531070389	51.653193610371744	0.09117564123435981
1.461762230745899	0.00009713478529474951	51.48084609586607	0.08555097222346345
1.4619564568383843	0.00009709135418397948	50.95894430856362	0.12004994731316074
1.462150596107496	0.0000970479618938721	51.185115339689474	0.10022959775548124
1.4623446486308227	0.00009700460837240135	51.81132678101375	0.08662186728602332
1.4625386146303336	0.00009696129353537612	51.942708372252305	0.08829294137913188
1.4627324938943782	0.00009691801739550003	51.59712841443089	0.11000729701512785
1.462926286644783	0.0000968747798687386	51.608132413817174	0.0834253674307576
1.463119993103012	0.00009683158087126456	51.439953717459034	0.07543080377558958
1.463313613057493	0.00009678842041588586	51.3626502301399	0.08310966192290084
1.4635071467295484	0.0000967452984189304	51.70138730567899	0.08057074767362733
1.4637005941960428	0.0000967022148290184	51.69892977797797	0.08004159031009445
1.4638939556777735	0.00009665916956280408	51.390417898840596	0.07980432778335148
1.464087230963269	0.00009661616263323267	51.28936546364477	0.07718272125340207
1.464280420273186	0.00009657319395711232	51.25590332243222	0.07708256404699133
1.4644735236839792	0.00009653026348342781	51.159955860891564	0.08260033492926612
1.4646665414157805	0.00009648737112931124	51.2060275627037	0.07659945681164755
1.4648594732572229	0.00009644451690784295	51.12961153751486	0.07875275884514532
1.465052319428299	0.00009640170073630763	50.775277566271164	0.0843831165846361
1.4652450801486427	0.00009635892253219316	50.548212523758814	0.08149840346159846
1.4654377552069677	0.0000963161823086801	50.314049969740864	0.07918946218353073
1.4656303448227708	0.00009627347998340757	50.37684966153659	0.07928937057431691
1.4658228490717966	0.00009623081550599091	50.52083166514011	0.07519349037311784
1.466015268173023	0.00009618818879438905	50.57877497225159	0.07494106474545423
1.4662076019152686	0.00009614559986191423	50.60446448824337	0.07924355008026288
1.4663998505173725	0.00009610304862667552	50.72699341978025	0.076449024884612
1.4665920141978206	0.00009606053500698271	50.80340773982492	0.07790933387610112
1.4667840927455105	0.00009601805901624565	51.300856068018	0.07639253976502025
1.4669760863787928	0.00009597562057292289	51.74681134245792	0.07660759081490694
1.4671679951727121	0.00009593321962725053	51.583001466881015	0.07694825851945318
1.467359819345103	0.0000958908560980029	52.029580042928075	0.07683046842619776
1.467551558684971	0.00009584852999871814	52.50674214122389	0.07521854347308653
1.467743213410015	0.00009580624124831818	52.36178433697162	0.07778128062720059
1.467934783737583	0.00009576398976592331	51.655955192513304	0.08330201161319138
1.4681262694567625	0.00009572177556516676	51.23908770151547	0.0866362088168831
1.468317670784768	0.00009567959856531509	51.00825116745173	0.09191169801899376
1.4685089877959503	0.00009563745871721568	51.1432366502147	0.0849651761805231
1.4687002207070137	0.00009559535594044693	51.46728491936079	0.07942869404836994
1.4688913693071544	0.00009555329024876706	51.32072768339391	0.10018392378572775
1.4690824338129427	0.00009551126156189936	51.2520717812708	0.08836912359407235
1.4692734142983386	0.00009546926983103629	51.01466839899976	0.10061490617651314
1.4694643109794039	0.00009542731497621066	51.049092009328774	0.10678947041794264
1.4696551236454458	0.00009538539701130378	51.294108201694385	0.1099777531146286
1.4698458525123934	0.00009534351585649233	51.75936608475478	0.08711770616635921
1.4700364977958293	0.00009530167143214757	51.66957923819169	0.09044140064274882
1.4702270592851443	0.00009525986375224206	51.24489141226858	0.09723727290183973
1.4704175371957904	0.00009521809273728964	51.30974557609976	0.08811202389939686
1.470607931601048	0.00009517635833907941	51.53245312142045	0.09323325949716742
1.470798242715866	0.00009513466047843086	51.61890577526342	0.09299221425912227
1.4709884703297469	0.00009509299916943633	51.485583991879686	0.10045199310464199
1.4711786146575068	0.00009505137433305682	51.336147944682416	0.1178423522403913
1.4713686759136206	0.00009500978589044567	51.431315182881484	0.09288901299807942
1.4715586538876755	0.00009496823385578406	51.454512663517505	0.10078854988697962
1.4717485487940158	0.00009492671815036552	51.63616909867264	0.10165331448972177
1.4719383607052512	0.00009488523872656668	51.85517996716098	0.09730165899757887
1.4721280898352274	0.00009484379550598292	52.09970854307655	0.09098563735458572
1.4723177359736463	0.00009480238850291211	51.89480604757074	0.11189752642633272
1.472507299334223	0.00009476101763908877	51.72698115562377	0.09743487520686522
1.4726967801303328	0.00009471968283643754	51.39732864831843	0.10367577669195194
1.472886178151763	0.00009467838410934278	51.07927791596496	0.11918722774702738
1.4730754936117623	0.000094637121379867	51.12772815264844	0.0984888645539699
1.4732647265822778	0.00009459589460096549	51.16501178795447	0.1302614025292133
1.4734538772760626	0.00009455470369499883	51.47414472574546	0.11033166315012868
1.4736429454830189	0.00009451354867646507	51.68533544820926	0.10918201958346824
1.4738319314157735	0.00009447242946786147	51.87503728741807	0.10395738424757318
1.4740208351458985	0.00009443134602246996	51.80396588385881	0.10531374048242961
1.474209656885527	0.00009439029826308369	51.66149287093779	0.1168602499705762
1.4743983964246792	0.00009434928620431266	51.639526808112315	0.11035160445749745
1.474587053975362	0.00009430830976908559	51.68520194592859	0.08870134881575525
1.4747756297492463	0.00009426736888051791	51.43234559493627	0.11658175539072886
1.4750583397599213	0.0001884120483986141	51.1836324464346	0.11635923422067604
1.475340865856313	0.00009414475930652477	51.281231198969486	0.10586994775679295
1.475529114670973	0.00009410396026435131	51.30173700319074	0.10292144851169031
1.475717281782695	0.00009406319659897066	51.31661334509287	0.1226247540333194
1.475999379744855	0.00018800423451958387	51.316683340881575	0.11905395905553728
1.4762812945879364	0.00009394111719210048	51.64356975171232	0.11211332676867466
1.476469136154539	0.00009390049445392978	51.59703813357558	0.14411917171734173
1.4766568965108076	0.00009385990683336511	51.78716546390467	0.11490857669549306
1.4768445758667332	0.0000938193542546873	51.55327701923147	0.16376944245945152
1.4770321740127508	0.00009377883673288495	51.67083389611838	0.11906971581640961
1.47721969115873	0.00009373835419237002	51.67077369493636	0.11673712430381043
1.4774071275142102	0.00009369790655773683	51.689570761660605	0.10768654584362639
1.4776881302466536	0.00018727460111431053	51.537027946875114	0.1138038432843342
1.477968951278699	0.00009357677290865515	51.78107876256497	0.10630014731514487
1.4781560646107614	0.00009353646456690284	51.68499276257922	0.11202130445838997
1.4783430972214946	0.00009349619096595503	51.6969069303054	0.11010986059485876
1.4785300493197169	0.00009345595203095008	51.65055906960461	0.11893778004869195
1.4788103267272161	0.00018679131702854996	51.47435796214817	0.1172634965884499
1.4791837487660402	0.0001866307761552508	51.22198010692782	0.17813003832180213
1.4795568500684313	0.0001864705109741458	51.4226456889496	0.11611203725182452
1.4800227762746134	0.000279405849308415	51.30195428429296	0.12254950896751399
1.480395157728815	0.00009305545941392744	51.73896163339651	0.11877331619086398
1.4808601859754562	0.0003718234880627502	51.67295371929438	0.11500802648957996
1.481324716748519	0.00009285649756004627	52.13982326885651	0.12267540183814879
1.481510390147244	0.00009281680721805247	52.236422921241555	0.12341625800719926
1.4817887512839327	0.00018551467065569055	52.25788219718096	0.11131238408330851
1.4822522905373399	0.0002779751539862067	52.26839188334612	0.1169276676613831
1.482622765936497	0.00009257937602619168	52.305945181612124	0.11240360085962277
1.4829004153734395	0.0001850404157721802	52.01263224711484	0.11395345476115601
1.4832703385365433	0.00018488286923506761	51.76242103058578	0.12101465279142817
1.4835475744134219	0.00009238244260857908	51.71649329911401	0.12324836266276401
1.483732299968357	0.00009234315643329803	51.657134797531235	0.12488284397523362
1.483916946984364	0.00009230390365716657	51.5729970365477	0.12410808112213721
1.4841937705313457	0.00018449017398813842	51.354928807902766	0.1229546221090963
1.4847468886309771	0.0003685107131822582	51.137774279485996	0.10646331187208512
1.4852993032430808	0.00018402113615208	51.04863527454624	0.11592941426124559
1.4857591125585397	0.00027573961029497916	50.75166978481641	0.1350460278381101
1.4863102419553154	0.0002753899125054145	50.70116480777102	0.1113373832593218
1.4868606728429077	0.0002750411005780725	50.42819439962676	0.1828217415435772
1.4874104069441967	0.00027469317117984873	50.889946000233785	0.1133516806553529
1.4878679877036438	0.00018293593450148472	51.10853604247497	0.11321779030231899
1.488507792019028	0.0004566665774783907	51.14624983499237	0.10702819892733292
1.4890554464323214	0.00009121821486445558	51.60368038868664	0.11759157580724108
1.4899666719781348	0.0008192432141214785	51.46406823307057	0.11075133650808475
1.4910576248854723	0.0002723959493500456	51.97275037061776	0.11312651360020412
1.4917834072835863	0.00045323518002686686	51.86528064373819	0.14306432108459008
1.4923269491899158	0.00009053365753660768	52.44954273749438	0.11248138580567589
1.4925984652812039	0.00018095414917561646	52.19533014178546	0.14900053481022366
1.4929602228616399	0.00018080348118080163	52.37685846092519	0.11695599238041467
1.4935022948877426	0.0003611558980566217	52.41906614535521	0.10441550591033101
1.494043691160814	0.00018035297882719863	52.643356721680576	0.1047531960698985
1.4944042474000243	0.00018020330986129736	52.31277290584505	0.2169295586160265
1.4947645045496176	0.00018005388910005801	52.6461907887668	0.1184280026681458
1.4953942363843127	0.00044948249537259577	52.35451104431911	0.12160915010639986
1.496740594772778	0.0008961824204609171	52.07999994967228	0.11187763346973315
1.4979040720697285	0.0002681354267872848	52.17409209818135	0.11421416010931214
1.4995989515646344	0.0014244855443687624	51.595405283018245	0.11052758840040164
1.5018190261266877	0.0007971875336346049	51.48816511054293	0.12225169544794547
1.5030573285658053	0.00044162097381568466	51.66515543773143	0.12174727425756476
1.504027809569053	0.0005287622672644534	51.48018847243514	0.16412326776975258
1.5050840486526358	0.000527477837485981	51.671978322064255	0.11828794886609957
1.5058745455123388	0.0002632593014090826	51.87838757121564	0.11083871676933377
1.5074512358149268	0.0013115264045877844	51.540228597934174	0.11640613597326972
1.5142181788009945	0.005423247015837128	51.418113714790024	0.11013460535610474
1.5201176738342115	0.0005095309766684357	51.835010198993025	0.11437326807255628
1.52164358297241	0.0010154877256148738	51.63463465493171	0.12306901464905522
1.5236698242415847	0.0010107609085269259	51.52565448806031	0.14487102356754153
1.5253511669516922	0.0006712369190614366	51.686733816894716	0.12405826736315356
1.5271095991667654	0.0010863525007766925	51.47122410982773	0.14429645107615113
1.529276887378232	0.0010809447093564138	51.54148616155793	0.12122879063714137
1.5369417610783254	0.006535596645825634	51.12865511454851	0.10969158730159238
1.5498994096604983	0.006422773761618294	50.90312050832762	0.12390661306277514
1.5687525290942328	0.01229984109620013	50.56783103948773	0.11797433139002457
1.580955243478801	0.00007382131409618653	51.466901671708925	0.12385273374194765
1.532206323272594	0.0012698306821965798	50.49776077041605	0.08125980124062113
1.534418238889251	0.0012202399236106694	50.40786082897701	0.08545972190371696
1.537027532273798	0.0013436166758775444	50.4474940537731	0.08100446475427879
1.5395847041404762	0.0010515309975969171	50.36633081675602	0.08909543288359517
1.5418402375060336	0.001262166949647681	50.454367074415316	0.0810044585494457
1.5443371849406624	0.0012970967077658218	50.44705183220681	0.08125980645991056
1.5468198583693202	0.0013176531395374799	50.447455484293286	0.08125981747353778
1.5495821197336714	0.001253752992220312	50.460843905513684	0.08100445815591263
1.5519443247811293	0.0011561929455164801	50.48625214373369	0.08100445359739882
1.5542780515206758	0.0011146725547941142	50.330080397014896	0.08909542610437736
1.556400156040409	0.0011150978441392748	50.51015759063779	0.08100445969018023
1.5585430351595888	0.0010027292656456242	50.390729316557284	0.08909542639577471
1.5607063318510832	0.0012993913315063322	50.28343791736422	0.08909543795988258
1.5633934651236987	0.001147249534045918	50.51450458095326	0.08125980300873645
1.5654371715455895	0.0009658979193398374	50.41253011146302	0.08909541132357478
1.567414190001701	0.0010452861075716808	50.362454507481786	0.0890953998575981
1.5696740387927708	0.0010455433952522373	50.34174850194955	0.08961182283093813
1.5716809292610185	0.0010369523119027068	50.33805449008595	0.08961180454882317
1.5737874243168708	0.0010056674398416336	50.352977531982816	0.08909543015944589
1.5757306131072508	0.000976895479017499	50.35104767635592	0.09068101634988636
1.577616794652278	0.0009801010275908432	50.3592643621904	0.09014022548937187
1.5795873973461783	0.0010830424837089045	50.32565272980123	0.0896118332999239
1.5818070437644254	0.0011659332568993586	50.484004336288294	0.08074853291012442
1.5840630477197646	0.001046285205672104	50.52123470408182	0.08100446102408444
1.5863292676713225	0.0010809421443204183	50.50857498220045	0.0807485194524629
1.5883261444902876	0.0009943320496468852	50.36040552551268	0.0890954296076652
1.5904511303781388	0.0012856000694945837	50.41247397033023	0.08100443534822041
1.592982438109924	0.001190167575339379	50.43226392787935	0.08100444999399666
1.5951491250337346	0.0009216745605909268	50.355740355328436	0.0896118079321506
1.5970348153912544	0.0010635144439272418	50.46881890982051	0.08100443854517997
1.5992663652623866	0.0009961369586057411	50.49759336475927	0.08100444679167226
1.6012435157722447	0.0009334893720748308	50.52361450804239	0.08100446197192476
1.6029345903804146	0.0009140714761838351	50.35653178285632	0.08909543119236181
1.605052310261116	0.0011331030551208871	50.429457258942975	0.08125982039079073
1.6071562787884006	0.0010390152673996405	50.29475880371951	0.08909543014080325
1.6095128514459995	0.0010264802967201911	50.46981277077455	0.08100444756268346
1.6111789779360506	0.0008641751290834557	50.37599326820799	0.08907953878173024
1.613051332227716	0.0009667291089521891	50.31158702896547	0.09014022777019587
1.6149600213228896	0.001017099082134867	50.46299525484499	0.08178303397617404
1.6168535621586826	0.0008801429641075292	50.36313340982785	0.08909541634413463
1.6187591835266506	0.0009371899120238136	50.332616372076664	0.08961183985845397
1.6204610565652247	0.0009234141514557057	50.33796459498794	0.0890954329461312
1.6221630004238503	0.0008644129262134568	50.380207646774714	0.08808880380086856
1.6243161686541048	0.001038846162918981	50.27419000887153	0.08961184218785086
1.6262259788953815	0.000979414072659874	50.36066371790022	0.08627137549822549
1.6287593981904127	0.0013473338919512082	50.17493806935804	0.08909542269020329
1.631005199593186	0.000998298722725659	50.32505908584681	0.0890954104596239
1.6329219076159394	0.0009562423272713869	50.33969632946426	0.09014023442097965
1.634999703661773	0.0010559718140428626	50.280032287760925	0.09014023594377418
1.6369929949270916	0.0010122053273707628	50.2940222011717	0.0890954020219251
1.6393709947686026	0.0012760935475422625	50.18768624519137	0.08961181938578464
1.6419477876230109	0.0012156216942241064	50.21414481289195	0.0890954199969889
1.6442797431347755	0.0011516870365094935	50.24170489957196	0.08961182940736187
1.6465484686208711	0.001348799763298954	50.1821285097023	0.08909541878124197
1.6494994323898937	0.0015083062455323168	50.107139101685256	0.08961182264845197
1.6520138635618022	0.0009401873656593486	50.297948707327976	0.08909540636357356
1.6542395287952165	0.001367215862807371	50.137508019965516	0.08909541968924346
1.6566368303482744	0.0010232555978014644	50.266124424562776	0.08909541643692111
1.6589500382642393	0.0014295742597164739	50.118478258378275	0.08909542056173064
1.6620938732983972	0.0016780067551027775	50.04101907989478	0.08961181716328988
1.6653731716422349	0.0014784842165194742	50.107881225969514	0.08909541756787524
1.6685313605584575	0.0015658242579509938	50.09244726051	0.08909541903610063
1.671406079555891	0.0014670794582080794	50.114387663020196	0.08909542206254333
1.674273804682381	0.0013874557197882651	50.121256843305645	0.09014024106688799
1.6778202231408335	0.0019106937243144266	49.984438176673265	0.08961182609034887
1.6812793255441378	0.0018105735397789327	50.01379619362116	0.08909541257616056
1.6847517856789018	0.0016581006238886222	50.043400269392585	0.08909541740830498
1.6876254054562128	0.001547556108604252	50.052125053862284	0.0896118242781117
1.6920491352569487	0.0023335336799663402	49.865542619589064	0.08909541449972144
1.6956410007810536	0.0017219173465531838	50.01966210553627	0.08909541803136105
1.6996726326754992	0.002031762416146154	49.97284798727658	0.08909541089220051
1.703845227613269	0.0024796086319383444	49.87253016332278	0.08909542246921229
1.70945506011642	0.0027127445779014923	49.810759366569215	0.08909541382007856
1.714781851089044	0.0025766105093401356	49.817943694051245	0.08961182300266124
1.7198645303529019	0.0026002447222156304	49.81171852559895	0.089095420939056
1.7247771056660377	0.0022887178454069064	49.85939398210898	0.08961181881866524
1.7300565139911361	0.0031670606357403247	49.716875630331664	0.08961180894089002
1.7364145656777445	0.003043619789337596	49.74736858631801	0.0890954165542182
1.7424417254783449	0.0031111013690001774	49.75755721648184	0.08909541141685318
1.7495145391793003	0.004046074143768513	49.632993546053136	0.09014025255971088
1.758614830966617	0.005196675630293807	49.493432856139776	0.08909541814111867
1.7690150524710222	0.004507568000880942	49.546491311023345	0.08961182940653083
1.7778487703513015	0.004088421245131638	49.47739993962325	0.09818727279979736
1.7854243528493203	0.004447617697839934	49.59700865608063	0.08909540888721183
1.7958372608603992	0.0056373823182989296	49.45308741991096	0.0896118051876367
1.8064348081249477	0.004744893643182108	49.333213224779044	0.10016824908996223
1.8158331466268507	0.00388680171878634	49.414231656558435	0.101206862842881
1.8237343130589272	0.004194496573021775	49.37239894802009	0.10120686992497005
1.831284867473837	0.0045670889148680255	49.319233011187826	0.1012068610251434
1.8414522744396744	0.005174586344865269	49.23557224420497	0.10120687881993466
1.8781536702902546	0.01867286600076188	49.13964845861325	0.11299615926292192
1.916588600558054	0.0170913375072407	49.192570520343054	0.10639221406245053
1.946445582998999	0.015956613265861938	49.13687544138893	0.11132386629849556
1.9751846891023357	0.01306755092042512	49.17805787516398	0.11479203629027605
2.0024318658408444	0.012273594431472683	49.24095531366502	0.113174235850455
2.0280436662799315	0.014876060690454678	49.17214110343627	0.11182317023466656
2.0597955886414008	0.013827256497389523	49.124120127439085	0.11182319760123743
2.0862191684931446	0.013011052800252755	49.04941585134049	0.11498400719686734
2.1135342235413	0.013575289537228946	49.01195860786878	0.11517699745572045
2.1349492147372744	0.01033749794464181	49.18488901603163	0.10960847398501439
2.1526417798770194	0.007443866380943642	49.28595932102805	0.1113238635841726
2.1694827491640636	0.00954732929057707	49.12932264020692	0.11426156133514173
2.189363383317134	0.009120589701802575	49.12571499436328	0.11537101418105358
2.204322104758821	0.006608733573822621	49.286789964236476	0.1131742346952474
2.2174004048969325	0.007481324375354787	49.21361471982262	0.11517700999453787
2.234304305207046	0.008223979084415035	49.17027986476164	0.11371378921402715
2.2503923476128818	0.007924507911714469	49.170751531242374	0.11182322426897293
2.266653714537726	0.0076336560461000855	49.18631777167711	0.10801319840647033
2.2807777848664896	0.007389388791198508	49.15546713743103	0.11335316145380546
2.2980912596913203	0.008875484399129682	49.124602766270506	0.1114895090308259
2.3125770215527828	0.006008995359716551	49.26004362335576	0.11335318953733733
2.3253030570704913	0.006669013458879579	49.13504929851164	0.11498401316554688
2.3383003428939686	0.006472707166811797	49.13706263365708	0.11148952304545326
2.351052182806446	0.007070663659531595	49.08583708616598	0.11165593628527265
2.3694243623652285	0.009790772756842826	48.92545765392882	0.1119912518284072
2.3881436675305547	0.01009869412701694	48.88022228950101	0.11353303727572726
2.4036516242461947	0.005568454534847823	49.10921826179328	0.11479200187250903
2.417790502227132	0.006737407604680228	49.05878519575384	0.11148951352760114
2.431298127477046	0.007184373541250469	48.98610620386654	0.11371379774407366
2.4454116005265423	0.007586801892486409	48.92912733748916	0.115566031559921
2.458129782557835	0.00491197920777916	49.15235175164533	0.11299617545659728
2.4695225176599975	0.006579070111439336	49.02730704759372	0.11576209228526195
2.481327966723736	0.005238460108501759	49.13086355702375	0.11517697594020626
2.4923006936183287	0.005107765074044136	49.15129523990542	0.1100720643896268
2.504160420484977	0.00717906009651809	48.8897486172216	0.11537102111720263
2.517641526079353	0.006424344451794277	48.988786934751516	0.10976229068200778
2.528425849450984	0.0052224560767156645	49.03275036380759	0.11317423252135755
2.5389675571346118	0.004587372963303401	49.058559032528294	0.11537098417466064
2.550266779586771	0.007449267635946474	48.896999343814706	0.10960845653474306
2.561944786971259	0.005317925455473317	48.96668292352889	0.11498400322517847
2.576023396250812	0.007020320849729438	48.85355688797292	0.11537100233111558
2.587842862569099	0.0045546790870992235	49.14279731237274	0.10639218463453838
2.5969039015764874	0.004460457678446002	49.13487696011801	0.10815651853099685
2.605780447158856	0.004807359330538505	48.9914588999323	0.1151770111494366
2.6156455099697147	0.004272064633669517	49.03502274769497	0.1131742474967192
2.622750068548678	0.004202914710198667	49.00403655180863	0.1157621027123886
2.63357735569659	0.005738937963566471	48.863670018917446	0.11537099607040668
2.6459936783689435	0.00677232121502203	48.801843216282556	0.11353303252856448
2.6578719712646346	0.0046515572781450805	48.949107035318846	0.11335318520251712
2.665196264534114	0.0030492289739489607	49.12490823232338	0.11299617999314006
2.6717035894580534	0.004505746509415597	48.93407942315162	0.11517700730274118
2.6817197336540284	0.0055037743987634054	48.84294589067793	0.11537100667221235
2.691017039548175	0.003950519831321223	49.00247348655443	0.11281901521513406
2.6990923433853284	0.004935474525716475	48.86402218433213	0.11556604393745762
2.7073006715163657	0.0024216030931912182	49.19459636459209	0.11299617363173987
2.715961420250352	0.006442853261975708	48.76529095509653	0.1118231867283959
2.7318668238447428	0.008170899989335558	48.83512406105998	0.09672316195294331
3.541354122148117	0.003193745232524979	48.244695308447476	0.11733198704467847
3.5457052519571755	0.001856880732968429	48.236637150915655	0.11604052601415281
3.5493539243590537	0.0013934492087555603	48.36258922753106	0.11520352944528109
3.5531483700656517	0.0023679817834574126	48.12677669278625	0.1156196818895264
3.5572928394914807	0.001807991658572644	48.24204321943439	0.11499722271994536
3.560709077580039	0.0018907957949790514	48.21781236024646	0.11520351455418705
3.564695417424694	0.0018254680608468044	48.23132322740496	0.11520351428378112
3.568322201115057	0.0018102870933082921	48.23597987431397	0.11520351212058644
3.57223754777756	0.002502218561771542	48.104251188334736	0.11625270653869413
3.576724600629332	0.0015886993454608672	48.33191201217217	0.11520352195221562
3.5798022864513315	0.0018558606343009522	48.28263843828098	0.11561970341679108
3.583740320179776	0.0017931366416512368	48.33997296119897	0.11300837581845725
3.5874097032542758	0.0017324469825291228	48.29418087832444	0.11499717418961349
3.5913366049888977	0.00194276202701157	48.24502278098574	0.1115236448802971
3.5945940509835625	0.0017488785629696045	48.24533335105696	0.11281899642938735
3.5985300863857197	0.003078376625754572	48.109201349513945	0.11397038312178445
3.606985137675085	0.004723038477895766	48.06607287145789	0.11561965841985176
3.615221521349748	0.0035833548993235032	48.18963251047411	0.1149971754890189
3.6261507453969277	0.007082340638521802	48.12837097603571	0.09875411442214799
3.7296289926575272	0.0015756016589062785	48.06366356845565	0.11517086847268418
3.731688871161698	0.0008502940378107013	48.00734906946268	0.11538094271875052
3.733601447752831	0.0010419191502812229	47.95539104129316	0.11317445260806792
3.7362291994830596	0.0017476338624412776	47.92631469759935	0.11574649257018758
3.7385222492558356	0.0005472792444782749	48.28649463941937	0.11479201182019048
3.7399812614038157	0.0008983877185523146	47.952123165251535	0.1149872918049339
3.7418604195480323	0.000990349553585111	47.986539503259706	0.11517722123597235
3.7446654291054053	0.001555315753701243	48.02100779345521	0.1136994105122339
3.7467337944929944	0.0008529411512313538	48.181993789800956	0.11536816687034689
3.7485215909768983	0.0007550427328987823	48.05412236104646	0.11299920866140234
3.750138428120987	0.0008462681948261548	47.97537735381507	0.11518359215331607
3.751880743402974	0.0009677611557494701	48.15650449598506	0.11479200449694009
3.753923535678355	0.0012428654362446943	48.07972019330931	0.11517083233468045
3.7565504846445275	0.0011735974887400905	48.08810229715932	0.11574646606771632
3.758578051803989	0.00101443677897521	48.15022159675558	0.115170871903404
3.7605481372952627	0.0007650303422184985	48.009435148985986	0.1133623555557699
3.761974042576759	0.0007320134828569651	48.007503050039944	0.11518359007696152
3.7634021684906203	0.0007296224215753986	48.01139720130645	0.11557935891443687
3.7647771978311373	0.0006970031100300723	48.028924369964884	0.11498729375004554
3.7664437433346625	0.0008150966705472163	47.95866165898106	0.11518360779040465
3.76783026708126	0.0006018427777013332	48.08548103484543	0.11479203841000662
3.7690503120469034	0.000660186616387539	48.0422522483606	0.11518361974843395
3.770962888082503	0.0014340484984057776	47.879662434015074	0.11536813049305084
3.773628563945057	0.001217423202792179	48.055414359253334	0.11536177190370624
3.775745926396635	0.0006796197440884154	48.20542425893355	0.11318034240335206
3.7773602307480156	0.0010303709663456494	47.85378874756748	0.11538095424616565
3.779064679655367	0.0006158057126627772	48.094245950843046	0.11479204561224732
3.780247709882477	0.0006141188599588454	48.13242963396233	0.11299920888769727
3.7817710887876133	0.0009033837067411208	47.96003674965205	0.11299921563581186
3.7836498916347527	0.0009575316690690995	47.89208736469652	0.11498727319589282
3.785427971782045	0.0007224350791237861	47.997437960352194	0.11498728762006422
3.7869539232467297	0.0009214707304416125	47.87085630796621	0.11557937657510282
3.7891501102224896	0.0012319297971410432	47.8918224822592	0.10260901254313025
3.8610050753125864	0.0017968307042642113	47.79866706362818	0.11518329718525659
3.8634596633733316	0.0013279689645346096	47.72244282996879	0.11577811801441922
3.865697171234195	0.0010088743800462908	47.83743447847604	0.11538052685289607
3.8674114193048754	0.0006938597496510806	47.97731935485085	0.11518330771677499
3.8689422291853117	0.0009536860214697842	47.83432392796949	0.1151833084346128
3.870814692641375	0.0009258370822015733	47.85277045422172	0.11498713693425376
3.872697915692062	0.0008745634963809763	47.86634106132517	0.11577808935748289
3.874139773437871	0.0007303132099572807	47.950612219110454	0.11498714902937704
3.8759146681008336	0.0008681096698753073	47.88281420859724	0.11518331332131442
3.87785238694796	0.0010978224620629667	47.79887032016563	0.1133619589081922
3.879699633144462	0.0007210232955231576	47.9705284080091	0.11299909126979353
3.881141010599651	0.0008577253609658009	47.87354839056805	0.11538051461491494
3.8830007549593284	0.0009232994163178756	47.83375843868049	0.11518329958866566
3.884786140693208	0.0008045771653937806	47.8868905335427	0.11557878729408363
3.8863648620660425	0.0007558453181911049	47.91462066441546	0.11518329933961433
3.8876648637266737	0.0007535952883601539	47.94167496472537	0.11281901785554427
3.889334638098654	0.0006142118971815889	48.00920775290427	0.11479201057995121
3.89071776247436	0.0008163451870898638	47.88488398926708	0.11479201320077578
3.8928529782377894	0.0012636362763092037	47.717530886130334	0.11318006159438133
3.8947803549794098	0.0008312064545432796	47.877867086155455	0.11498713856460371
3.89652243377335	0.0008726322748340537	47.847394066236866	0.11557877234370971
3.8978540489000344	0.0004684404011064471	48.12107588629022	0.11498712741158086
3.8993633432471406	0.0010447622470662324	47.77155366207557	0.11518329209424404
3.9012799709548154	0.0008188593098329042	47.88234434757184	0.11518330154974726
3.902613520696393	0.0005957073061127835	48.04153117408296	0.1131800617768732
3.904315721198445	0.0011206820505576846	48.03485826670621	0.09277071125950204
3.9593912734598553	0.0008712003411194051	47.906567155742074	0.11538062447730521
3.960748717122572	0.000810560708188528	47.77498676708893	0.11498718609427602
3.962094411359734	0.0005964155126889844	47.923881955557	0.112999114484047
3.963622743402689	0.0006518438521470484	47.86639074206115	0.11538059682816237
3.9647638526114206	0.0006692524825242318	47.86761198321588	0.11498716689302889
3.9659401991324246	0.0005720976369649334	47.94515160393084	0.11498718081074491
3.967189243083611	0.0008556743623962773	47.779208534851975	0.11318011316798914
3.968793166896418	0.000492566461964125	47.98064174355688	0.11518335580507615
3.9697507675791015	0.0005481915625062038	47.93467980827262	0.11518337869658601
3.9708136866149215	0.0005468590460491266	47.940230943746705	0.11518336538746868
3.972077144339669	0.0005828701105425498	47.924458318307586	0.11518337314983011
3.973079868973271	0.0007315927535006896	47.96177253740203	0.11479201990939703
3.9747536205667777	0.0007661547845830368	47.856384655460005	0.11577825462306258
3.976566186107114	0.0008932243238521563	47.795181236410855	0.11498716964842444
3.9778540694501756	0.0005566093660413165	47.96662509956451	0.1151833764870261
3.9790184572009655	0.0006291408141916152	47.926833234272415	0.11099496998996909
3.980174549752007	0.00044291314855000424	48.03018870574345	0.11498717857841895
3.9813300541697116	0.0006258010148157843	47.885547915619554	0.11498718665785534
3.982660307558572	0.000733985260429883	47.83533576452641	0.11318011275012556
3.984021825050706	0.0006768110442011689	47.834453768552216	0.11557890694576615
3.9851910174267258	0.0005108037186076589	47.94859583576468	0.11518336862135212
3.9863551549051457	0.0005822108749004508	47.894418421389574	0.11557890382409487
3.9877628352614347	0.0007798109833646718	47.77129308355239	0.11577825026170266
3.9893719690848415	0.0008311390848954666	47.746192362507436	0.11498718360465597
3.9907664870831927	0.0007564354987568081	47.78283646417235	0.11538062723691672
3.992402193230968	0.0009868369345681699	47.66347662218324	0.11518337092038536
3.994391213591086	0.0007144246531796183	47.80178576681775	0.11498718790658963
3.995833976280984	0.0006763718697025366	47.953806919901325	0.10383416641926273
4.041717619592293	0.0016447102952117155	47.92180040963558	0.11529284994932153
4.043110390452755	0.0004310583446665958	47.92059113960708	0.11517050406896683
4.044070344911077	0.0006212679061840382	47.765006347341654	0.11498078543891307
4.045341312203171	0.0006035709709247678	47.77327467495332	0.11517051278016015
4.046473960499824	0.0004277390514384722	47.92276746703526	0.11498079228018976
4.0473174607456555	0.0005375808158364834	47.822110223920426	0.11498076440220757
4.048451275850662	0.0005361854705683324	47.82434842935947	0.11517052875827372
4.049726977102252	0.0006604003390758479	47.76675477149122	0.11281903067456127
4.051274130377152	0.0007990643363638104	47.688189885771536	0.1129931991545165
4.052561790539508	0.0007185944925073459	47.70491877632252	0.11555291815973294
4.053968748512894	0.00049827848166231	47.85228251085554	0.11574561512870384
4.054971908800829	0.0005592676388807469	47.80950594102054	0.1157456350560938
4.056248494843989	0.0006970264654154135	47.71524682567087	0.11498077037172762
4.057505964677904	0.0006023483717229924	47.77590609923218	0.11536123201043343
4.058404042846899	0.0003699040446635279	47.983357833699166	0.11517052314853032
4.059521432495935	0.0005995533467322375	47.773610791292334	0.11479201228392269
4.060446035063963	0.00041419688405622273	47.92761870819474	0.11498078516018768
4.061530617268394	0.0008110211349403298	47.63483152264412	0.11517052838656687
4.063019998091886	0.0005489929780615978	47.8507839402567	0.11115625120604464
4.064156334206092	0.000547564475972171	47.81313088819081	0.11517049754958923
4.065318298304207	0.0006522857830176207	47.725510517974634	0.11536122379905574
4.066676826760651	0.0006653686334411883	47.710424485461125	0.11517050540818262
4.06775219946542	0.00043745251218423324	47.914608666940254	0.11299319855281156
4.069154111649038	0.0009322337326373439	47.56295142868851	0.11574563996464544
4.07079305964892	0.000733907707993892	47.67051772549932	0.11479200788091848
4.113336209720493	0.0010729440025599771	47.45582186801917	0.11569462323511079
4.114901142384573	0.0006225020228579314	47.71861876001921	0.11302533752642725
4.116328870182727	0.0008092982321347615	47.58394725696793	0.11615423690634363
4.117632717325956	0.0006454966754646441	47.685744915894254	0.11524055847281169
4.118977930653648	0.0008043821378551588	47.581832227509786	0.11569460507572665
4.120344745713448	0.0004944752016489721	47.79390167314952	0.11524057148701755
4.121449083177355	0.0004932194320679217	47.80555888652443	0.11323287684335788
4.122423009289	0.0004921092986040396	47.8008104187269	0.11323287191208098
4.12367414526548	0.0007957308641777346	47.57225496540613	0.11615427469693111
4.125001161953358	0.0005553122152421278	47.73923713675735	0.11524055784101858
4.126458194637739	0.0008301731896668387	47.56225219131835	0.11524059234521652
4.128128411561266	0.0007088449325760029	47.638400574469074	0.11428886948858921
4.129290106626074	0.0005760352278160568	47.71006805978557	0.11524057731203295
4.1302670586229855	0.0004571795384171792	47.80932763274038	0.11569460760972876
4.131232617348487	0.0004822326869399416	47.79025936915311	0.11479201175346042
4.132610544726414	0.0007015669243200567	47.62441313564815	0.1150156266000122
4.134123874055066	0.0011133407167220565	47.67330955585229	0.0952139629265777
4.30874091297162	0.0007361432873979669	47.46471768584206	0.11587445326416533
4.310021093068107	0.0006389925928263515	47.403008694430355	0.1291953078523056
4.31141890723055	0.0006455454665260513	47.41262500023623	0.12861274855433746
4.312630366897943	0.000721001146773737	47.42588377392685	0.12300120977645829
4.31397485079301	0.0007102133994738559	47.520125667328315	0.11532928574675602
4.315660842095988	0.0008104191240245987	47.51855016615224	0.11298346294631008
4.317659559559328	0.0012796182360924188	47.37575251721471	0.12919533192425398
4.3202176766107305	0.0013344014765310625	47.5231143384899	0.11551009609693859
4.323447848817899	0.001862869459411348	47.4687070714904	0.10392263082386828
4.347087390409717	0.0007611483888311589	47.4877010460406	0.11578060775984746
4.348892571270971	0.0006869289154013479	47.39815361333506	0.12806535825578444
4.350047510675356	0.0005984834443553011	47.56604953236476	0.11538198205639016
4.351431166658556	0.000950837669844669	47.43881798249646	0.11558080401124833
4.354459870539751	0.0016294787994714365	47.370385784954046	0.1303165150140458
4.359280320559236	0.003236756209758492	47.44149019990703	0.10644208245582315
4.382442358897114	0.0008843593455237262	47.32986566063303	0.1296661109326288
4.384365475409686	0.001011432167306607	47.263531925109355	0.12934159753799812
4.386272133225092	0.001292183424499425	47.29537677656592	0.13065347578445657
4.391716906925491	0.004147038825445389	47.335221944121606	0.10199256409551652
4.414443300919627	0.0005227966228218	47.472177170833604	0.11587484238233586
4.415600482068802	0.0005958935217510705	47.2941962905864	0.12919581014857814
4.41647184201692	0.0005068462180397466	47.36177323303425	0.1289034939551225
4.417629836677991	0.0006605172423450578	47.34456448521156	0.11751875465181703
4.419134542175133	0.0006740403785289578	47.4236452460342	0.11569217922264179
4.420768535600096	0.0009657232065585072	47.37445170333111	0.12803760494941965
4.422685380157318	0.0011873205494256078	47.50874799508723	0.11551034329577022
4.425899497006833	0.0017753694071619662	47.29261962816796	0.11364929277754202
4.445029762721915	0.0006391107700617491	47.29054049461035	0.12918069205989974
4.446593409133613	0.0008827148353879226	47.15374879874669	0.12918065004594095
4.448098292205197	0.0008733789064543423	47.138386630821905	0.13065459441135804
4.449531938782296	0.0005448468209730033	47.328655220925796	0.12918064832780563
4.450623282300674	0.0006608395634404844	47.40029615612269	0.1184969677492219
4.4527608274680635	0.0011123396557397088	47.29290863570147	0.128604053735224
4.455696698555732	0.001699025248438712	47.30340354007567	0.11604509767338089
4.473558442092397	0.0007288388983987536	47.25763349379831	0.12933736667681167
4.475202512234552	0.000974021247569586	47.130210872841296	0.12998692334754347
4.47690023992257	0.0006585720156693563	47.30300559049241	0.12901602898509007
4.478348267473237	0.0006739639438364692	47.2869001152813	0.12966101293298468
4.479881797770291	0.000759187198507157	47.235955492793806	0.12998695357629
4.4812795304361375	0.0007159980885694977	47.27059960355527	0.12933740339289723
4.483089092401101	0.0013564368460257088	47.232949534721755	0.1068406753690028
4.500251080808977	0.0005906634122620747	47.19698604981016	0.13002893667036244
4.501054266606377	0.00039490180107381684	47.37697878013013	0.12807095742516714
4.502222100724002	0.0006545563610610924	47.14172243731044	0.13070046839357705
4.503144906379511	0.0005590655190094699	47.21133427752952	0.12969672222905185
4.5049328691148105	0.0008764984951619125	47.035081354906055	0.12759405672601343
4.506408063635361	0.0006647594140838987	47.12848756592269	0.1296967701878844
4.5092737418590705	0.0017409783476751547	47.07911400097435	0.09629121885657253
4.525528391831092	0.0008674420111652282	47.1172466111143	0.12951698256007982
4.5267212216283275	0.0007182676995658404	47.20238259707284	0.12862622447760408
4.528324608565476	0.0008409835422628899	47.13067161789757	0.12898046058725288
4.529833404228405	0.0007756039729678989	47.15548553918846	0.12933740115066245
4.531433790131136	0.0005497420969949658	47.307534991981356	0.12845013364426497
4.53269805771391	0.0006722527947990646	47.209328140370914	0.12987824454763808
4.534099010364886	0.0008092213028865678	47.21246135524466	0.12018015406985344
4.548295137724783	0.0006385599477766242	47.14837244606324	0.12880367539029325
4.54967779514647	0.0006663657309232932	47.136466129717284	0.1281002559732405
4.550777193081839	0.0004067456726700393	47.34016573980101	0.12845061112966286
4.551789777820646	0.0005641584963252662	47.19427760362523	0.1282750934069987
4.5531394923305175	0.0008140132061120564	47.03221404585483	0.1288036764943239
4.554779043251069	0.0007028199387673237	47.09284452254434	0.1288036693601784
4.556391223448478	0.0012730832040599527	47.02375185401985	0.10999879954551106
4.571204884565484	0.0007014239125401112	47.284306359092014	0.12861855989361456
4.572339102386937	0.0007268871102172758	47.2049131262074	0.1293234747698073
4.574190281153095	0.0009258970464082984	47.10126354362727	0.12932347868016955
4.576006353765574	0.000922031475466616	47.09919140770076	0.12950144858734405
4.578079724613762	0.001476581230041497	46.88462377739195	0.1293234828953775
4.592827717490212	0.00045925950811259914	47.23171378261114	0.12895519433886427
4.593835149847379	0.0005165927114076799	47.17662456325756	0.1285507486930017
4.595092627709798	0.0008465556750458543	46.96336388695309	0.12936323721735
4.597379708813754	0.001203013740068633	46.81059663940267	0.12956863377646657
4.599574944828362	0.0011570213899712123	47.08696266774766	0.1042050121866356
4.6132878421985115	0.0008204106666080558	46.9656718446475	0.13021831930216832
4.614930824819533	0.0006076363855491647	47.09360053735619	0.12958927000024142
4.616143838800402	0.0005803382505040286	47.10802517859296	0.13021834647389796
4.617471852139815	0.0008508341882048743	46.939324207222754	0.129174688951576
4.619929525642753	0.0011294262032280023	46.9565201304917	0.11423325436539183
4.633720816892708	0.00045077346400122065	47.19384131427009	0.1295838783635824
4.634955461404002	0.0007110168596169776	47.00145849632257	0.12876083150498005
4.636385019274508	0.0006720257647541626	47.020379088328646	0.12855737694122105
4.638042188053851	0.001407883010273526	46.926741865990266	0.1057878599766635
4.652256852810234	0.001020946890617051	46.80899072968413	0.1298987620813994
4.653888456764268	0.0007119843431065166	46.96479973686887	0.12910657776341114
4.656525265655697	0.0016913906727576708	46.68229326634311	0.11976009574735882
4.668704010403947	0.0009981283484102959	46.81294425405848	0.1306064678519372
4.670861654281736	0.0009517999620569183	46.83111579597632	0.13079086154666927
4.6725860271144075	0.0007644176241486946	46.932471544770905	0.1293358952586594
4.6744441841659095	0.0010782731029737257	46.88312146558161	0.11800837382955534
4.685903156837747	0.0008648891972184365	46.934023790499374	0.12845570393561742
4.6878319002403055	0.0010310972464843988	46.85912100733099	0.12935023804459747
4.690436159746689	0.001782538684970652	46.88586334056886	0.11510771623218577
4.702413782174216	0.0006786950241887125	46.987653803688616	0.12971453224812418
4.703725294232869	0.0008196514462125681	46.90154933228107	0.1297145524755023
4.70621586011069	0.0019963668176469717	46.81510731473207	0.12432142953168056
4.718500962812378	0.001378823768858068	46.61616611250302	0.1320155029562047
4.72190182910133	0.0020011052357541003	46.919786336840005	0.11438121321047952
4.741546824988466	0.01053947376946819	46.55212998036265	0.1234632127833221
4.766235518568934	0.0016037705316190253	46.60853698440497	0.12143761513339768
4.785569953055394	0.007684572051937426	46.611415182079504	0.11065619366047903
4.812199109037699	0.007230431554995337	46.486962947478474	0.12632655238517704
4.83591419626239	0.006905206423181224	46.57831360702988	0.12153089678664918
4.859809107446693	0.006886495150826499	46.492057749452705	0.10973521208674596
4.875884363539707	0.0012435831551307177	46.53447421898152	0.1286766442004294
4.888880538305229	0.00541894687271744	46.4817732052783	0.13249057752688154
4.897687549564366	0.0009907823857759719	46.5867638285905	0.13244470581056972
4.914288825112941	0.006071731828443268	46.382904829500006	0.11704489369935654
4.93218897181812	0.005825356102955403	46.41835810075594	0.11347791715760709
4.948705720137194	0.005610322537457586	46.37147836204991	0.12549413977465815
4.968980164371086	0.00535393400987802	46.35332681327115	0.12408304325230993
4.9930198768439835	0.009182952625844667	46.28193483759212	0.1159925386602221
5.0101745181179345	0.004869438038745504	46.48449934950446	0.12920817567290455
5.026122069453996	0.008507753943126497	46.2406275082553	0.11760298668535404
5.086809073709692	0.014032739341527696	45.96485973594949	0.12718967424529587
5.1112514397975675	0.006958069224212228	46.21775019631478	0.12625386508931002
5.137082932996501	0.01480724934174845	46.01762155617205	0.12534331462000445
5.166701644185316	0.009084781505749118	45.996625639174376	0.1275403337015905
5.184589089345417	0.006069357639058581	46.0041885179312	0.13101033233644196
5.207952195515822	0.0106626581541123	45.841405856479795	0.13151131069569405
5.230970953836065	0.010111914390618223	45.97218034994852	0.1288483124429025
5.247124008279969	0.002838448236500789	46.227894238510736	0.13385433989095805
5.260876362336774	0.007242661181434657	45.972203244335155	0.1347711475122323
5.287399517299502	0.01725992753514912	45.62657066484462	0.13592997671189092
5.325371152273879	0.013898119769773908	45.74642633677837	0.12441660123721665
5.3481656695393855	0.009531895450982038	45.747698001366686	0.14017121339907285
5.379115482620146	0.01397369156723553	45.596275678151066	0.13656777994059047
5.4068428671551185	0.013108866065536693	45.632886581798004	0.13824821459255782
5.428689115108747	0.007907906751391174	45.78657561846763	0.13356737236473587
5.448085502965245	0.010463811549546209	45.63006506241904	0.1391903269357468
5.472010404422298	0.012650777598163557	45.54631564794174	0.1425852953443487
5.50318161732459	0.01433131668398787	45.518436716523226	0.14503822437286276
5.537949962536999	0.015534211289225747	45.55807475954106	0.1335050986492175
5.625952729544801	0.030037867592191493	45.23978800151705	0.15018512046333352
5.6694769628477175	0.023703891526130012	45.19904206507704	0.1525430861174112