-1.442259433012213	0.43070526763147404	51.120818457030744	0.10203338914081475
-0.9675376043663201	0.14436381644489238	50.85961094360667	0.13471269980101278
-0.7461703348618194	0.08671437239220608	50.865730032000855	0.09714074376006461
-0.6002488087560142	0.061968296706825146	50.411857924235264	0.19869211543017976
-0.5160190662007116	0.02552171301590764	50.720121677566326	0.10940199847054359
-0.38485112800834964	0.09434347895439264	50.209915194630156	0.09755555549087562
-0.2842460344723181	0.014967069975510252	50.60058684642213	0.1091827962224869
-0.19850413856300025	0.0655229770026921	50.47058022836471	0.09288461090545404
-0.10990445417914346	0.02671553902292489	50.73358289640346	0.10787260589393641
-0.06550154854079099	0.018089322388932055	50.94129400843992	0.09986817154167751
0.011639865723599208	0.0555331508212858	50.939144617460265	0.08553651048579157
0.087844962275888	0.023297923924204024	51.271539277646504	0.09738721217979737
0.13401526554840637	0.02285259275907591	51.03483700562025	0.14543099414339744
0.17574541439561897	0.0190290352531228	51.14871210536105	0.10481339579919705
0.20581818512510353	0.011299243161176654	51.20306219432531	0.10837875256654061
0.23545306831249835	0.018092462355025925	51.08403971950693	0.10408544334130497
0.2865972145288068	0.03216499787988896	50.759902516917705	0.1340898234891514
0.3287142259477014	0.010947067183703306	51.01948542638103	0.10773746575386513
0.3780994634712761	0.036910417151252956	50.74746813126526	0.0900499423284397
0.41750887350123767	0.003965706943950497	51.117869324380536	0.09532470348086583
0.45907727586185443	0.03603729753060158	50.55797863269544	0.0943309028386523
0.5257601408376389	0.03090788946479694	50.42454242615909	0.13103834084782753
0.584229931247648	0.027690029944500733	50.63246355361265	0.10304175738726273
0.6180012363420475	0.006873231135143393	50.96611526553211	0.1078316658745003
0.6504959970131652	0.012175668005166805	50.93785971173524	0.10098146877439766
0.6647542036849141	0.0022442709479817535	51.296024572298876	0.10863217105473534
0.6708825066376318	0.0038724429944360173	50.982740309066045	0.17257894813572283
0.6785591444602412	0.00380459467289231	51.22900920718449	0.10366688980602662
0.6919387524003962	0.009486439746697254	51.08429170368389	0.09856412547339712
0.7069596759465719	0.00560018674263913	51.23817800918323	0.09708341966343781
0.713026398800457	0.0005020455259193216	51.813020445311366	0.09498716827884984
0.7253995932013513	0.011710653968339424	51.07876866414287	0.10943194065225653
0.7426196247495349	0.005627702372732322	51.30054572306549	0.10949190465668623
0.754644945996386	0.006386348139962138	51.138248113514436	0.16032639599100823
0.7654572544617597	0.0044495105973891185	51.42998582207691	0.10883164241176861
0.7764409586181626	0.0065075842647346555	51.41037738169158	0.0962464243210599
0.7850321983938955	0.002126705263193634	51.53904064618415	0.10765826991973719
0.7955376324478411	0.008303512870170962	51.22366063750282	0.09513972062164426
0.8045767730963262	0.0008132474730384161	51.62312143091377	0.1034526494825432
0.8078176404998776	0.0024216039135487475	51.179961923353176	0.16042413427358418
0.8126340419493399	0.0023948962742745485	51.3407504069141	0.10279116801177751
0.8185803876262578	0.0035434933473386977	51.02103693395314	0.1533259550463264
0.8256101716355888	0.0034865976871504977	51.14290476364292	0.10481632840732896
0.8382098139006442	0.0015052882698685464	51.19395948964754	0.10910025951967824
0.8562688661044797	0.01624475431948307	50.68019397543534	0.08995082072687564
0.8753377409829568	0.003109383347806296	51.0775795379384	0.10919570077828106
0.8825330333554986	0.004077722923282946	51.13533122330572	0.09125188481375342
0.8952575781639347	0.008579960129866043	50.96294229535482	0.11263104871939468
0.904400613856287	0.0006462475084708759	51.59114823114294	0.10956056201081175
0.9095400634233533	0.004470514132934127	51.18658276363202	0.11686625830567604
0.918390299092483	0.0043803340992357035	51.31604434839303	0.09792595939962113
0.9249115929156198	0.0021575255478941857	51.40578263236365	0.10788959859173149
0.9307286022454861	0.0036494056805988643	51.21221576958973	0.11639130212037577
0.9379667597829207	0.003589087003049758	51.213397983227765	0.102028970044292
0.9465549091371088	0.004984981055201688	51.02770713936907	0.11458490385234416
0.9564121543886039	0.004873110585268979	50.9759273225481	0.10758934627407073
0.971345095451108	0.009970728833766401	50.69041272000639	0.1087727565447078
0.9860494259475825	0.004819395625127634	50.83996946750467	0.09898260969964684
0.9947963072230193	0.003936084848495126	50.848338650986776	0.10666827434550752
0.9994941089677147	0.0007787474645290203	51.21201655228124	0.10696381647238315
1.0054238398589521	0.005121246212038373	50.872111585683925	0.08813275147601135
1.011778676338416	0.0012617137266206103	51.10160003897881	0.10276782094251868
1.0190356455652236	0.005955868441079523	50.66306307591947	0.13035397284957997
1.0269050737859688	0.0019496399399157058	51.005074682162515	0.10178967216039757
1.0389225108258113	0.009956261149739291	50.69715641349496	0.09124292228528562
1.0494610299156557	0.0006941122749975901	51.19016640024404	0.10930101265859146
1.0581653060872729	0.007937289817938613	50.596119562201466	0.12813163358804797
1.0737566390080233	0.007657392441599215	50.68472467876193	0.10273996906037047
1.0969722358342917	0.015347194030583284	50.50692577164975	0.1090445723271037
1.1266304822164095	0.014334110149147533	50.5172303602945	0.10816405216905096
1.1545738465196207	0.013622503143710727	50.63376136123698	0.10864084749819333
1.2409290618933542	0.06714551047582261	50.872922782392706	0.09045236059506782
1.304394058632679	0.0010291186016562948	52.159270953627576	0.10647552634294956
1.3086185597166222	0.00012739457673492823	52.61637231551171	0.10625042142179043
1.3448964629214208	0.034686840879353725	51.4811374354763	0.18696991241678598
1.4761305391334005	0.0023236926882258535	50.05898137420152	0.06755525071267549
1.4813698870165433	0.002580399383056724	49.99029363662202	0.06850316994428002
1.4859755484794115	0.002824163200053319	49.940428738638715	0.06755524927531892
1.4926102973326913	0.003298417989471547	49.85558130556865	0.06662939883910812
1.4995763000126967	0.0036070493096950697	49.82723042624009	0.06662940528941268
1.5068925682890657	0.003334953584869021	49.874530957810066	0.06755523466040345
1.5121624961802311	0.0026907960464885496	49.9605535218724	0.06755524009356158
1.5175936991274872	0.0020806105522849683	50.04568903513484	0.06662939202667449
1.5227828009766635	0.0030945456042890383	49.83714491346561	0.06755524800163376
1.5294801541673833	0.003910975471420306	49.75130996279735	0.06662939468424219
1.536667718478689	0.003846781580678414	49.77953456430701	0.06662938298469492
1.5440198896272372	0.002619021287695856	49.94163029823729	0.06662939473996317
1.5509252940345486	0.003846508264279615	49.7333922218938	0.0666294004094682
1.5576615934672398	0.003381651225453084	49.759937686461235	0.06662939094490762
1.5639271583650771	0.0035579055986321834	49.724163071759754	0.06755523471978783
1.5721812573252971	0.0038242189431408487	49.69664256637818	0.06662938552850324
1.5785673717572113	0.0034450981793276926	49.730846532993056	0.06850318216310566
1.5864596609035795	0.003781162505276549	49.69675677510337	0.06850315515763968
1.594402446456864	0.004039204553392364	49.66810319597697	0.06947394986114246
1.6021150848944319	0.004032917336819932	49.676015553621546	0.06662939275207828
1.6107205305297305	0.005434280508968699	49.522388976172806	0.06755524253117567
1.6211452662790817	0.004298901242093323	49.60818212177443	0.06662937790976789
1.6296438619910671	0.00383996290560664	49.642660847347734	0.06662939510502212
1.6387871780652077	0.005277351770495883	49.49000411618529	0.0675552473822818
1.6486104792441787	0.005015199985776116	49.49122854117415	0.0694739406257606
1.6566044477987965	0.0032500910007371544	49.677568348532354	0.06662939213622554
1.6666381045909984	0.006438316605590291	49.342447974455105	0.0694739578516037
1.6789367221857843	0.005695144551026082	49.394417199685826	0.06662938227388059
1.6884570122548426	0.0046698331387446425	49.454187017649794	0.06755524310013415
1.6993457981196354	0.005722547708099156	49.342932291935924	0.06850316012319622
1.7107587742037826	0.005162812577924765	49.40878074194052	0.06662938971789334
1.7222777571935102	0.006844865359671303	49.26728241098674	0.06755521607127497
1.7348308657150242	0.005303406983080695	49.22181332348435	0.07755295996739271
1.745824936994543	0.0058202471406624484	49.18058962914523	0.07697809336317651
1.7569765355850047	0.005561537453369665	49.28651977414993	0.06662940559464695
1.7676807575484461	0.005178235482094151	49.10856260065286	0.0843557368978907
1.7774354794077931	0.004697467834947142	49.12778056185951	0.08620951028550328
1.7862724216094157	0.004272030595594113	49.187635862252236	0.08121806905239054
1.797780009577341	0.007892114157833481	48.876770094656166	0.08620951169259718
1.8105795580135933	0.00421094181905703	49.155090559308746	0.08084035438016217
1.8204485095998417	0.004370171408340366	49.123374308119736	0.08084035341045069
1.8311990992451714	0.0073687830165211346	48.8654192808394	0.08813211074447865
1.8445495011337125	0.006643182786879812	48.93432408218928	0.0825671436358383
1.8586215811546203	0.00607772074092957	48.96694296451422	0.08620947316964403
1.8712347637580047	0.006884650283698748	48.91743675627635	0.08256715435921254
1.8851197656763414	0.007175552745680183	48.8835045194971	0.08256715427049074
1.9280884596649703	0.034522769484987545	48.63794526910924	0.09981308961643082
2.001288007589408	0.03565016177435256	48.54736430908363	0.09933091222633011
2.0736811524249474	0.035662299025891735	48.49211114386511	0.09933092623489045
2.13981426149151	0.02709178795545801	48.57849862301828	0.0974007486132822
2.193969760494868	0.02391564888609504	48.56597067606012	0.10029991252996474
2.266914474210737	0.04395020919233773	48.37422867799952	0.08559937523078325
3.0860800579082053	0.004399015223608507	47.6800251434928	0.09986971199343683
3.0948487251847228	0.005356216496180144	47.822136123555694	0.09874042779030255
3.107762108351126	0.005960118241067718	47.77554756086293	0.09708119525197921
3.1192689910097404	0.005680795668423938	47.750763246668136	0.09946862206580204
3.127112538005923	0.0030321225071887263	47.803800163024206	0.09911941747487746
3.1329898786339703	0.003111052019381256	47.75737480755937	0.09874848188767632
3.1410811956658145	0.004580416751771251	47.80851919523443	0.09910319198757855
3.148759796632787	0.0025385273261505467	48.05201103205875	0.09983675666664804
3.155783020532509	0.00454147690870906	47.793492858435094	0.10058133447642326
3.1635604404782938	0.00334562009116196	47.939430812797596	0.09838033419765062
3.1705418404525907	0.0034020412399194283	47.94165352995742	0.09874043469710274
3.177184304490541	0.0033504034703089563	47.960165825151584	0.09946861277443186
3.1842074255406754	0.003402988858434407	47.95297297159459	0.09708120491680756
3.191459023048589	0.0039741813037562764	47.840006342728756	0.09910318399362084
3.1997564049046168	0.0036937515360667343	47.86391290558823	0.0967420676060294
3.2052859067320787	0.0028365578524092404	47.96488214957017	0.09910322686060564
3.21234362175212	0.0034885717144012784	47.90524743354959	0.0967420790667404
3.2190049813482524	0.0032391461329467556	47.92436376078783	0.09910318453581948
3.226082806477447	0.003669643645333392	47.930349288251314	0.09309285857549529
3.2326480653413574	0.0037096943162980155	47.84068086559772	0.09983677631326925
3.2385452679245605	0.002252099409703971	48.0392837577458	0.09910320183109737
3.243944878599804	0.0025022693325886017	47.98160147093887	0.09946860435312892
3.2491859409744928	0.002746988850533679	47.90672402045764	0.09838030669566919
3.253098264057034	0.0016333761171481778	47.94450927974271	0.09838031254894984
3.25713460522898	0.0026072757572876038	47.771814481304204	0.09838034330975838
3.2636535184367372	0.0038083352921033623	47.7933763630208	0.09983678598997836
3.2695601278791044	0.0021842688014497087	48.014846414436825	0.09946866002160508
3.275130439635121	0.003277753269999614	47.82451482293529	0.09946864057330464
3.2824451657160223	0.003222873803055918	47.9558991092707	0.08550923016498324
3.469040131821125	0.0016005949412589316	48.023825271676735	0.096401740152698
3.472896630105959	0.0020787873667629454	47.91799708365708	0.09673492215992051
3.4766507519316048	0.002006647067035499	47.90197107838371	0.09945700759928659
3.4810543046523157	0.0020401044084353767	47.91413595332865	0.09945700862708605
3.4844774312809004	0.0014914205436317158	48.00275826074349	0.09945701344275591
3.487310800640802	0.0014817220767220148	47.983448990485094	0.09774847831090437
3.4907186629225246	0.0019952073501748094	47.83429047823079	0.09640174189601747
3.4944242615008823	0.0018220782139711763	47.84356326460172	0.09909553356916281
3.4988207891776795	0.002319067061802444	47.732599535962635	0.10018799363680822
3.5022460752602362	0.0011248524643832252	48.05388326616834	0.0987366037905687
3.5046371108923915	0.001525477220351977	47.93421380470667	0.09873660191108669
3.508019783202967	0.0017659219050889321	47.87454250226271	0.09909549134355389
3.510932477345818	0.0011527083839704632	47.84355094000102	0.0987446540696084
3.5133163300953982	0.0014454373375300373	47.805300391759175	0.09873662526025509
3.516247347054842	0.0011386678308632492	48.12033753841704	0.09838032662419936
3.5189811001770557	0.0015251069990386671	47.85170975484098	0.10059091166193258
3.5213218839005527	0.0009786616753132357	47.919778679463874	0.0987446331054837
3.523649691695107	0.0011681083622890542	47.87555556107954	0.0991117023421454
3.5263611536131365	0.0019347238138200942	47.80570287879752	0.09909549804748137
3.5302796547187056	0.002061147353857494	47.822009280347345	0.0980910643645059
3.5340801194237694	0.0011878980317601036	48.08667603839866	0.09909551439904425
3.537250636332678	0.0021226747820832777	47.75937827370691	0.10094666574243766
3.540281240001225	0.0010305294310833297	47.90475158318195	0.09607088756596602
3.5422442950555513	0.0009326130965155161	47.92376046584147	0.09743870617279647
3.5442009977448055	0.001114101117377629	47.90627198554776	0.09911174466044158
3.547602797183768	0.0022569071245544564	47.74232547923096	0.09982117774266665
3.5520699343666204	0.0021426475319964162	47.74695964056052	0.10092987365802103
3.5563708445541944	0.001805549030240632	47.93630312799472	0.09548438932012306
3.560461152106424	0.0024592706340123066	48.09728934744393	0.07314209330637517
3.669355271228755	0.0009047638051260189	48.01162584595412	0.09875208234624847
3.670977260435133	0.0008320617621748825	47.947518917985164	0.09875212083889934
3.672634732646468	0.0009325038090668645	47.732533641579096	0.1007044701911406
3.6745509077117124	0.0008252431288067583	47.781516734084576	0.09838032497560553
3.676057689229196	0.0008909215466613266	47.796823978922745	0.0991348579884385
3.678956488435524	0.0018040229306921	47.6746816921389	0.09875209143144838
3.6817697664014744	0.0010821902059285707	47.71312594662381	0.09875211740304973
3.683844694906005	0.0008077707626300322	47.80382951141622	0.09876019832616105
3.6851554230147534	0.0007382206958477069	47.8463714367844	0.09838032629758386
3.687330515884623	0.0015692295154790075	47.5785704801729	0.10030115824677249
3.6901751519010486	0.001094599189249904	47.91451046577347	0.09676388876800232
3.692448770511454	0.0012538724791552505	47.83923731731845	0.09912668893539622
3.694467129877974	0.0007882531134428462	48.0445387493007	0.09912671024631475
3.6964166398318503	0.0009809033050690165	47.983803633481415	0.09641612916023835
3.6984035484265507	0.0010415252835384594	47.9267104950387	0.09950414338126032
3.700303300948168	0.0010369663218510318	47.91211903266173	0.09950416721766278
3.7029263069694385	0.001481671244946629	47.73263748009278	0.09988449826940121
3.7053820669501687	0.0010249103663622899	47.899701448597945	0.09818043384835881
3.7076200973938493	0.0010515148864841894	47.86506426713509	0.09950412230112787
3.7095136262062245	0.0010152190053409685	47.913373957497974	0.09641616490398201
3.711751694197932	0.0013887493780399469	47.75170131650019	0.09950413739940393
3.714103806779877	0.0006592301640366222	47.94863106947412	0.09951233758740236
3.715500347876174	0.0007822740688228766	47.81107020896856	0.09713704054830831
3.716910549573352	0.0005926123690108782	48.05964194611295	0.09913483905599872
3.7188675512306317	0.0013351225914223113	47.81756855382578	0.09912668666307285
3.7212518931617153	0.0009572591387679504	47.95815254936448	0.09838031673212966
3.723121787746303	0.0014758459661554128	47.7584693795841	0.09950414207183932
3.7257096440010904	0.0007946712616778683	48.02561229666171	0.0991266931397653
3.7287838773329134	0.002093964063247604	47.87690725160451	0.07275498479795056
3.8058784560060857	0.0007369586415999338	47.706796191729	0.09989286047735534
3.80737268503901	0.0007344274263713556	47.712375919034145	0.09951038860370237
3.8091896504696297	0.0008070088590329466	47.668609161036315	0.09875414351622945
3.810461394943936	0.0007292126669733278	47.696346148352006	0.09913082736050913
3.8122152920619885	0.001001762658114397	47.54195310743809	0.1006667497640185
3.8143457691487597	0.0008971773782329387	47.61596682048557	0.0971199427889489
3.8160302816668046	0.0009681696560017345	47.551516351552046	0.10027829630230246
3.818364436731056	0.0010123674812562477	47.55785513828357	0.09783219193522258
3.8205462908548475	0.0016460735370317128	47.32897669861861	0.1002783284681119
3.8236975576685857	0.0012683124588201567	47.47251666641779	0.09951037860826104
3.8258748012455874	0.0012862354427554063	47.49096410828738	0.09913080287210341
3.828425538566868	0.000989193626140578	47.609545547241005	0.09989284889578078
3.8310274234435338	0.0019425716217170714	47.28117552813502	0.10145266861656453
3.834382284463762	0.001070907135447831	47.51538558020535	0.09989288083525763
3.837046268220829	0.0015847080195160433	47.328372025174225	0.10027830398780405
3.840335227284354	0.0017135959414560033	47.293520933595076	0.10066670463517809
3.843809953327215	0.001630079721862115	47.30049670854348	0.10265494096849626
3.846535368276015	0.001434749366679196	47.36507134366373	0.09951039166330092
3.850029375792406	0.0017444079571414999	47.39068744185053	0.08737386171624464
3.9148416144368556	0.006505398962311711	46.52639722860066	0.11764591738341211
3.928489739485331	0.005422715885764492	46.596080418811624	0.11716530029307293
3.9401944804098226	0.006602632928581761	46.5546130749713	0.11013733860350336
4.010006736753457	0.015342150362894106	46.31708210480702	0.09107019252752431
4.0694026178970155	0.008986334610602045	46.563819571496516	0.11741677738613174
4.086287778782163	0.0033042997075641736	46.6605701048751	0.11741677694935429
4.126157150297201	0.003707308972546957	46.723163360294826	0.098706823948962
4.372307277799544	0.017872892235303344	46.506998620979786	0.11136486585720698
4.428317461139002	0.015417246988148734	46.397902959816065	0.11866018365607653
4.512854571302764	0.03628503539564492	46.06854289748062	0.10751522816530086
4.559660935694129	0.024775726070067203	46.25010360115982	0.0923255162593881
4.700499020841072	0.016067728170267446	46.22325066928715	0.10114704394305975
4.7491749063034945	0.014567063193156508	45.990068057914755	0.11863930822227627
4.780504708132977	0.013615392170976416	46.17139821294009	0.09300640549270833
4.8544671283307945	0.010882787467430294	46.004996678074725	0.11245304410068083
4.900205408753555	0.030103404202923557	45.75085956368805	0.12080383870782635
5.014847120381855	0.05728880226597426	45.55913900962781	0.12991952589581784
5.105430044515616	0.044346716726897814	45.546281859343296	0.1323081265249789
5.171024217011595	0.013617340084804105	45.78293503282151	0.1258358881193031
5.243116173921596	0.03415885142568634	45.41343215663275	0.13426729011481287
5.287601959984883	0.017893301183933227	45.486679389628165	0.13179887025396897
5.31427698500436	0.00958589301493467	45.53740945947341	0.1368106611241524
5.3427538722873695	0.0174921932781199	45.64658802364502	0.12169001955515692
5.3747129845375365	0.01944614108763191	45.346697937154346	0.1389387916895685
5.412503297987222	0.013627809026766928	45.33646764541712	0.13896839318741516
5.452158846462364	0.016402544090218858	45.2795794846371	0.12775007550093692
5.502489358285203	0.02273134852834526	45.1571410136453	0.13065787444347574
5.535997765177198	0.01786836959516415	45.19741293418854	0.13793196328123974
5.57851258850412	0.01808658442263597	45.12577887639682	0.13702839758877783
5.630098061578154	0.02472150312929755	45.21251306780348	0.13329826911000917
5.706516546698301	0.05608565859847124	44.91719471442361	0.16053550913482972
5.784284590362333	0.015538481991604769	45.00442690047723	0.16029363487788542
5.816096461666167	0.016602151765453436	44.75884446247679	0.18571276475227866