-1.6510886850333815	0.4237018017474793	49.75137524176754	0.11244189425491964
-1.2595513020573923	0.08599890710456697	49.88975199759751	0.11259089422609078
-1.057046753563346	0.10789923841819297	49.70592392291523	0.12327087339218236
-0.9194803933411027	0.039302667155134995	49.87257335848365	0.12080810185034423
-0.8151663225069348	0.061821273658369286	49.68277804005482	0.12524572137428638
-0.7063654682191746	0.048121271486189554	49.77923244966643	0.10613471923298842
-0.5817275844001142	0.07223192778577539	49.601129389030476	0.11118700407268807
-0.48499819392232435	0.02890479008073825	49.6840079455843	0.12174168676240725
-0.43072555643781774	0.025509220169669968	49.71174069236562	0.11640526725302754
-0.3940544596633644	0.011721848115539025	49.84678107832615	0.12003565020563395
-0.3712216388779872	0.01112149751071231	49.64986797338062	0.15941843019529475
-0.34952952025025946	0.010579646343671825	49.8341566647381	0.11902231572252422
-0.31889676040237497	0.01971825079920323	49.68874838491572	0.11399359467280167
-0.2811492826241745	0.018076773166732493	49.610812506263144	0.13524876187388166
-0.24642194203327009	0.016687587957034948	49.72583159343308	0.10961687739698407
-0.19904045335858211	0.029925545435671604	49.5348390784101	0.11463224277096914
-0.1631575811776544	0.006888096317030361	49.76676071696173	0.12428039333865472
-0.142969854665293	0.013150476224613124	49.69921347634739	0.11806412357609815
-0.1174345378101852	0.012399556834660614	49.89564248849338	0.10114577619733171
-0.09922245660774082	0.005945167386448539	50.064795820540674	0.10733651174459458
-0.08749198282838935	0.00578673524463275	50.04285536499929	0.12051347987908737
-0.07046976726912804	0.011128622046625848	49.687085494608	0.21009114405166765
-0.054089659078389	0.0053583526090676395	50.18047131599296	0.12496042345788533
-0.03830495997634353	0.010334193419484657	50.16900081120877	0.11303496143423838
-0.018113318046227594	0.00986472411247093	50.254222979240936	0.11570621824045506
0.0011811139447650554	0.009436056047740962	50.369881182932104	0.11209036327683007
0.02415286159940294	0.01342486796992235	50.253305341707325	0.10172161013029485
0.04169364028769312	0.0042978176968395745	50.30992504902055	0.11537162934099639
0.05020531672261613	0.004214405435173458	50.44131272234834	0.0947405062255924
0.05855337559001239	0.00413416927038523	50.24978416058507	0.11399143097564353
0.06674399483019183	0.004056931130334187	50.19703446781088	0.11549259748055163
0.07874736749931982	0.007892675694539868	50.03668016481294	0.10713709949691234
0.094252612655771	0.007615861072492868	49.73604139130157	0.15591275639122218
0.10552873864485568	0.0037103330208440566	49.97602132740542	0.12001595257829414
0.11651948539119511	0.0072352266506265795	49.86480951234359	0.1079404871626372
0.1307540892224467	0.007001926321447653	49.805305576129996	0.10570401982978382
0.1512676778585368	0.01335776945406733	49.435446146694666	0.12318588054284574
0.1708558680920103	0.006384336328199568	49.50861760405997	0.12114083183454118
0.18344043245739555	0.0062019918801028305	49.48808690903573	0.1162465595393688
0.19264518405250813	0.003035962801753112	49.69608152477988	0.11243183200678306
0.19867505375775718	0.002994101896469735	49.787019585151995	0.1003834394661804
0.2075657326571977	0.005866862273152714	49.42613525351956	0.14095876720767847
0.21914374510054468	0.0057125219346480195	49.517419428028546	0.1214988328954838
0.22762908940549348	0.002800996335826257	49.687682008247016	0.11810518559275071
0.23869099406498057	0.008191659479668234	49.59761863082577	0.09602597050209939
0.24947812546522546	0.002663566258072736	49.7173002290696	0.12300933038555369
0.2573962005571056	0.005230888046724576	49.576756204037416	0.11969051583200944
0.2677339566202002	0.005107844520441635	49.67701048279509	0.10565468959391366
0.27532892425386063	0.0025096473856012435	49.70817755253786	0.12221030805159465
0.2827933502928946	0.004933762906166633	49.681868218874044	0.10915529637415713
0.2925504463319533	0.0048241541802539305	49.51900586624667	0.14437830699406576
0.30209314215668254	0.004719309756348951	49.673840496754494	0.12057799544092954
0.31830436206972174	0.011365990072146434	49.754785137550755	0.1058445751869929
0.33173375842075575	0.0022039811290681323	50.23174266453646	0.12160051805891703
0.3404613980659927	0.0064803951267089765	50.25099043851958	0.09739954290562776
0.3490170924475096	0.0021179930840185476	50.49628264043696	0.11225944235917511
0.35323255591256913	0.002097534313585304	50.32120589536446	0.18200685581506126
0.35740749207204986	0.002077467019930127	50.601005441661336	0.12027794262958728
0.36154267580432814	0.002057780058697504	50.514709726945874	0.15012341863901038
0.36563886003257035	0.002038462704557198	50.693587554568516	0.12515855751762162
0.36969676751852026	0.002019504673674028	50.695974814462616	0.14630211991234515
0.3737171099514302	0.0020008960190062096	50.66575408624606	0.12558586203296168
0.37770057645476024	0.0019826271707895156	50.66591711720625	0.1159554311497444
0.3875022687750915	0.007753527876384378	50.245751412504106	0.11024862524087796
0.39897955782861755	0.0037756529491345947	50.26718125259063	0.10471810603603121
0.40646596550094033	0.003711125662589447	49.95503331037383	0.1397414253446587
0.41199727989517937	0.0018320796475925136	50.09249546780744	0.12002470847440597
0.4210624066526126	0.007176938335489448	49.656947334320954	0.11885519968926082
0.4351841788677841	0.0069473222270411816	49.70313934499537	0.10538430264013479
0.44378264668626205	0.0017027817364554125	49.97800030431968	0.10958558900379008
0.44717492883462334	0.0016895330872220915	49.69030683216664	0.19688090003457887
0.4505409165410747	0.0016764890205909079	50.045529955333016	0.10297898466702282
0.45554148414129975	0.003314592486924799	49.46970694170785	0.21865423697895917
0.46212058319787835	0.003264758359442753	49.82376859695111	0.1207257082528983
0.4686015013937033	0.0032164005252769364	49.89235149618827	0.1076814097508787
0.47498712602875354	0.0031694543410434217	49.70795036248422	0.15083187424218983
0.4812802200457122	0.0031238588748010525	49.9174821396398	0.10710457530956975
0.4859409092750751	0.001545257004290663	49.98646627692511	0.1214148945629073
0.4920783652165444	0.004570718970274853	49.85354844706973	0.10701005142136297
0.49813029306513507	0.0015024891241930752	50.09006420877768	0.1163452055866945
0.5040990452996139	0.004445942478621734	49.752367002613084	0.14121369783781437
0.5129011266606307	0.004356741154885517	49.922511312192114	0.11756071470631431
0.5215283488512867	0.004271048823266305	49.810361716809986	0.14830589635853147
0.5271860676647115	0.0014052563694067044	50.235748583103074	0.1142334186076022
0.5341561175650567	0.005531532951785315	49.8820511168979	0.1353678021538617
0.5437299939274407	0.004058194807915422	50.12654273452044	0.11205403111731825
0.5491074895883683	0.0013360851607110912	50.29039372365845	0.12420761280209179
0.5557370568824282	0.005263378044625785	49.94749247687743	0.12299773865395781
0.5635612198219584	0.002584701565938694	50.00205579110171	0.12310917380222514
0.5699753732377102	0.003820212414585538	49.88101344892861	0.11702477295153824
0.5750393513059884	0.0012586421710999516	50.13454011745664	0.11265210757273529
0.581287401633442	0.004962656546853673	49.74097029918985	0.11296654394513764
0.5911009974721033	0.004851774682779967	49.57016430820931	0.1263412590354378
0.5983183555160472	0.002385905675448857	49.69277736212779	0.11839134834562136
0.6054177280576918	0.004694441088390595	49.469855300617574	0.15035856184800336
0.6147065621179486	0.004595100975874078	49.68329718400626	0.12519907421246257
0.6260450072180481	0.006715028701293947	49.769249113655306	0.11894725148347435
0.6349073368625162	0.0021931295617489584	50.093673353465405	0.12342755587421758
0.643592430671563	0.006449119878217863	50.0395653544615	0.10604105297652076
0.6521072381042565	0.00210796981470208	50.174046620596386	0.10738659895164318
0.6583855472457754	0.004155430988879028	49.82551394237209	0.1220851390600337
0.6676360458015218	0.005084820057406907	49.40233562707593	0.18810663665800129
0.6776884438565236	0.004968475934304718	49.52031130283669	0.11428321271918399
0.6845891939947035	0.0019560611692584534	49.58365585202082	0.12292959499899579
0.6904180854944841	0.0038599665036744453	49.41702727904966	0.16937517659788354
0.6961697793838213	0.0019045915201449338	49.914412925447294	0.12141487306766247
0.7018462941185164	0.003759718482101353	49.97740444786905	0.11766108788309917
0.7074495686375275	0.0018557610581917037	50.26294046924042	0.12414936212386507
0.712064366285488	0.0027542193081216615	50.12092344058666	0.17270470144199188
0.7175381641760483	0.0027197232921064695	50.54570743195628	0.11328711380566374
0.7238382668216266	0.0035740724727637693	50.364611194029195	0.17773802678222203
0.7291665553730746	0.001765245326580075	50.60834568569256	0.12400453944699007
0.7335573975328942	0.002621232157545147	50.51690134308377	0.11233328579518238
0.7387684725053154	0.0025899680838848177	50.310774229502684	0.13818859424308172
0.7439177611502903	0.0025594410057973665	50.339349803037386	0.11212711870350318
0.7515289974889743	0.0050299524901303285	50.04739701832952	0.12009444042144274
0.7622927325965692	0.0057246236116466976	49.767247081902255	0.13356077442036268
0.7695912893416013	0.0016083491594253566	49.9764174835214	0.11745654485561435
0.7743897308534662	0.003181353218857951	49.47758968667745	0.19691502510783496
0.7807062784762657	0.0031354172470959315	49.60937421098417	0.12114325893340826
0.7884749228351968	0.004619744505921408	49.196838732000835	0.17226796013919324
0.7976175003976966	0.004523508180871247	49.237676152245136	0.11714680512829377
0.8073094795542632	0.00516095640491795	48.94225135696219	0.13675440432472102
0.8146203918573411	0.0021749160237739414	49.20344269002472	0.12088281105218997
0.8210966120581895	0.004285448382088572	49.053404735883845	0.1432248425365151
0.82958403105921	0.004202510908579198	49.299761170986706	0.11602096151566337
0.8379087550374857	0.0041227227086006795	49.41747378612284	0.11414030498293744
0.8460769037485323	0.004045907754243467	49.2816875227162	0.1783787494405844
0.8540942589895522	0.003971902887343126	49.61615828786507	0.12000771181358436
0.8587035990586689	0.0006549950698085303	50.01540224629838	0.1254117145563401
0.8652046478567326	0.005807369932258067	49.66667090489953	0.12183966150734814
0.8728795899098458	0.001901880803393236	50.051014109268735	0.1179697223656743
0.8779218869273602	0.003133211756975147	49.80893883219449	0.17332553317744015
0.8841435318238462	0.0030886457681107648	50.07297474541345	0.1219287475022608
0.8914937302024526	0.004251536774177972	50.03075525263485	0.14502690338860455
0.8999146335451738	0.004169894205039435	50.148688430684004	0.12035451260347013
0.9081753576653957	0.004091328135213264	49.80592932955555	0.16470314274325215
0.9162818829662027	0.004015667882803271	49.83160330218399	0.11148777798176891
0.9242398607045865	0.003942755165669233	49.569087928278115	0.12978247722068312
0.928722651242275	0.000557466762550497	49.88965080183746	0.12355242352611186
0.93371109248918	0.004408801285041558	49.04245233999546	0.2153377005610266
0.9391874211264619	0.0010883891523276164	49.52938278536395	0.11961367512737815
0.9467400898420435	0.006417749865878441	48.670877922948655	0.2007722101057797
0.9552138807244928	0.0020979142877014085	49.38744189667339	0.11914131326951316
0.9624951993201978	0.0051575854352391955	49.26263528080353	0.14948995489080993
0.9701634782982935	0.002533658956044464	49.73544516646872	0.12136793762351733
0.9762020830584814	0.003498143226325958	49.665407136045495	0.16396655707410812
0.98314261404518	0.0034426831670604807	50.043013008593746	0.11912634545138204
0.9933497696328177	0.0067254275120833835	50.12592646954455	0.1282579858145197
1.0033225266261367	0.0032863751915085775	50.14289677122727	0.12429822885177978
1.0112312729979913	0.004610100117926155	49.90561291107554	0.13791861364272612
1.0180919466164677	0.002268922635606604	50.02931415367801	0.12420887789719329
1.0257385698250165	0.005350376036893114	49.71526999778682	0.12553394773448348
1.0393449869847118	0.00821013397434229	49.36554898233817	0.13581634018751568
1.0554624464760536	0.007911025503239145	49.24121040084718	0.11306841328306903
1.0673723602743355	0.0040510655434403435	49.461167788887934	0.12300457053744743
1.079358617950147	0.007881574913151312	49.44942192129995	0.12325777869540708
1.0902549787179583	0.003074515156761796	49.76484034065655	0.12463207346655251
1.097496246099969	0.004157555631607168	49.69404433733715	0.14560082843520272
1.105732757492826	0.004079449466653922	49.89252434211603	0.12265127081122162
1.1221087511051193	0.012142602998869146	49.84148370404933	0.1254939367049652
1.1361642468384932	0.002074572580933791	50.26706501117665	0.11999302741341758
1.1491083761194876	0.010739479474235668	49.85457603126236	0.11410274721470524
1.1700730788934386	0.010233366528363317	49.77301803155235	0.10867188895940208
1.190072185675908	0.009772809264434608	49.56876088756574	0.12453281471228289
1.2091907410426301	0.009351921815984357	49.407195871527904	0.1339245281827118
1.2207260822046664	0.0022766985706386554	49.718565809867215	0.12459686745680405
1.2260998573406847	0.0030919642076670424	49.67713049558998	0.12078623026474818
1.2377479284029846	0.008483115801734024	49.561986073443386	0.11054117432953312
1.2572784879766656	0.01098784267495233	49.54733318816485	0.11983854930782588
1.2890509316413472	0.020425372451177853	49.61509165345777	0.11163594820064184
1.310864469446204	0.0018499804870705852	50.22275157077739	0.11816667168058544
1.3236250164326677	0.010778488210832559	49.87155200429676	0.11480242271863642
1.3368933627937636	0.002613542178658473	50.12099725051702	0.12156291495654062
1.3487098749315682	0.009113815043894762	49.82986066085029	0.1205360531783877
1.3587661044414532	0.0010354890959688883	50.262581895526075	0.12444089792228338
1.3791948862186654	0.00632261477973696	49.83700453442436	0.12384054699705994
1.3990833745702753	0.013400364271232755	49.63666903496338	0.12256053741908003
1.437876586254705	0.0248557879920931	49.32872575049463	0.1433060177149447
1.4849430723228783	0.022302885247846987	49.37889511499201	0.11361158600716245
1.5069866957932756	0.0002944319464062907	50.207726933301814	0.12488532675842395
1.545828413049921	0.036886188378013246	49.002940621214236	0.12390711911135996
1.6139649684350983	0.03153023622382047	48.73749929644766	0.12554807431277107
1.585706419828126	0.004976892197813896	49.040938628848835	0.0909662147565661
1.598228873505743	0.006601371580822145	48.923475334689755	0.09078470886237112
1.608807930286706	0.005266381001226589	49.02471966620719	0.09078471265244237
1.6204808069555192	0.0063736804690585815	48.94855701573089	0.09042655344672956
1.6331602891831465	0.005920546003231598	48.98436383182033	0.09042655446375758
1.6454265506643773	0.006617275321290551	48.917358388672795	0.09060482094621825
1.6574183326230112	0.0048674882597279	49.03454555875704	0.09042655833850426
1.6681442295689775	0.0059905314162657635	48.92365618997205	0.09096621271551827
1.6800470217922294	0.006342500142489404	48.87837367558411	0.09042654914108421
1.693102100521412	0.0074901508339908045	48.78048439627767	0.09060484317448267
1.7083764590973718	0.007465087432778952	48.76246192881822	0.09078471732908497
1.721320194453814	0.005241748542547628	48.90208112078789	0.09060483131640705
1.9212443242773678	0.005850143755575635	48.71481400710239	0.090426556182524
1.933975539718733	0.006775782612728438	48.6089789714862	0.09060482727331935
1.9482536423983694	0.007557257469935158	48.48735460579572	0.09096623962639135
1.9605645558735505	0.005725818768882449	48.55224010278098	0.09114934743690703
1.9730347359377558	0.005750002862454744	48.56103365218489	0.09078472050580488
1.9842183483047617	0.005131625639044794	48.4354624601841	0.10207586351168223
1.9946353038006852	0.0059547672915445365	48.37083561075049	0.10135408010303132
2.0062492534046834	0.005788308080192968	48.548801863554196	0.09096618814305589
2.0163709665928526	0.004301873713365597	48.67430063610024	0.09042654365560558
2.0240454462968067	0.003551755935421746	48.74836403220331	0.09060483522201986
2.031995576096872	0.003803760167248687	48.709580947205446	0.09060485177124335
2.0404066842057174	0.004043316930107395	48.65806623257754	0.0904265478747661
2.048205195273289	0.004604322130992832	48.56817681633699	0.09078470461601267
2.0578562087418875	0.004748475156462807	48.53436940051011	0.09042655246816295
2.0680200472369927	0.005555846606381189	48.45529863355933	0.09078471588297905
2.079143791658654	0.005478433439744425	48.46096743691395	0.09042654263801944
2.0889791039037955	0.004568488017819888	48.51375989093571	0.09060483043545085
2.098338278976261	0.004892640739251247	48.45518699165914	0.09042654605621388
2.108481377904593	0.004766797306218205	48.45319060357812	0.09078469659117538
2.11565763662491	0.002975960418343486	48.652551652205645	0.09078472113681181
2.121994452510012	0.003058776620875189	48.63919706271297	0.09042655235198752
2.12713127634519	0.0027165579751547704	48.68534948158394	0.09042655218081144
2.132910569307853	0.002517788010472459	48.70797820634958	0.09060483892784679
2.137868961309952	0.002519341259742176	48.696134937319705	0.09096621190695998
2.142481824279438	0.0023010412207976802	48.73150653360964	0.09060482516786009
2.147588768943053	0.0026058746626495006	48.6732311220485	0.09042656424898947
2.1528626660391614	0.002704182153069007	48.65099667547626	0.09060483860061105
2.1580289029088258	0.002274374068207589	48.72100362177899	0.0906048345288508
2.162158480752117	0.0021600331086581185	48.73459889876954	0.09042656071760659
2.1664926717152464	0.001725054182331574	48.819932413281755	0.09060483279166277
2.1693337285421816	0.0014174938280362673	48.910773628333835	0.09060482959564478
2.1720417309679148	0.0013099953035667863	48.96174931527067	0.09042655835602503
2.1751187643534036	0.0017156263105056332	48.84324755109112	0.09042655172592665
2.1783263563117536	0.0013664804828308992	48.93667354867273	0.09096621542346936
2.181356221028623	0.0019318664421957036	48.79067228502505	0.09042655068152312
2.184985078766928	0.0015133207814507221	48.89555704886884	0.0906048337921617
2.1880441808791895	0.0017059733432587953	48.82984097447602	0.09042655111211166
2.1922305741718175	0.0021044123103695724	48.72809001933847	0.09042654554295854
2.1955620319162588	0.0014663552975784032	48.878474727462546	0.09060482708721648
2.198679543067082	0.0017530285392040336	48.80739952442462	0.09042655676520826
2.2023170338613136	0.0020189869365817075	48.750603692930234	0.0909662156800701
2.2061833534185533	0.0015405470358440861	48.87367167550107	0.09078471281693166
2.2096522466888953	0.002116544432283952	48.73256824282046	0.09078471510494458
2.213331085967978	0.0016659266361746029	48.830431545998664	0.09078472289360855
2.216888592746143	0.0017370343710534162	48.801759994823264	0.09078471326200467
2.221040437209761	0.0022857155287429147	48.66176667347557	0.09060484654708419
2.2249078165033596	0.002030803011466613	48.70398199244035	0.09078470948939973
2.2296453207556435	0.0021154122425738487	48.676470441377255	0.09096622869338784
2.2337935403756912	0.0022589228233403807	48.647950268801104	0.09042657073471497
2.2378997768022066	0.0018163934730853022	48.736980720903986	0.0906048298297447
2.241697820577947	0.002172760473447476	48.6548020795747	0.09078471225702645
2.246013690352687	0.001949907838621099	48.69771942378651	0.09078472077195561
2.2504239889844517	0.002388007698578517	48.603136475540566	0.09096620600901936
2.2547399550894216	0.001982827491413165	48.68332668128792	0.09042655128832539
2.259320817831612	0.0024541560320396603	48.58315494989897	0.0907847179710767
2.2635135899329626	0.002128850273958596	48.64268153764203	0.09060482728030998
2.2679126928407434	0.0016976594784014957	48.74671594665699	0.09060482504735612
2.2717846804924666	0.002482138191933222	48.58800479605246	0.0906048406048677
2.2768396093087198	0.002529693517792029	48.563752069213265	0.09060482110936113
2.2820860109562746	0.00291504729380879	48.48079259435635	0.0907847210068138
2.2869938035394535	0.0021414096083404136	48.60794794714509	0.09042655843004198
2.292702378783813	0.002933265434673265	48.46694041037771	0.09060483790949453
2.297363508049155	0.0022918622707156795	48.57236376764609	0.09042654245145533
2.3033501954495312	0.0030128049586074265	48.45383744141439	0.09078469168292903
2.3088746575325607	0.0028277874049352798	48.47924637320542	0.09042656151864095
2.3141599308216327	0.0025560504198194663	48.514263368274285	0.09060481790063125
2.3191866015401863	0.0029678761375059306	48.34138197089422	0.09763704108724666
2.32508998892168	0.0027683521933557277	48.514968620836704	0.09042657056079692
2.33047677344593	0.002734779521300069	48.3306577680804	0.10171264660153398
2.336767023089876	0.0029231170827435982	48.45076081084152	0.09060482854530161
2.3416521550278766	0.002578597904972135	48.49300675568854	0.09114938220687736
2.3472683500742764	0.0022785861612102977	48.3716279246222	0.10171264291953948
2.3522991973950247	0.002795197065474293	48.26561861814048	0.10207589203336313
2.357055217191303	0.003310531087442114	48.36618918826059	0.09042657155117036
2.364152315242596	0.0025757355636093753	48.28088282841167	0.10244381837722256
2.3690348737792917	0.0023740090029407343	48.3153656109766	0.10171263449474871
2.373864149936247	0.0023497569015599185	48.31876330111098	0.10135404866878245
2.3786877930610806	0.0027599795756997297	48.24363163300001	0.1017126461754579
2.3841045959930187	0.002463497470490862	48.459585054396726	0.09096621519529863
2.38841428666634	0.0022360688803281614	48.37578106706624	0.09792665378541941
2.3940432599647314	0.0032918166049734276	48.1391129752403	0.1028165720064308
2.3994842566096595	0.0023424286914555535	48.28871764995353	0.1017126623264458
2.4048700348240946	0.0024443923020265232	48.26248187640238	0.10207588975157882
2.4101006045667104	0.0030403024262008575	48.16786722181651	0.10171261463361411
2.416548055079943	0.0038417095899885645	48.05860466065243	0.10244383141020731
2.422654558285647	0.002226541548333121	48.29473952599156	0.10171263770982082
2.440176550003814	0.009685909939617219	48.039945100621445	0.11321685791257385
2.4554801585467514	0.00623397139240469	48.17209089624454	0.1158282370791003
2.4691736426733177	0.009060717290508329	48.001806577390965	0.11582821975824362
2.4877035553642215	0.007717690563282335	48.05712421979111	0.11763785888827158
2.5107121648812494	0.0164685003497416	47.732768004018126	0.1151167940685178
2.540937791050594	0.0119478037871187	47.885493716439306	0.11182227394498008
2.562524809885766	0.012180361063255445	47.81513685297373	0.11717721726887413
2.5891906605239976	0.012982106912930376	47.79687386326208	0.11469748295166739
2.6109893444277614	0.007988892112443365	47.952337438221484	0.11627250801092541
2.6361474238767246	0.013707886859013467	47.65245727412755	0.11953727265390937
2.655724165965122	0.009827901751389484	47.78420231251804	0.11627250016415971
2.6766891277185416	0.01186192428507404	47.680604894449125	0.116722154117035
2.701345492219927	0.010617462261592226	47.767891764456465	0.11145866372667469
2.720982146513964	0.010711791945241834	47.67746783093855	0.11672217275182623
2.7419322213320196	0.012356182302140754	47.59328220803412	0.11763782659382856
2.7670422293057637	0.011662236119759573	47.625299685613214	0.11672217721729307
2.793106455332471	0.01193781809652802	47.61682754421257	0.11728788489658151
2.8183574467022874	0.014867919681526506	47.4845276536921	0.11905367113913279
2.8428232998021468	0.01064653074384136	47.61948824509767	0.1181040173515652
2.8622850406342177	0.007736761955105567	47.73125015865271	0.11857595236030094
2.8793470370390413	0.010570862900633351	47.57393592464064	0.11627249326656479
2.9009252513572883	0.010058476971176247	47.567762983533285	0.115540997639887
2.920223959483706	0.009264855716016884	47.61454104009575	0.11554097881209233
2.942899246190359	0.011499307456755594	47.513078420518	0.11627253433715971
2.9640058043431265	0.009020775571495375	47.64094572083393	0.11597009465214604
2.981962137686172	0.011745365854076179	47.536834977854774	0.11293670165779607
3.4833748605060606	0.0037999599412827565	46.76719542957079	0.11792182946394614
3.4914352451080517	0.0041126481205935655	46.73485296347317	0.11721087321347716
3.500651797865414	0.00514991908759462	46.64948329398377	0.11651310745741128
3.508302577500678	0.0032200000670751295	46.86176094157621	0.11721087089457956
3.5173949374026163	0.004955191185502945	46.653722331648005	0.11450481075095251
3.52768303224534	0.005367098544802905	46.548958888603586	0.11686038495406759
3.536192057699412	0.0031922861894171043	46.75649293017641	0.11651312023072605
3.5448942827316117	0.0060042138607523205	46.46754610239226	0.11756469165273083
3.556546006932246	0.00543361692938161	46.52866153010255	0.11387316956717322
3.5679133645313685	0.005132828031357665	46.507321211620855	0.11828238264880811
3.5749059769248155	0.0026043324799454406	46.80752986802305	0.11616909015220143
3.582386911111284	0.004731870505460216	46.53911179127543	0.11651311289650566
3.593002966966286	0.005601713660146372	46.45835479465681	0.11721090952490795
3.6014161742559505	0.003563815133524883	46.668828256281785	0.11582823605852376
3.610838461984188	0.005666550503634936	46.50510500216064	0.11265088187478588
3.807060797296395	0.00332935879940382	46.46892729094723	0.11728754545258563
3.813845611747934	0.0033688053644908033	46.35072356085351	0.12901274485855943
3.8203985584734994	0.0028250764533285745	46.56179308404801	0.11665498261054139
3.825697298303015	0.0033667197629177717	46.48449781164016	0.1166550021077833
3.8341442091912814	0.0052134818165262345	46.151567824809284	0.12934336789285664
3.8430162033499125	0.0029796980075823035	46.52089128748139	0.11425233507695699
3.8481846209576362	0.002902389355599568	46.37962931696819	0.129012711564233
3.8537730777414154	0.0032389988721873097	46.321132618991015	0.1293433837081679
3.860351415952441	0.002249446106335647	46.59852596025489	0.1160331718724218
3.9857216499272026	0.004106502787664859	46.09051024949542	0.13150560193818578
3.9931684571889576	0.003614948976036972	46.13710954589314	0.13150559663432151
3.99990409454046	0.0029067720866943992	46.23413621026487	0.12972197808230845
4.005289047317315	0.002636594404953488	46.26956183682031	0.13042712792394245
4.014246963097198	0.00548114575374369	46.065644763281384	0.11780315276864257
4.114304531884794	0.0037379036322480923	45.98862470639769	0.13116953105808513
4.119713529354407	0.0017107575219033756	46.3286162448201	0.129732937190507
4.124600270189585	0.0026264674636711834	46.133153587562575	0.13044563067827447
4.1300123529710655	0.003209409400655808	46.11962259633408	0.12183725465635688
4.211499849488445	0.0022230534680003173	46.14213448028859	0.12947400759159466
4.21834160754384	0.00521961592016469	46.03263702445556	0.10475772005246388
4.274026597932258	0.011495181964107764	45.913117871162235	0.12959011186590877
4.294111133200005	0.004278540370959103	45.83466279742312	0.12407933631962571
4.346824218746126	0.013726254214506703	45.89617668944868	0.09356368723004801
4.397851210500503	0.0029660476469521523	45.820121994698255	0.13133452227932296
4.408400656028277	0.008782001931466764	45.878128059906786	0.10026129400234539
4.448836601501722	0.002163933090058463	45.96634016927288	0.1294767682303269
4.452715826614887	0.0018402887094014296	45.99730711003446	0.13028331268385623
4.457686930967257	0.00378341587288147	45.679182210639716	0.13048724256077127
4.464290144077663	0.0028303399644008954	45.9683086815302	0.1136758660903104
4.4944503853433515	0.0018141469501633787	45.963824000847495	0.1298714372044867
4.4994443477694945	0.002638470193103348	45.79149463991618	0.13150426978268775
4.504400819141127	0.0026363748990698146	45.78819960021829	0.13027414464600187
4.509444454654683	0.0024223823176479616	45.848681219929404	0.12702393049326402
4.537592516116557	0.002580064331258287	45.821786998327624	0.13087898984800905
4.5461828872273315	0.006028520341263429	45.61017083294372	0.11019740807337237
4.574449061737717	0.0015721499131862206	45.99680361973826	0.1304246185884503
4.577283059194442	0.0012479710479702942	46.10178706544674	0.1297204405389444
4.580456136191819	0.0020258493659115456	45.88919850388237	0.1306023396801301
4.5854886715021665	0.0030653432966900405	45.76070715514541	0.12436325688152135
4.617694915742934	0.0072536394912076875	45.707719136180636	0.10682325764350302
4.647632654520471	0.00677518630259053	45.54284550000652	0.12302613437306206
4.676071362531758	0.006039399228841627	45.53275049905568	0.11831050317918726
4.70620271302437	0.004654660723920457	45.584222127474746	0.10690696318181535
4.73290271407712	0.0036475960810503773	45.42845217109835	0.1296815597253639
4.758856016655226	0.00317765818705922	45.52672687601028	0.1213027625338351
4.790061490093283	0.013490374139136122	45.37141510892941	0.12274904767944798
4.832251675125308	0.021767337030578083	45.47799165568847	0.11607468724912053
4.915138112441599	0.001726972606983533	45.73827848034114	0.11688191658358828
4.93110674371164	0.0016646251658291194	45.65360256909326	0.12203432416219342
4.971655522595398	0.03756803810755813	45.49299321384936	0.09441748732515702
5.087403728505246	0.011773470526402765	45.26490152656697	0.12707206147243563
5.118517768673627	0.006196482623284029	45.4465014749234	0.11472321912574565
5.151888281154931	0.010636531282670779	45.41795449725477	0.10895919766493184
5.194032669624472	0.014189794647560643	45.13428830243705	0.136297745065534
5.242081334253233	0.01244949791582564	45.166517948936374	0.13420849041048885
5.300748042072351	0.034741600898620606	44.72759019649064	0.1387532440932419
5.373873795883739	0.023620703899249047	44.93512834341503	0.10799699645298502
5.493710779398661	0.049149511933022076	44.68729826687732	0.10567750808539225
5.639006559402833	0.08494218907541544	44.11517940735674	0.1564415596976519