0.2579899262867458	0.08069174177791365	50.0011122375266	0.12138673638358437
0.34790831427132973	0.015619294432599748	50.34700436633694	0.11465210374522707
0.42629485281746504	0.05867963272166842	49.98696615268754	0.12491126449756283
0.49823321541021814	0.01657401660444072	50.34145691451107	0.1019174824249039
0.5551118964405083	0.03877196578740298	50.020908354728064	0.12880922605422732
0.6264604617194987	0.032897981766529985	50.155335806007216	0.10173418128918368
0.661977931618682	0.003789324507493875	50.55065052552956	0.11302990188906975
0.6912813115137639	0.02479456302644564	50.1670080464401	0.10440575820972427
0.717399758125153	0.0020012033561323623	50.75784065247482	0.0992944623398811
0.8260176659324883	0.09454170886231134	49.820815767697546	0.10545422366183226
1.228078161194841	0.22475750537134195	49.3252103812623	0.1774483612763759
1.4101618985198994	0.0009473399832646227	50.67067852246754	0.11050988666881187
1.4679837985293758	0.05330874288388585	49.505872490994435	0.1757198041217294
1.5193199011691882	0.0010525671814267548	50.49073245269626	0.11341050282097288
1.524343061746703	0.003953759612766658	50.19525936355999	0.1130990764735474
1.5285881453480064	0.0003091027261211082	50.73764990068452	0.11066825482922496
1.5301309155167844	0.001232026520412607	50.340470763737144	0.1393647251707008
1.5319750344728627	0.0006134030652365531	50.593714872952845	0.111611600163095
1.5342183750693248	0.0016273138980508438	50.376446141241914	0.11230505631732635
1.5366525117425591	0.0008091093152192998	50.520247193253496	0.11334208674331211
1.5382677230128585	0.0008061056960258806	50.47747913186114	0.12666189993879678
1.539575673239633	0.0005023010165162078	50.64447719072257	0.11173187652207932
1.5415802439366266	0.0014999636726153477	50.41309431637501	0.10766359454553177
1.5445698576185987	0.0014896736210090063	50.403324826555064	0.10580323662808672
1.5466504091205648	0.0005930216750781386	50.559977011361745	0.11421757155708881
1.5478348359139122	0.0005914065639840862	50.57452126278044	0.1098848207763661
1.549801730400606	0.001373713072944573	50.45338226626711	0.10829415356182351
1.5525405026663344	0.0013650773445492911	50.56573149608117	0.1104566461966321
1.5545833067401493	0.0006793357332894201	50.811075786982414	0.10886567120100185
1.5584479787524979	0.003174210230754508	50.64910445756077	0.10502543308129474
1.5622785631860014	0.0006674046109642559	51.206847266502464	0.09630824916785725
1.5633260775205777	0.00038045530110952563	51.33557823598865	0.10348625876847845
1.5646556338529782	0.0009482308749642295	50.988713076492125	0.15315748593301004
1.5658865878354429	0.00028366411114634884	51.4414267740994	0.1049269621417968
1.56654796693097	0.0003776432707244397	51.1919578345619	0.15724515483337373
1.567302597452265	0.00037698764717474263	51.418663382517984	0.09545548210860097
1.5680559190009622	0.0003763342961256817	51.260793616368936	0.13546915326923525
1.5689957371328886	0.0005632811775407601	51.34065469221754	0.10134708332633696
1.5696524018120424	0.00009373835419237002	51.716223835363074	0.10834185238257729
1.5703080750957574	0.0005615816405704972	51.39769820507782	0.09862703983393363
1.5710562058516038	0.00018687169109838424	51.6260557908435	0.10596876745402856
1.5714297885699318	0.00018671101206724452	51.453109549984944	0.1547688438487623
1.571709764764222	0.0000932953420268611	51.7973097181346	0.1020144007434856
1.5719895606522778	0.000186470511003972	51.328918331592924	0.1918873315429953
1.5723623416300385	0.00018631052086501212	51.50946601525192	0.11390746080939045
1.5729209138194888	0.00037214209951636927	51.32260197132199	0.10573811444090027
1.5734787685876708	0.00018583219343185	51.37881756879248	0.10484546380970262
1.5738502739546156	0.00018567329632328825	51.07574822881418	0.18705460512428035
1.574221461937245	0.00018551467065569055	51.23825150874955	0.11252780770185751
1.5747776496383734	0.0003705544794822598	51.13295466653561	0.10607151415011094
1.575333125957819	0.0001850404158015506	51.562221849081425	0.09445377867583006
1.5757030491898556	0.00018488286923506761	51.74060382970838	0.0883427893448705
1.5760726576657431	0.0001847255906867624	51.5581806313385	0.15935093855592164
1.5764419517144466	0.00018456857956094969	51.947043975097145	0.10166367813560928
1.5768109321451569	0.0001844118350594722	52.08856755916863	0.09820061778551452
1.577179599215649	0.0001842553566202508	52.12092504251655	0.0915610508318934
1.5775479537319326	0.00018409914345013937	52.004578365889685	0.11155287561182618
1.578007957882051	0.0002758563736666304	52.05418097603628	0.08275259295827321
1.5783756106867088	0.00009187431525224166	51.81329683083981	0.09712658028126925
1.5785593204181236	0.00009183545996583275	51.5774668999719	0.0985920134924742
1.5789265070502483	0.00027527354362908877	51.09377057790765	0.07905549893891543
1.5792933834962197	0.00009168036685935752	50.949073100760664	0.09898562069769815
1.5794767054948051	0.00009164167541371912	50.70494640021987	0.13448159842196827
1.5796599501431656	0.00009160301661185178	50.81111593536071	0.08216652679100522
1.5798431175065482	0.00009156439041246064	50.51210124394452	0.1260298457643346
1.5800262077864995	0.0000915257967455785	50.62622964516313	0.09079936720820925
1.5803921566743193	0.00009144870698854823	50.40052345555725	0.09942515307857044
1.5805750156847573	0.00009141021075886036	50.194391949657714	0.13586342376887026
1.580757797598944	0.00009137174695491088	50.80142398066502	0.06895995092501085
1.580940502617901	0.00009133331550712675	50.9735142402578	0.08094548673945118
1.5811231308063014	0.00009129491637469746	50.95667792006209	0.13433267297203874
1.5813056823647167	0.00009125654948830789	51.36332786654855	0.10296575555132818
1.5814881570856334	0.00009121821486445558	51.76215857907616	0.07829905782924115
1.5816705551695183	0.0000911799124339382	51.833322243922126	0.09317189710416021
1.581852876680718	0.0000911416421562187	51.27346697052369	0.09947451166473016
1.5820351218192517	0.00009110340396235074	50.70932021192118	0.1039489606282037
1.5822172903777374	0.00009106519786891277	50.70111267918911	0.08610638219601201
1.5823993825560911	0.0000910270238070698	50.95139159429089	0.07972680973434909
1.5825813985539183	0.00009098888170815034	51.24636825261399	0.06674913432808816
1.5827633381639383	0.0000909507715887922	50.99981709941805	0.10811596235868703
1.5829452015856524	0.00009091269338043475	51.024150105025	0.09676568956749887
1.5831269888828436	0.00009087464704301426	50.887383919737324	0.1157833260931877
1.583308700254571	0.00009083663250822313	50.95235223391615	0.0930454127128986
1.5834903354936845	0.0000907986497927777	50.79913356823227	0.11533898181405632
1.5836718947991413	0.00009076069882848005	51.200163481095856	0.07520745473343197
1.58385337836959	0.00009072277954729384	51.08371886752211	0.12362259665266205
1.5840347859979833	0.00009068489196599309	51.46180029666778	0.08391560030646072
1.5842161178828686	0.00009064703601665071	51.56158561385662	0.10115347134851448
1.58439737408747	0.00009060921165966919	51.62461070570701	0.12187102198802847
1.5845785548098938	0.00009057141882737146	52.01739644051598	0.074197131200559
1.5847596598432279	0.00009053365753660768	51.76919613500088	0.11415459776083405
1.5849406893854758	0.00009049592771980895	51.911193871204475	0.08106837615114752
1.5851216436343412	0.00009045822930956547	51.75556165327506	0.09152111714298156
1.58530252238301	0.00009042056232278392	51.81674943876454	0.07731054569362526
1.5854833258290835	0.0000903829266921623	51.70383566719831	0.07405714034266137
1.5856640540352351	0.00009034532237856266	51.42488367979561	0.09145396442731914
1.5858447071986286	0.0000903077493149302	51.55556394697185	0.0699903406358371
1.5860252851125871	0.0000902702075182452	51.40361784742991	0.08740236178293988
1.5862057879741742	0.00009023269692155933	51.460754539973976	0.08356686780206508
1.5863862158457516	0.00009019521748599436	51.4121245981819	0.08862059247847957
1.5865665689239477	0.00009015776914484722	51.36407888732757	0.0922060863213866
1.586746847002221	0.00009012035191517124	51.19961717226683	0.10361549676693865
1.5869270502771025	0.00009008296573036869	50.933799356272374	0.13698198045232818
1.5871071789448208	0.00009004561052399889	51.07151138308665	0.07976380804792318
1.5872872327989376	0.0000900082863131686	50.776482544107814	0.13229657343470944
1.587467212035584	0.000089970993031542	51.159552541548685	0.10108992421189789
1.58764711671658	0.00008993373064068995	51.41443416074243	0.10631007891715301
1.5878269470376247	0.00008989649907451915	51.84409264480181	0.07765688285419405
1.588006702792417	0.00008985929835020712	51.80767199109225	0.12283813129345862
1.5881863841765584	0.00008982212840176418	51.69881021300236	0.09556365261209784
1.5883659913853525	0.00008978498916335593	51.69370522073544	0.06714907156695843
1.5885455242126012	0.0000897478806522118	51.31948369061362	0.0879743578495319
1.5887249828535106	0.00008971080280260061	51.31826978903011	0.09362873352758934
1.5889043673693668	0.00008967375557653596	51.23964397241362	0.11477773394834205
1.5901579888773623	0.00008941527922082182	50.97963770293166	0.0772242477945479
1.5903367827230408	0.00008937847559576161	51.147685909882895	0.08532072733214051
1.5905155028585911	0.00008934170228261095	51.34686981458339	0.07736865580785403
1.5906941494777833	0.00008930495921657322	51.50016087711794	0.08252259713658422
1.590872722641075	0.00008926824636034482	51.77708889183323	0.08102369562516658
1.591051222541814	0.00008923156364936439	51.96913708090828	0.08926826845447501
1.5912296489743223	0.00008919491110111256	52.19009349445824	0.09085122885259488
1.591408002131854	0.00008915828865112743	52.11668046758519	0.10710193525871398
1.5915862822073696	0.00008912169623509809	52.15811713582669	0.10079834156978427
1.5917644889952978	0.00008908513387055318	52.327999026403546	0.07185601478865085
1.591942622688505	0.00008904860149328094	51.83985314448143	0.10704124187559279
1.5921206833469301	0.0000890120990664044	51.69191571511788	0.08124108863462812
1.59229867116302	0.00008897562652594436	51.617382472869586	0.07899828640363311
1.5924765859313428	0.00008893918388949308	51.602003798386306	0.07820156309958869
1.5926544278442547	0.00008890277109316935	51.475105553674915	0.09445659798830168
1.5928321970938193	0.00008886638807324123	51.497051986986754	0.09027905437100342
1.593009893474712	0.00008883003484734757	51.4567656248401	0.09602176600947994
1.5931875171789036	0.00008879371135185409	51.40335950867704	0.09829937356143371
1.59336506826582	0.0000887574175503043	51.268215528829614	0.10877041431092788
1.5935425469270161	0.00008872115337929386	51.44682181379602	0.06775442767077179
1.5937199529573085	0.00008868491885652312	51.29311731175904	0.07801675264952392
1.5938972865481609	0.00008864871391868439	51.35415291844375	0.06383183057597663
1.594074547890751	0.00008861253850261708	51.0679255657993	0.08225312413267899
1.5942517367799998	0.00008857639262606721	50.98464947542728	0.08103838229527144
1.5944288534069924	0.00008854027622597046	50.997453071902726	0.0782431963740648
1.5946058978306468	0.00008850418926628491	51.13216309093499	0.0711744316398458
1.5947828702416342	0.00008846813168417376	51.1645022310915	0.075034712905898
1.5949597704350202	0.00008843210349744223	51.475429071079105	0.07792949249572859
1.5951365986013857	0.00008839610464334878	51.933569132790765	0.07569099002272636
1.5953133547993616	0.00008836013508608562	52.29021853929751	0.0703056250149317
1.5954900392191176	0.00008832419476313692	51.74129181273094	0.06732759192029582
1.5956666516558606	0.00008828828369236682	51.25356063727698	0.06633764423987547
1.5958431922996736	0.0000882524018113535	51.10122072759697	0.06884231390589823
1.5960196613403514	0.00008821654905782043	50.962043617945724	0.07222315096631449
1.5961960585732098	0.00008818072544967475	51.16908319004335	0.07012975423569277
1.5963723841879554	0.00008814493092473364	51.345005583001104	0.06852555577008032
1.5965486382427203	0.00008810916544759472	51.39794809780264	0.07880799518560827
1.5967248209268032	0.00008807342895629844	51.514543997771604	0.08455431484838898
1.596900932035662	0.00008803772146880885	51.72422712124829	0.06532144531391801
1.597076971758509	0.00008800204292325896	51.71477430265352	0.08009620392780038
1.597252940284272	0.00008796639325792562	51.93487843743475	0.08345292255398348
1.5974288374085166	0.00008793077249081443	52.23891556753795	0.06989352163513558
1.597604663320084	0.00008789518056029448	52.14675744094889	0.06711587827308448
1.5977804180766133	0.00008785961743136305	51.98889441901704	0.06690129467641528
1.5979561018665396	0.00008782408304260985	51.58021283287357	0.06671310218460764
1.5981317144855731	0.00008778857741209559	51.0729807414478	0.07636580106570391
1.5983072561220628	0.00008775310047850151	51.28081788000026	0.0731359970002482
1.5984827269640776	0.00008771765218065035	51.98931898411597	0.05945744061390575
1.5986581268074358	0.00008768223253664359	51.667631722278905	0.07717022662747021
1.5988334558401185	0.00008764684148539511	51.23155367650757	0.0661456543436919
1.599008714119278	0.00008761147899229613	50.72931419813362	0.07271618664865422
1.5991839018324931	0.00008757614499647888	50.96751129559465	0.07017499569534207
1.5993590187757285	0.00008754083951609777	51.09178101809428	0.08136551812245595
1.5995340651364776	0.00008750556249037508	51.3864111888797	0.0664273811749576
1.5997090409716166	0.0000874703138849247	51.281497987219375	0.08663757392036296
1.599883946468239	0.00008743509363918564	51.36758742182376	0.07799543883137681
1.6000587814224536	0.00008739990177136486	51.37203549070003	0.07424744304032647
1.6002335460212707	0.00008736473822099039	51.306590574885256	0.07692210972878753
1.6004082404514213	0.00008732960292773003	51.19319008985508	0.07895386396717925
1.6005828645091242	0.0000872944959098291	51.122274627185746	0.07630423619765431
1.6007574183810265	0.00008725941710704411	51.45395982789595	0.06358777797485857
1.6009319021235249	0.00008722436648537425	51.64072474612621	0.06892533823418448
1.6011063159228696	0.0000871893439847904	51.589471403828014	0.07378574453475856
1.601280659575424	0.00008715434962358862	51.56750427414631	0.07830285558919585
1.6014549332673564	0.0000871193833418274	51.67370420972359	0.07888119202202634
1.6016291371845566	0.00008708444507970353	51.78221060378801	0.08931667862998469
1.601803271123499	0.00008704953485555018	51.911354366067656	0.10121508428816864
1.6019773352699909	0.00008701465260965149	52.09571138045787	0.07329392328250589
1.6021513296799563	0.00008697979830838665	51.9079809886157	0.07861334126017412
1.602325254538808	0.0000869449718922518	51.84036243230542	0.07083264572999805
1.602499109643168	0.00008691017337962898	51.50211705228272	0.0744595603787577
1.6026728951783662	0.00008687540271110091	51.3308317276623	0.07813280856174024
1.6028466113294624	0.00008684065982738621	51.822290495102024	0.07461690848527397
1.6030202578931825	0.0000868059447469042	52.22127966970059	0.08418777958441075
1.6031938350545063	0.00008677125741045928	52.31355030803371	0.07596229256017335
1.6033673428688922	0.00008673659778480464	51.741261007260675	0.11359559961447589
1.6035407815209142	0.00008670196581095694	51.693944097983824	0.07151787253628031
1.6037141508074633	0.00008666736150737962	51.37192033603624	0.09386279474146678
1.6038874509130319	0.00008663278481517457	51.34041733481746	0.08666636309823297
1.6040606818928145	0.00008659823570130671	51.20181194201427	0.09448580345558089
1.6042338439309274	0.00008656371410708361	51.56068662763328	0.07800041395389846
1.6044069368243956	0.00008652922005101776	51.914455729034444	0.09165228177955295
1.6045799607572466	0.00008649475347450294	52.444654223316945	0.08126832677311545
1.6047529159132503	0.00008646031431906468	52.433014293141845	0.075826643533537
1.6049258020895383	0.00008642590260325054	52.052954381233825	0.07786930855280592
1.6050986194697952	0.00008639151826867081	51.68181196378878	0.08019275157710808
1.6052713681087558	0.00008635716128265699	51.34701868116068	0.08014824321897367
1.6054440481897052	0.0000863228315870279	51.145615186656165	0.07336923272747202
1.6056166595099415	0.00008628852920037254	51.15999205367216	0.08406486303049768
1.605789202252671	0.00008625425406459303	51.256524738917946	0.07356866965419692
1.6059616766008469	0.00008622000612172083	51.059683866714025	0.06862773783969932
1.6061340823518628	0.00008618578539038149	50.79894742267839	0.07435826923330167
1.6063925627185591	0.00017226901039272839	50.42186096963487	0.10037837806525579
1.606650889464486	0.00008608328596365099	51.06542255171779	0.08362489554238997
1.6068230218836892	0.00008604917365329013	51.276065478354596	0.09026172676470054
1.606995086105312	0.0000860150883676601	51.26820751751543	0.13953116507440927
1.6071670823114996	0.00008598103004929221	51.17143836200625	0.09045387172078266
1.6073390102999066	0.00008594699871688735	50.773139277239984	0.11047116912149557
1.6075108702525969	0.0000859129943130591	50.44479896287804	0.11753901279764455
1.6076826622234	0.00008587901680585687	50.35365692816118	0.09358420090139516
1.607854386393986	0.00008584506613809824	50.865779483202274	0.08892455196812372
1.608026042562176	0.00008581114232852254	51.29100547003599	0.1073229940588138
1.6081976309095627	0.00008577724532002806	51.961249801302586	0.08095732860102343
1.6083691514897211	0.0000857433750808657	51.85798362428037	0.10436282410753137
1.6085406044838784	0.00008570953155413135	51.53139639080635	0.11794694463747589
1.608711989689992	0.00008567571475860795	51.55462081826473	0.06863129025181196
1.6088833072892037	0.00008564192463747314	51.286667024617856	0.10458079405666358
1.6090545574624044	0.00008560816113403131	51.42876089007597	0.09177040373813404
1.6092257400076597	0.00008557442426709648	51.56133991686026	0.08575559976200484
1.609396855105781	0.00008554071398005344	51.682561677213045	0.07863802130915018
1.6095679028098997	0.00008550703024150191	51.35990369077882	0.15513579993236104
1.6097388833004376	0.00008547337299502712	51.62816532114154	0.08931797885975526
1.609909796375628	0.00008543974225947934	51.549272520806085	0.10434030391067263
1.6100806422158167	0.00008540613797852263	51.61206712295049	0.08976242774118304
1.6102514210011043	0.00008537256009594572	51.08608003356433	0.14368136422813932
1.61042213252982	0.00008533900863063141	51.07389902062099	0.08779083959010968
1.6105927769819848	0.00008530548352644758	50.91749403543216	0.07667805699668619
1.6107633544102955	0.00008527198475233795	50.60475881162463	0.09294003687930691
1.6109338649943858	0.00008523851225236868	50.71332235835185	0.11341522296396335
1.6111043085327539	0.00008520506604545746	51.09362833545708	0.0853462536337716
1.6112746852049595	0.00008517164607574808	51.27673919227834	0.08989792053668644
1.6114449951903207	0.00008513825228750763	51.4611757756573	0.09546254660754327
1.611615238287431	0.0000851048846996853	51.33917340219762	0.09789618372340425
1.611785414675529	0.00008507154325662617	51.37315272922236	0.08480265562412222
1.6119555244068786	0.00008503822792761336	51.16500348763118	0.10527435702386885
1.6121255676603343	0.00008500493865718808	51.250011630242334	0.08310996805047709
1.6122955442346594	0.000084971675464333	51.077367854615794	0.10093388242590128
1.6124654543086352	0.00008493843829366581	50.91512571700582	0.11140049904322176
1.6126352979342806	0.00008490522711466147	51.04184418293532	0.08329835136109831
1.61280507529002	0.00008487204187212761	50.79123475146532	0.11143425845813063
1.612974786174756	0.00008483888258508544	50.82897950260219	0.09032714620314997
1.6131444307668332	0.00008480574919842007	50.83716405731829	0.10726906977935059
1.6133140092443499	0.00008477264165713883	51.05449464328568	0.1129094506660848
1.6134835214063188	0.00008473955998029029	51.37767263359632	0.09303809542617687
1.6136529674307625	0.0000847065041129579	51.613436508050924	0.0886214581162729
1.6138223473692739	0.00008467347402494868	51.75607560537387	0.10444501191278775
1.6139916613994953	0.00008464046966153891	51.893066510674956	0.08622284559040828
1.6142455085536274	0.0001691820227344134	51.594497392605795	0.08893867789644155
1.6144992075455622	0.00008454161081491021	51.597259388270956	0.09419385437916689
1.6146682578260123	0.00008450870917232205	51.52441819066679	0.13728788785864363
1.614837242328795	0.00008447583312889028	52.02084426582395	0.09265233580680167
1.6150061611050834	0.00008444298265474948	52.077932155767975	0.1413721687942252
1.6151750143317567	0.00008441015769563651	52.527350188606256	0.09919459608882587
1.6153438018082646	0.00008437735827069035	52.76125123527082	0.10470996329826276
1.6155125237114174	0.0000843445843257214	52.97304105387974	0.10290733121025315
1.6156811802177862	0.0000843118358066589	52.57248768514532	0.10378916848007663
1.6158497711269189	0.00008427911273266966	52.22632910436231	0.10213540454682762
1.6160182966153134	0.0000842464150497569	51.77854148777495	0.12211823807586698
1.616186756733726	0.00008421374272837837	51.504861966539984	0.09450144508854005
1.6163551516582808	0.00008418109571472591	51.09459075543957	0.10715626084641931
1.6166076214939589	0.00016826434532782265	50.73479971380317	0.09096417276406482
1.6169440198587395	0.00016813406061004513	50.85933912814593	0.09504351494861549
1.6171961477595997	0.00008401823969534832	51.03446138736279	0.11125804718867469
1.6173641517041364	0.00008398574408143136	51.16546775792122	0.092866826015941
1.6175320908076933	0.00008395327357017639	51.237468399447465	0.09672722566828586
1.6176999648702413	0.000083920828180837	51.05248573344766	0.17757771354812943
1.6178677740670973	0.00008388840786012363	51.34442778145766	0.1092287152816268
1.6180355184483741	0.00008385601257899311	51.509724754211035	0.09990689429653882
1.6182870137254166	0.0001676149330379978	51.3713438281341	0.13331990558278878
1.6186221142693686	0.00016748565165483818	51.654359389093024	0.0943261002140333
1.6189569564499127	0.00016735656954741622	51.51431044282049	0.09633584821354858
1.6193751464636168	0.00025079324466210223	51.20235902986616	0.1046134880793708
1.6197094087598634	0.00008353343051560807	51.34999444992844	0.09609009521253631
1.6198764435846085	0.00008350130874199945	51.10423066121764	0.13542204151660128
1.6200434140660895	0.00008346921168688193	51.15304159532416	0.10748629263680007
1.6202103203781448	0.00008343713929784707	51.26922194922051	0.07610006573299441
1.6205439407739626	0.00025011920516543757	50.88243759392202	0.08327241394125881
1.620877305041476	0.0000833090958109276	51.03748192146669	0.10011289045794328
1.6211271604524777	0.00016652236152154347	50.85389698206135	0.11579410529676931
1.6213768722009794	0.00008321332079541255	51.12164716565447	0.0970126890016022
1.6217095980506062	0.00008314959302376685	51.18986801199705	0.09602216505015637
1.6219589751662624	0.00016620372246527662	51.04472463449788	0.10426531265039511
1.6222082091687524	0.00008305418421067187	51.29341269761811	0.10016833440487957
1.6225402989589608	0.00008299069985808804	51.42185745899293	0.09426046834686089
1.6228721349645563	0.0002487819374719706	51.28705493173662	0.09074893366851261
1.623203717573093	0.00008286402188630226	51.51014009120884	0.08097778427202194
1.623617840182091	0.00033114017739139596	50.990799341417784	0.08768734189422565
1.624114266666943	0.00016538093957617155	50.818330154743435	0.11318969927980396
1.6243622672016726	0.0000826432635088664	50.8745613695345	0.10991325355470356
1.624610126259961	0.00016519222217073606	50.410578039370066	0.16580185015141094
1.6249403850925679	0.00016506664965167955	50.65954136040466	0.10990831625092068
1.6252703929709835	0.0001649412678980206	50.78044046102753	0.09816006562895047
1.6256001502763013	0.00016481607647538446	50.80778130144228	0.10535608762062987
1.625929657450101	0.00016469107492744723	50.77353390128616	0.1237970238623564
1.6262589146876916	0.00016456626289225944	50.98955920172479	0.09585221722641964
1.6265056940260967	0.00008223638894881841	51.0658299350817	0.11368763320319734
1.626752333094135	0.00016437939910092503	50.99774470482409	0.10578454027535093
1.6272451915453725	0.00032838591838643363	50.916827292852204	0.09580492770209584
1.6277374913108844	0.0001640069417284594	51.07392362991617	0.1004524172304552
1.6280653813782096	0.0001638831640750008	51.03824743197503	0.11717746149939896
1.6283930240769948	0.00016375957311307143	51.068409370838324	0.10248252948943769
1.6287204197802014	0.0001636361684206145	50.89744394398687	0.13616315618416072
1.6290475688599428	0.00016351294957684604	50.966494268054475	0.11161077801057574
1.6294561589659946	0.00024503878009642625	50.852131346236206	0.10514382089917294
1.629945960240626	0.000244762578907459	50.70364206384812	0.12096753398812911
1.6304352096946848	0.0002444869996934823	50.6963277495309	0.11229832891190251
1.631086686167173	0.0004068675409521457	50.59395924379277	0.09275657624296345
1.6316559274918896	0.00016253383927823922	50.61424068800309	0.10493476343491498
1.6321432555079507	0.00032470312006660973	50.12598022754155	0.19220931705888505
1.6327111145382054	0.00024320912548651325	50.48199191227055	0.08512479135225005
1.6330352723790986	0.00008100922055995955	50.560386052888795	0.1123286077038681
1.6334401296913803	0.00032373494984736434	50.30127421517563	0.10206393767666325
1.634087117444177	0.0003232530265936856	50.52312669492483	0.12563773695459263
1.6345717264962587	0.00016144626235900826	51.05001054212143	0.09782537186930597
1.6350557954283118	0.00032253282601020435	51.061966886629236	0.11689360413661185
1.6355393253529844	0.0001610869639279662	51.46907702764738	0.11220764650364869
1.635861379893069	0.0001609675528844657	51.406498748376656	0.1532156070361083
1.6361027640780097	0.00008043905537482913	51.680644891264855	0.10051463138635329
1.6365047732714302	0.000321458522319762	51.269683891716475	0.09817085115362965
1.6371472148929083	0.0003209833478256154	50.84396690205672	0.14889882805851176
1.6377887075990276	0.0003205095760255981	50.881856690181834	0.09955525675448312
1.6382692060452724	0.00016007758199616294	51.03786352126722	0.11082630946679263
1.63858924325336	0.00015995966221390228	51.07915700233635	0.11417741278969963
1.6389889584237778	0.00023971875983832175	51.12154626581901	0.09350481395539958
1.6394681314809485	0.00023945441518110976	50.952498069631616	0.15198493211393155
1.6398670389505716	0.00015948971525101888	51.25673776052155	0.11124732083365246
1.6403452447105298	0.00031862839253647544	51.19515070778478	0.10488335032426468
1.640982034402693	0.00031816154203450557	51.05978092235507	0.15926312211427643
1.6414590146783785	0.0001589061504768678	51.4635019257937	0.11068845897712229
1.6423321202802612	0.0007136415291238276	51.24369716753919	0.09401329342708425
1.643440812967589	0.0003954566812207605	51.36319868367081	0.10539030488357354
1.6439940997095313	0.00015798127769105983	51.55858504795807	0.11157157384410392
1.644467785142904	0.00031561812257217825	51.213276306845664	0.14240396698425445
1.6448621287432827	0.0000788329170820063	51.56533029794467	0.10830276717360879
1.645177345923566	0.0002363271593308964	51.25634727015356	0.11451801489364244
1.6457284262103304	0.00031470329571995005	51.16424144699034	0.10199405232494818
1.6466715113787609	0.0006280412966494537	50.78960181478149	0.11627769039694884
1.648004052726314	0.0007043818918653739	50.575525607769045	0.1132059513815523
1.648942214556102	0.00023428731006754148	50.918307880720505	0.10717410073521969
1.6494105365574663	0.0002340348022222929	50.979185771215796	0.10622259216077296
1.6503456682823925	0.0007005942475928265	50.701052773544625	0.14293678342729751
1.6517446012655135	0.0006983411506054183	51.02508920374222	0.10661732807367603
1.6531390425104393	0.000696102499011561	51.16300908254148	0.11414177147980285
1.6545290207948	0.0006938781542926591	51.15975137209636	0.12533599166393686
1.6556839473729903	0.0004613569092542011	51.267735388941105	0.10845156091101711
1.6572957020660513	0.0011491197340765308	51.02806211262748	0.1024599557177317
1.6586724612202735	0.0002290965343443955	51.37220584000403	0.09300018364649876
1.6598164358855672	0.0009139754619321306	51.010612357017294	0.09420220761345252
1.6610333632602143	0.00030380600513130857	51.089698481222996	0.1108526024875234
1.6620953847097157	0.0007576599678802513	50.81817516755189	0.1146061942703487
1.6636080671870712	0.0007550255680824222	50.45111690237144	0.19803213378814022
1.6646638186803295	0.00030127694481098466	50.86597629395078	0.11068785679202518
1.6663176887705455	0.00045019771622270744	50.655679321710615	0.11334938865479678
1.6678157611003812	0.0010468440778760913	50.46080542654615	0.10223807699631705
1.6693831952570533	0.0005215363349539386	50.58848077633902	0.11213970859363571
1.6706479401361751	0.0007428853360553771	50.41753733837502	0.13985487262686272
1.6721311750839385	0.000740352506193688	50.54973874780985	0.10988283421566312
1.6750825339972144	0.002206014926537021	50.3599828116979	0.10957742824365069
1.677502396235243	0.000219375732756701	50.92368990306553	0.10630955387796934
1.6785978920376567	0.0008752922435576939	50.48151148666243	0.1452427245450407
1.6797633830920786	0.0002909821404417878	50.92338334127186	0.1110359930991545
1.6812158622020654	0.0011600423552833982	50.4452399639309	0.1924203412699925
1.6836018831177662	0.0012257919479692232	50.845136815402995	0.11167969494524324
1.6856161562007632	0.0007894893119049266	51.08808011465325	0.10592441123561425
1.6871922713823417	0.0007866293379597658	51.025341815834935	0.14724309259378782
1.6883349549203055	0.00035661924429767255	51.395218280113006	0.11400524206572521
1.6899723130113762	0.00042633271838445893	51.42956366365421	0.10798122891553992
1.6913911020444539	0.000991531828103122	50.97390049918812	0.1894782049646803
1.692522805463739	0.0001412787735638182	51.629780734691565	0.11330872280257769
1.6940740980881344	0.0014077502836830267	51.02394421877607	0.13805656115907608
1.6957601214327618	0.00028045913862383094	51.485596345279674	0.10445608095566795
1.6989734842545412	0.002923112513452596	50.993262413595914	0.09897411360018987
1.7023014010362714	0.0004143998364176109	51.37278565108912	0.10450148269546068
1.705329750202847	0.0026062950090332587	50.96613424956402	0.09900842706049388
1.7080645896172368	0.00013631232708163026	51.52564299311198	0.11380079104462507
1.710917755762525	0.002708394739008039	50.87768542183863	0.10773880977017496
1.7138868177839461	0.00026899418982165334	51.32937988500452	0.11453250717225864
1.7177698228087872	0.0035990979231821834	50.844017774039564	0.09334180620265341
1.722542301252256	0.0011865879393847397	50.954164903536864	0.11430738928564478
1.731157919061187	0.0073674408577398326	50.46107999032616	0.12374004589066247
1.7388446910395918	0.0003809572870605033	51.09138062190785	0.11042044873493649
1.742133834140968	0.0028986362790701836	50.551465128923006	0.13243031036894887
1.747892754557456	0.0028604529130254216	50.62866243126878	0.10424524073142907
1.7536990408715123	0.0029451805413800505	50.54966698283779	0.11145271077585751
1.7572432989998055	0.0006085922630826349	50.86869325110096	0.11228179617195193
1.7626863769657477	0.004808098276595615	50.4128766138551	0.10732267526935708
1.7721976579499639	0.004703943048272881	50.37207300451146	0.10585591104412993
1.7815050931639924	0.004604204656955892	50.31027573659625	0.10999210789256374
1.8082872755975605	0.021644245021955073	49.894880285196564	0.0957977136377693
1.833513345901616	0.00408457022375488	50.02182712726156	0.11461205075610278
1.7995034677014734	0.0006957237086691594	50.17391881927676	0.06420737532813
1.8007991130397774	0.0007156718995471171	50.139504773038595	0.06502159955388845
1.802302172623418	0.000718685444143983	50.13291339994375	0.06488025677090953
1.8039886276704882	0.0009099035011563032	50.025982973645654	0.06502162652859354
1.8056794466274153	0.0008233522234628582	50.06896324521419	0.06488026809407654
1.80729049730786	0.000764712767770301	50.099677079358244	0.0648802634130334
1.8087658906853232	0.0007134733675743225	50.127974413641	0.06488028142050474
1.8103197766657406	0.0007688224672506317	50.0981053423566	0.06483717395783282
1.81178224816868	0.0008574885795652458	50.04395423305533	0.06502162341340009
1.8135125607141245	0.0007792301154397152	50.083653971604306	0.06488025758350706
1.8151720999335612	0.0008534845507891062	50.04316153086775	0.06488025089793997
1.816859807620771	0.000903227265213731	50.01595965342475	0.06502160939706243
1.818863235454572	0.0010284518336878886	49.95742879433092	0.06502163147048058
1.8207786062811737	0.0009122011151020148	50.0068833295942	0.06502160516573796
1.8223189895966405	0.0007766859310721516	49.92435031741878	0.07353479136698655
1.8240705272593043	0.0007839956975882013	49.90104737731089	0.07473766280691699
1.8257448637359224	0.0009823961829952975	49.973380780496086	0.06516395709320254
1.8276948759706293	0.0009973997079281982	49.96745949582046	0.06502160551830702
1.829703135953037	0.0009090992505224176	50.00477221125539	0.06502161613319818
1.8312994920378125	0.0007492436824440464	49.906376851436605	0.07584392896619027
1.8329590224465255	0.0009023092576504844	50.00056872139254	0.06516396413275662
1.834871891256005	0.0009148854773062398	49.99644896713897	0.06502160511093416
1.8365609497167752	0.0008568316116910506	50.023476806979346	0.06502163539463658
1.8383065900139035	0.0009594376057254895	49.972306347473776	0.06488024782106719
1.8400980483157878	0.0007555899248027279	50.07146170092315	0.0651639430943574
1.8417318731836152	0.0008692352539953531	50.024677182392374	0.06469834557990227
1.8434668734213628	0.0009743026753409348	49.97619942638342	0.06488028878563921
1.8451775738450629	0.0006275141725449269	50.22088298478348	0.06211075283243011
1.8465398125120631	0.0007915361975578516	50.051577198197336	0.0648802818353492
1.8481101328169693	0.0007257330943044974	50.0873452541537	0.06469833404596728
1.849583780783399	0.0007183544740149181	50.08013603604495	0.06530729039495856
1.8509445521144523	0.0006854519091748671	50.10001587118645	0.06516393798407874
1.8521910443147973	0.0006321341214772241	50.13480772749989	0.06502163925927525
1.8534729818472233	0.000694882874335718	49.92056406709621	0.07501008006215096
1.854913994352503	0.0006937960908679699	50.094964758255145	0.0651639362520527
1.856381727280106	0.0007629016545905583	50.05858191050784	0.06502162323234176
1.8577769258746832	0.0006119849866727127	50.16584018252565	0.06451841264752937
1.8592302191610133	0.000744680813461883	50.071174294908815	0.06469832146194196
1.8604747820328218	0.0006093946889155491	50.17580291133856	0.06364630014249144
1.8619286551288503	0.0007376770012066312	50.072743936133065	0.06502161380430306
1.8633085588285498	0.0007401040418379583	50.07596005061677	0.06516394727622207
1.864641320968002	0.0006071406535619046	50.18577249175564	0.06377458686083129
1.8661736940536098	0.0009140150375919001	49.973222536838776	0.06516394856993933
1.8678823307720636	0.000818440052030502	50.015964364540984	0.06488028992471724
1.8695654760262836	0.0008481671660034509	49.998531050576034	0.06488027957185039
1.8712538253280588	0.0008015792766555498	50.01903301235591	0.06516394060238359
1.8728656908793144	0.0008254243975697488	50.00349716285044	0.06502162714540317
1.8744901805865297	0.0008537031681560439	49.98375628466506	0.06502161439984297
1.8763353646658196	0.0009055994123308819	49.95684191548093	0.06502163749952107
1.8780529496143779	0.0007971919039254571	50.01568249222618	0.06502160823998997
1.879472210131637	0.0006820621810749548	49.90336875019092	0.07501008544941264
1.8808204604970074	0.0006856714971087032	49.91270950190429	0.07378856247693216
1.8824520144851935	0.0009009170610818823	49.91589486713068	0.06655776537229809
1.8839661058948927	0.0006954966634693427	49.877320178988725	0.07556318414673717
1.8853594075674522	0.0005924504257752036	50.12406733450169	0.06488025864583917
1.8867437368207114	0.0007238090806743083	49.86335464782534	0.07473766453725196
1.8879863219493107	0.0006395459431206011	49.92817437808944	0.07473767901620693
1.8894924951183316	0.0008954062693677687	49.99579478261015	0.06502159859985097
1.891035951995159	0.0006641409019188411	49.96726917254407	0.0750100809271591
1.8924781172034113	0.0006697397711789344	49.921505294832	0.07528526565485065
1.8938599710224973	0.0007387056298710936	49.92602943289066	0.06990821953594416
1.8952928043139121	0.0007229863728166531	49.857004884944274	0.07473766462826308
1.896859949932136	0.0007832639409236845	49.82284294513212	0.07473768938192252
1.8983467068319346	0.0008762365186670407	49.929705122475355	0.0658893477929149
1.8999729962381833	0.0006429465046436071	49.91341339397451	0.07501009108388842
1.901425136413897	0.0007062994675928632	49.872083128050825	0.0750100897074681
1.903029084056475	0.0009038194319656257	49.77661001120334	0.07412558584544264
1.904748479796204	0.0009024148974910917	49.76639021905528	0.07473768616097717
1.906469727643324	0.0008189960041854703	49.804156373237056	0.07473769317701949
1.9079670177227939	0.0006968153719595591	49.87013738516362	0.07501010118417073
1.9097012874764865	0.0009339528077902455	49.741161159658276	0.07501009770734449
1.9112216516937892	0.0006702668284605908	49.885769749431844	0.07473767489551433
1.9126069350280999	0.0006074896845891229	49.92891042558031	0.07473768043536158
1.913913570456362	0.0007371926028428235	49.84497407318493	0.07473768338454619
1.9152014807811046	0.0008301907890682975	49.79211095797786	0.07501008564233441
1.9170630351506868	0.0007708285301640091	49.82263630510221	0.07528525482278575
1.9187698210722954	0.000940875926276119	49.73164169483968	0.0752852545245242
1.9206266196679336	0.000910750880725214	49.74386946214341	0.07473768290370639
1.9226439610936576	0.0012277661941241223	49.609334839208174	0.07501009629377631
1.9249974618863284	0.0008881890947495449	49.74343796943026	0.07556317847119703
1.9268052277367909	0.0009287761281556784	49.727859630088155	0.07528525295053334
1.9285890927586988	0.0009321472552007176	49.7538823931175	0.07412560055208266
1.9304310174051913	0.0009108430976410162	49.76442425938579	0.07501009757891924
1.9322712639670605	0.0009985043436185797	49.710177582251376	0.07473767483769246
1.9344984512435677	0.0011066966756162356	49.646219261624545	0.07473768367449263
1.9364061898525275	0.0009235765138039292	49.72143155118002	0.07473767843182932
1.9383777788250327	0.0010697846824546124	49.651337900519636	0.07501009819917198
1.9405958933631207	0.0011102198950767813	49.64894334196867	0.07501009341500814
1.942929751196594	0.0011330422050531688	49.658179916291715	0.07473767137805089
1.9454484626576714	0.00126162944519608	49.62053304329743	0.07501009739071572
1.948140913573982	0.0015832202926190525	49.52947679972651	0.07528525071224942
1.9509901660580875	0.0012621895206100856	49.626349641068686	0.07501009601656355
1.9532166545872556	0.001177251785981105	49.638241543480234	0.07501010350118066
1.955772909532344	0.0012474024523133503	49.59279343932793	0.07501009666107072
1.9583046300184355	0.001375179990414749	49.53745337684895	0.07473768029174853
1.9610006375176272	0.0012277185206523292	49.56876107693037	0.07501010263065429
1.9633299003862457	0.0011511009416154893	49.602991055601095	0.07473767376456505
1.9661981602687557	0.0017491397868001563	49.426506638595235	0.07501009821914716
1.9701952085336785	0.0017759773488115985	49.41585519098916	0.07501009973579155
1.9736328891866928	0.0018997159612749047	49.38039589573711	0.07501010465373165
1.9777748853478327	0.002431080695289721	49.26564576968564	0.0747376721050193
1.9821026415146699	0.0019446183950653489	49.34952303968895	0.07501009331686603
1.9854459065212111	0.0012046042889218686	49.55888200730647	0.07473768055104867
1.9885778923957742	0.0018747539651344917	49.37935280278026	0.0750101008679712
1.9927131472510957	0.002425850528584005	49.269312676158734	0.07501008772020754
1.997628931056567	0.0023915491669858936	49.272137686845014	0.07501011766404467
2.0022578112472944	0.0021281902642876992	49.32135597604659	0.07473768091738255
2.0075207373919284	0.0036604478599539707	49.071162571238276	0.07501007927201084
2.0147705232125395	0.0031819279329329962	49.11527430882221	0.07501011069995574
2.0214344816154224	0.0032262216496618764	49.08995409129184	0.07473769357032747
2.0271551459703767	0.00330005291192362	48.8986362098486	0.08764361685143326
2.034271963589843	0.003368618225392222	49.064555980263194	0.0750101058335283
2.040947976381778	0.0032269774722775975	48.899703469741695	0.08869904311428983
2.047889271118488	0.0036199258030601366	48.94250890609577	0.080572709192825
2.054242502520464	0.003427610132805495	48.93476092392549	0.08276970301152219
2.0617677327267776	0.003920374483032711	48.80547470887937	0.08764363706242066
2.071079113684771	0.004510851612644156	48.735455954301145	0.08816746274291516
2.078718459698602	0.0030953539014197287	48.89523858040339	0.08816748570935233
2.0859902881498007	0.0048681897320027746	48.69130431581834	0.08869902415420358
2.1117696614197508	0.010117530649926617	48.45893610574747	0.09701851767221936
2.1395549290792406	0.01581834729083595	48.213831228926026	0.0988360124862944
2.1676616396618558	0.016309564206844287	48.09905888162011	0.10514357969233748
2.2019548670026516	0.015071244986953957	48.14378084420589	0.09883598445328604
2.230354748526551	0.015400466349490292	48.045191868725176	0.10458988665787228
2.260106759395746	0.01797654841130299	47.96339630538085	0.10339962872159147
2.2979296532910647	0.01757553402762111	47.924387807092955	0.10458991996464104
2.3424195172436537	0.024787914583750553	47.72611672635215	0.10684593371668753
2.3879677650121955	0.02410523628637618	47.71245734318133	0.10458992457539984
2.4359356916232375	0.020785239067848696	47.77137648948464	0.10126628923819869
2.4735998335963343	0.0168595038878313	47.78186242856441	0.10570409194136816
2.512085149669031	0.024821467828488715	47.723423017651754	0.09114226454701223
3.262823643032978	0.0026201021432611417	47.544004459872596	0.10441657039890041
3.2682317164734105	0.0030581515193805874	47.65962151424207	0.1044165784363804
3.2748873723239065	0.0030116419876049074	47.718700805496326	0.10220087737862833
3.2800329676618007	0.0025183083052113748	47.52283613315037	0.10517336820372652
3.2868766821998063	0.0036057158300103567	47.39325490310821	0.10220802239006437
3.292699978556622	0.0027794542482189725	47.47472481728519	0.10479337149884763
3.2983238581495877	0.0028534275989689343	47.46325867314505	0.10441657147989179
3.303552473463774	0.0024939753170978517	47.527518421815394	0.10255691708920589
3.308498401146	0.002144112801581903	47.57925926418708	0.10404294593529463
3.3127329915878754	0.0027603091438660847	47.466753886026794	0.10479335432867874
3.318920173247454	0.0026166120372120836	47.65227595071423	0.10592712372238729
3.3248663105201883	0.0030972535057595453	47.65255986324567	0.10404294947834417
3.3312278648974196	0.0035608910755511075	47.57560109163501	0.10514973507373644
3.3372120763754047	0.0027093622883161703	47.63382808579381	0.10478550650977475
3.342615852711287	0.002576765297205605	47.518930124064866	0.10186194873314489
3.3470258651652376	0.002060188650839171	47.5721127464797	0.10517335797779492
3.3510106013429226	0.0018469782015307107	47.61003646564449	0.10404296490337683
3.354727839403875	0.0016384609621617132	47.66306350714963	0.10479332884462564
3.3591381782876946	0.0024805759992493855	47.497613658943756	0.10479336459892072
3.3630135029028745	0.002080311464778794	47.57844527451001	0.10517335509529749
3.3674072207343873	0.001965738007561414	47.63162978712545	0.10441658686764901
3.3706895705322255	0.0023225760195551403	47.73699316234154	0.10440879271865866
3.3775905804315336	0.0033831925110154285	47.54356455989656	0.10514971674874363
3.3838339874871295	0.0029743804134634245	47.61674104185073	0.1025424253017915
3.3901416390989816	0.00337564035028306	47.5345452429214	0.10477774086200711
3.396597259640563	0.0038510096016380812	47.47530904182437	0.10440882190871878
3.403504312300484	0.0021535168163044093	47.7346103432086	0.10477773044730726
3.408459987557828	0.0032362183870772465	47.55880534902989	0.10552483430138578
3.4153575756835854	0.0033528834022525157	47.561037246291846	0.10358367081254799
3.4224816541452556	0.003463228901267652	47.71413150139936	0.08684584279384279
3.624465435060304	0.0009840268215070458	47.69715106533714	0.1043771073400355
3.627025979665145	0.0014931032657924488	47.669809463335284	0.10436943501494335
3.630900341532512	0.0020921966759170486	47.51883542132948	0.1053637302016487
3.6351526654014448	0.0022233880086185245	47.51302996009019	0.10277579193702188
3.638248155324961	0.001404828912724361	47.70304551776758	0.104369502138038
3.6415568104059934	0.0017427086818575749	47.61407408646095	0.10502980215322426
3.644672809598412	0.0013347697275332257	47.73426360858047	0.10436945994232011
3.6478280781271364	0.002159433559105258	47.5935479095461	0.09718311003822629
3.6566509889298313	0.0019236646662830305	47.515447134554165	0.1044083367943169
3.660078401231913	0.0012882517962918543	47.724732106505336	0.10015248762212234
3.6627398264855513	0.001612330639112007	47.582221786513784	0.104042979347112
3.666239835098213	0.0016464243104460142	47.57446264028254	0.10440834174181135
3.669016251219194	0.0012620289631341461	47.68184500747049	0.10440832855172097
3.6715863782784943	0.0011151658341945108	47.750190390645436	0.10220040176346257
3.6739888128814178	0.001432475622535502	47.622346324652334	0.1040429649747974
3.6766194259677354	0.0011482412741152072	47.619619871456244	0.10440833911257219
3.6790102141782333	0.0011876282005576022	47.46760665147132	0.10441610744059603
3.6807644436892355	0.0007279033856808006	47.69802082253483	0.10220763641056911
3.6827761044949554	0.0011773744612308412	47.46215015598286	0.10479241927269527
3.685133689756836	0.001125967404713885	47.475125546021765	0.10517194495044728
3.68742440800576	0.0011648400857986773	47.45482393102445	0.10517194016597957
3.6897178599590035	0.0012478429173761103	47.44461437019976	0.10220759808759947
3.6921033582158485	0.0012853235558170618	47.407942761613555	0.10517194801889146
3.695060478712211	0.0018929033644538	47.421085335210265	0.08784025384580339
3.8277856544351394	0.0011350131669068436	47.529611258745	0.1058126175182859
3.8301787232410183	0.001386788394700428	47.447653638009335	0.10765453507095844
3.8324380802472016	0.0008983250534688412	47.67881973647866	0.10316738615436037
3.8344712691755642	0.00105381525155007	47.61714701654885	0.10316737809194286
3.8370163526217125	0.00136511280700713	47.46426859669329	0.10690881399939983
3.839025119025961	0.0008216097732139488	47.688232528768786	0.10439132070896506
3.84116502254607	0.001226357106786464	47.504232945910914	0.10474240327236412
3.8431135106776937	0.0010643400947557325	47.56909359452629	0.10509630216114627
3.8454707041934437	0.0010585913079702901	47.57141280770031	0.10545303214919896
3.8475175898121954	0.0009606474859801699	47.61814261187138	0.10439129656302258
3.8496903646191276	0.0013566804282873865	47.45827745807295	0.10474240693229643
3.8518744216943963	0.0008590079248714538	47.643139438493805	0.10581260496774486
3.854004229999558	0.0011906325319720574	47.50669990401195	0.1043913066906931
3.85602388800874	0.000881235404489403	47.63392598400762	0.10474237372340833
3.8581639334761713	0.0011188023186449896	47.53256851282262	0.10439128056044088
3.861070859818949	0.002012377155207859	47.56109344763614	0.07929693492528546
3.960082419024709	0.0006217392667154728	47.46008923736504	0.10509934144090725
3.9613584319028874	0.0005483857898266009	47.57518390137694	0.10013868166557138
3.962557465056748	0.0007608704430176329	47.40406921071317	0.10404294723656062
3.9641733603272726	0.0008527979309944567	47.421406326694544	0.09983789892371389
3.96579102177233	0.0007788242728496005	47.406633551289815	0.10439227562365276
3.9673318334278926	0.0007525517072548347	47.41163132834017	0.10474440433996621
3.9686960322453633	0.0006329699982975605	47.480305206888886	0.1047444160799147
3.9700466010818296	0.0006076368652562029	47.50969887511923	0.10404294624705425
3.971085433608894	0.0004896067785741517	47.60262482106232	0.1047444033221707
3.9723999027755204	0.0006740776836698629	47.477793038660764	0.10350474325834645
3.973547296468711	0.0006027586051426667	47.516754520744705	0.10251159958082166
3.9749073676009905	0.0007857539372295729	47.391274007339035	0.10251160799749953
3.9763712365176485	0.0005988519652949533	47.47810341260861	0.1047444262201312
3.9774925501619673	0.0005973077717296535	47.499017204143186	0.10251160205094066
3.9788378382674248	0.0006412685483575507	47.44237050792858	0.10439230888544902
3.9800317566308623	0.0005709799037890871	47.49608683139561	0.10404295878839541
3.9811593164310404	0.0005695084755972308	47.51371454316357	0.10218555929323388
3.982446154598712	0.0006586364757449607	47.45024680239235	0.10186194634942532
4.062151631411242	0.000586036170113613	47.378961413413506	0.10478245172166517
4.063459574316588	0.0007916029445825866	47.242749216684004	0.10515689638715536
4.06502875648264	0.0006760685630574806	47.312540539899935	0.10478247054282619
4.066245909616044	0.0005056379518973357	47.44121349381864	0.10404292872461698
4.0671401060755645	0.0005419705884407792	47.40916687430744	0.1044111705402667
4.068887376911732	0.0010981928579453764	47.26466512708768	0.08928259469805287
4.073049719915329	0.0005346457330621963	47.49684135855115	0.09702844569855952
4.075017514934946	0.0005872873736125379	47.376962911971845	0.1051568744451598
4.076135021107018	0.0005491642645762031	47.42779353640162	0.1025468204362151
4.141361974970124	0.011785385248485816	47.15750162661971	0.11991356050299186
4.1454511355463595	0.0004837606117634047	47.3931124329784	0.10597364560719555
4.146649462526648	0.0006224878719064442	47.288538603667206	0.10519133855367534
4.148108251513891	0.0007289626438317234	47.21813644662549	0.10442245245262353
4.149130809869306	0.000402309145969037	47.473971857614586	0.10597362173394616
4.150010357901694	0.0004941488862546231	47.38633813192045	0.10558078847612268
4.1511145275928545	0.0006315217633385374	47.282199129593096	0.10519136832068551
4.152347315283854	0.0005529203319671177	47.41283499905863	0.09705420161972407
4.360919931844352	0.000883651666311965	46.839417381094364	0.11881752411598392
4.362444751283333	0.0007858717403064146	47.01290033813438	0.10484967552097058
4.364508084196092	0.0012438799586599908	46.88608260562144	0.09756813486678154
4.402658835222286	0.0007336335474719012	47.01140093018411	0.1020428112946371
4.40404494875104	0.0006022427784160285	47.067207269234856	0.10502804170688762
4.405663187222486	0.0013199913779485537	46.79053514404996	0.09858411027739764
4.440805302375497	0.0007747108467090459	46.8685294281067	0.11818823342724119
4.442213397849769	0.0005988512558442537	46.982207413458056	0.11818827210181164
4.443889078971211	0.0010517896936478646	47.1050431229924	0.08285871846411774
4.475779465629515	0.0006345379689129411	46.96839701240538	0.10501816046119707
4.477288751744094	0.0007195562547483704	46.77710478756878	0.12161867546519253
4.478895934419637	0.0008906788268804647	46.857206689825766	0.1005077993607042
4.5094337625620105	0.000938207051940698	46.81017634988792	0.11974004675377455
4.5125522170231225	0.001956799432801665	46.51572466396601	0.11637637684395537
4.5426202624283505	0.0020947916708829004	46.73853050996645	0.1138710439491216
4.564560221849422	0.0009630997179504465	46.82651440353078	0.09231017000640494
4.598701075787653	0.014333936916271434	46.36573731718185	0.10832894990385344
4.707139817071791	0.001203053161853627	46.40366520675032	0.11994002882996745
4.708805458888346	0.0010448986938745618	46.50440126383406	0.11639867184930938
4.727612491871978	0.0016663396820936198	46.510346241733366	0.10843091425406726
4.746233873149327	0.0015964016038106832	46.292902305480176	0.11067107152707965
4.764831250271445	0.008607030945772812	46.42797950230424	0.11973142049814475
4.780768247467256	0.0014671479351266391	46.25801048437634	0.11354579820050859
4.808825564308567	0.01491560155146367	46.09459189533273	0.093340401355495
4.8459112150041594	0.008275737599033495	46.020084207921	0.11312343043933991
4.940030014953187	0.006750667923045424	46.00742078243533	0.11716619906444141
4.964162143607485	0.006272799123776747	46.1229684802966	0.10962347595347344
4.991985868117049	0.01567562232728412	45.930137672866465	0.10601693938587106
5.023237954211742	0.005362402652465896	46.029178593536116	0.10831054799266729
5.124489318643894	0.030751541300146287	45.434332209044896	0.12461485555216252
5.197571103041489	0.028906999216237277	45.39650609227572	0.12598298613141726
5.290113892849395	0.054493287277107484	45.25101303646327	0.1029117728087781
5.393958944493744	0.034876188546618746	44.97031456647645	0.13526834696533613
5.516505003746085	0.06771672869770624	44.65231716871622	0.14930246857395174
5.6182442764908815	0.03303221924246655	44.9144167019699	0.13015014287874882