-1.9378517431743918	0.4136134588825042	50.8938824896699	0.07542292555804289
-1.4747414918664516	0.1423916133755411	50.80412496205602	0.0816773448422172
-1.2557500131772434	0.08599890710456697	50.553926145208635	0.07887454802548997
-1.1108522085035113	0.06160204469178347	50.083487210582675	0.10627981656798363
-1.002392781080219	0.04798833700194272	49.860411647721506	0.08531224542849271
-0.9156791044609538	0.039302667155134995	49.47189547986008	0.1702462405868322
-0.843430886200871	0.03327927106952713	50.046059412928585	0.0719863647876433
-0.7815048662472641	0.028856774469055508	50.290141646625294	0.06382940277636182
-0.7273169965430202	0.025471816390246056	50.546124876349936	0.05349394457034159
-0.6791464106788438	0.022797610512999486	50.457080731602844	0.052900717427543036
-0.6357892992818825	0.020631567175093967	50.29577483157995	0.05571326561749649
-0.596370448894394	0.018841408598794768	50.57412720236246	0.048306353415670994
-0.5602336567442947	0.01733710485148573	51.21284186108209	0.059945572596889055
-0.5268741246010464	0.01605524893256166	51.46868593928035	0.05284519855145091
-0.49589524115919553	0.014949895609903738	50.85584920927729	0.0633671569955345
-0.46697978013857777	0.01398693958883527	51.089887089984465	0.051309044884840824
-0.43986992677631426	0.013140528901062983	51.22665205387126	0.059123634766441585
-0.4143533735634275	0.012390712851590963	51.204692785224566	0.05114982193835178
-0.39025317078321553	0.011721848115539025	51.10383943891586	0.04776533993300402
-0.36742034999783835	0.01112149751071231	50.74338796825286	0.06430475813534077
-0.3457282313701106	0.010579646343671825	50.54037701628635	0.0633875827769493
-0.3250682261890586	0.010088141035096181	50.64555076702767	0.0766859070244446
-0.3053465911450376	0.00964027693767542	51.00240502262254	0.06283004656449451
-0.286481762797242	0.009230488419610541	50.98847037183636	0.08846723709542122
-0.2684023826105631	0.0088541179186277	51.09766740764791	0.0731187169252244
-0.2510456386977577	0.008507237506422037	51.09814674258571	0.07743310225235225
-0.23435600057046366	0.008186512316493522	50.824339368660645	0.12610078686179416
-0.21828406891927712	0.007889091404345249	50.86448387353467	0.10061094951215661
-0.2027857353087601	0.0076125236397046785	50.84847909308991	0.08770945768303795
-0.18782148546177443	0.007354690550270386	50.716221745671476	0.1004236191135695
-0.17335572225933948	0.007113750698155594	50.83588812734515	0.09145650092833521
-0.15935630256156824	0.00688809647982279	51.035712893859824	0.06570925759050777
-0.1457940853748079	0.006676317845573732	50.95458302359046	0.0784581875722668
-0.1326426069677055	0.00647717343381777	50.87694627707009	0.07987583628040046
-0.11987770895657918	0.006289565263626177	50.62323662243212	0.10865532522558591
-0.10747731217074566	0.0061125191276058055	50.701283810774626	0.08848155304810984
-0.09542116772759196	0.005945167386448539	50.71027171148293	0.0868470087379159
-0.0836906939482405	0.00578673524463275	50.52907716913686	0.11422883154472928
-0.07226874987139009	0.005636528001401511	50.783605702421525	0.06591026206919806
-0.061139512747962754	0.005493921272591383	50.592613002787594	0.11892643772569529
-0.050288370198240145	0.0053583526090676395	51.01892627254742	0.09161437997514289
-0.03970175484796043	0.005229313440307428	51.31264880294547	0.09271046226584966
-0.029367075833443307	0.005106343131854079	51.80244634267346	0.06357105543091147
-0.019272612942472317	0.004989023296702821	51.33117016997407	0.0504468533149896
-0.009407466719550617	0.00487697338687222	50.68373329823667	0.04814389834323902
0.00023855758240232117	0.00476984604207243	50.542211163027005	0.050187293384036054
0.009674989930632594	0.004667323773436985	50.43018125883182	0.05600610256975017
0.018910731658242474	0.004569116034985563	50.909562707412746	0.044226136999475335
0.0279541482568188	0.004474956012877085	51.16222043493115	0.06011667966928705
0.03681308656037169	0.004384598514854643	50.827658779356476	0.05141136987750419
0.04549492916784198	0.0042978176968395745	50.25623982299262	0.06839989063314071
0.05400660560276499	0.004214405435173458	50.742362501222644	0.06508908237508976
0.06235466447016125	0.00413416927038523	51.142468453550215	0.0849566919197878
0.07054528371034069	0.004056931130334187	50.99298279873284	0.08953648734219104
0.0785842802522485	0.003982526173724244	50.92780299831993	0.0743169472463324
0.08647717154242729	0.003910801269015972	50.29379865478326	0.14514580747164266
0.09422917371914641	0.0038416141755364033	50.128277312585745	0.09106650230770379
0.10184523410353097	0.0037748324944223335	49.93308757850004	0.058702063788202835
0.10933002752500454	0.0037103330208440566	49.87686307942387	0.06630147501638298
0.11668800768073023	0.0036480006857818287	50.56593087757613	0.048005598624682726
0.12392340021635534	0.0035877280722309336	50.785264919914624	0.04148443595101021
0.13104022828423512	0.003529414704077565	50.551396604427225	0.04239540515863952
0.13804230482185292	0.003472966659950633	50.77923722565182	0.03783871068138793
0.14493327669855077	0.0034182958069263725	50.94898780447867	0.039519297558604956
0.1517166198083298	0.003365319478138056	50.77362740093955	0.040732746530945746
0.15839563477877722	0.003313960168531097	50.143137079463685	0.05448136159561394
0.1649734869943414	0.003264144919017095	50.50399613627983	0.04462257678746237
0.17145319528232628	0.0032158051301244108	50.61013335965727	0.04210663662488205
0.1778376500476367	0.003168876172273176	50.73501567911219	0.045661571133377224
0.1841296020332961	0.0031232972365986367	50.99424933915882	0.0389861576628386
0.1903316980234735	0.0030790108617516467	50.50353386844785	0.04072809086115246
0.196446472932657	0.003035962801753112	50.43622445896342	0.04244651826020961
0.20247634263790604	0.002994101896469735	50.49395442948455	0.03618983706863815
0.20842363708530742	0.002953379675892138	50.36243491471816	0.04062126092298491
0.21429058738759882	0.0029137503023361887	50.279116814485064	0.034769954996376244
0.22007933972170957	0.0028751703374362654	50.2263596159814	0.04386553255037503
0.2257919428300253	0.0028375986977163432	50.49397359761509	0.04372981092453581
0.23143037828564234	0.002800996335826257	50.86838826478253	0.04197318619515945
0.2369965514132683	0.0027653261948641424	50.96378513022377	0.0435824365939935
0.24249228294512942	0.0027305531598894118	50.813805728605765	0.041897435888427176
0.24791933750969303	0.0026966437828511353	50.86186746373823	0.05237832850659398
0.25327941037635154	0.0026635662824151017	50.55767805486421	0.042278939868964964
0.25857413872916085	0.002631290393937157	50.39060119105303	0.03968617031372406
0.2638050889237234	0.0025997873728379824	51.03515226573805	0.03378415487994777
0.26897378296444535	0.0025690297646820503	50.953722837362974	0.0327057231216099
0.2740816853222407	0.0025389914222800286	50.635595190433186	0.03213083212948175
0.2791302131340095	0.0025096473856012435	50.602878295419615	0.029834609304212126
0.2841207235489209	0.002480973899653178	50.45054930782682	0.03050176831495718
0.28905453850986323	0.0024529482189574975	50.32129632379346	0.030506114725330942
0.2939329353689258	0.002425548615253584	50.40497520230944	0.031894582813429016
0.2987571381473238	0.00239875438049083	50.44689993994909	0.03595174767520373
0.30352834120756816	0.0023725456519647086	50.6420904191665	0.03643491885960182
0.308247696438582	0.002346903445418572	50.880843543530546	0.03369906474311499
0.3129163220398871	0.0023218095700427424	51.056477577453435	0.031178739639186992
0.317535290226406	0.002297246659901119	51.27690858248847	0.0329571652494416
0.32210564959494	0.002273198021521308	50.66397527509233	0.039464848776139316
0.32662841594531317	0.0022496476539596638	50.078596872729236	0.039025582408835524
0.33110456368040503	0.002226580264288969	51.00749334134853	0.042328895905656534
0.3355350473009046	0.0022039811290681323	51.2741488305946	0.04569107049905598
0.33992078910484275	0.0021818361336218652	50.47940713443567	0.04582070145127747
0.34426268694614154	0.0021601317089029923	50.508863684731814	0.047522114494389235
0.3485616024228592	0.0021388548681869233	50.61470374998383	0.04782004288284564
0.35281838132765847	0.0021179930840185476	50.877695264050274	0.05639073193283822
0.357033844792718	0.002097534313585304	51.28434221313811	0.05059210655493343
0.3612087809521987	0.002077467019930127	50.86005085657947	0.05823419566489328
0.365343964684477	0.002057780058697504	50.53890782519817	0.05313184288277315
0.3694401458751733	0.00203846271881463	50.3495949616562	0.06791164891796503
0.3734980563986691	0.002019504673674028	50.90862313660939	0.04822461449025488
0.37751839883157906	0.0020008960190062096	51.26099263139122	0.05804467230309316
0.3815018653349091	0.0019826271707895156	51.63669954913785	0.05749604086093892
0.3854491262415925	0.001964688905598093	51.64030993686284	0.06620248789660389
0.3893608366724071	0.0019470723178093995	51.12123298597108	0.06155368963780645
0.39323762555152436	0.0019297688571656589	50.64613924129944	0.052844072790013276
0.3970801137106736	0.0019127702361086548	50.44954803927665	0.05857822853427362
0.40088890562184304	0.0018960684569850146	50.40789828341597	0.05033261197011839
0.40466458156436297	0.0018796558358473016	50.46876275663551	0.05098210922386428
0.40840771519187485	0.0018635249159360127	50.8317240103768	0.04506795889788194
0.4121188626745553	0.0018476685064108672	50.86462312309829	0.03934490656927963
0.4157985687753282	0.0018320796475925136	50.82518009863152	0.0367060773357363
0.41944735638209335	0.0018167516470691196	50.60396522639499	0.03732317586089812
0.4230657434120218	0.0018016780003698907	50.35656092274405	0.03463295033511333
0.4266542349213484	0.0017868524174917536	50.74684856930828	0.03155247514899368
0.4302133156050367	0.0017722688464630481	50.75142386515542	0.03185402739724393
0.43374346623963916	0.0017579213987773915	51.24745428381967	0.02849306792570535
0.4372451533523413	0.0017438043858591414	51.04852496465182	0.030122927175263676
0.4407188348534456	0.001729912290137735	50.73311098575582	0.034507821167834414
0.4441649500602431	0.0017162397991176504	50.507201301019236	0.03553648674697906
0.4475839355664109	0.0017027817364554125	50.45318280496315	0.03482320010259301
0.4509762177147722	0.0016895330872220915	50.93627794736262	0.03570829351921623
0.45434220542122356	0.0016764890205909079	51.106179209518544	0.03678344195149062
0.4576823056421168	0.0016636448246955596	50.56909080499615	0.04565835908548021
0.46099691353654465	0.0016509959406150595	50.5873737265326	0.04604024537913941
0.4642864177258515	0.0016385379378183438	51.295154170802356	0.04697825914974684
0.46755119077891333	0.0016262665459966332	51.16092724154151	0.054520764330084764
0.470791604176874	0.0016141775944538076	50.469530829118085	0.04558808579990916
0.47400801874160453	0.0016022670446676508	50.65514782114335	0.04011761898839411
0.4772007897070653	0.00159053096775922	50.39789510475357	0.04088424523484951
0.4803702574540821	0.00157896557503676	50.27194935216328	0.04164923744696426
0.4835167620066471	0.0015675671614200823	50.56123123616763	0.038754547071091695
0.4866406360343722	0.0015563321282940881	50.00507871651864	0.04129843936996783
0.48974219815522396	0.001545257004290663	50.80353496643811	0.05349502174793314
0.49282176710071685	0.0015343383914575303	51.460302928590856	0.0461924403051928
0.4958796525831591	0.0015235729954013325	51.37219899848737	0.049630958707915215
0.49891616007291156	0.0015129576056885027	50.962919492534745	0.05097370214000956
0.5019315819452839	0.0015024891241930752	50.69756431108436	0.04802344765299995
0.5049262112286541	0.0014921645146002524	50.46203338056186	0.035916295846193734
0.5079003349158708	0.0014819808236953595	50.236725213360046	0.03911042952151046
0.510854227548813	0.0014719352008417657	50.280666875763956	0.04067711973386661
0.5137881646704716	0.0014620248497707203	50.13408923401209	0.04376620787149267
0.5167024140981018	0.0014522470564527074	50.47742977585425	0.03732625482422264
0.5195972404430689	0.0014425991718394157	50.700872082883656	0.037668022134419187
0.5224728966399461	0.0014330786381397166	51.187594108851684	0.03032268002129705
0.5253296370242844	0.0014236829434069172	51.19075966710976	0.031683819798706284
0.5281677109314513	0.001414409641325171	50.760014489097706	0.028583008363018397
0.5309873565448604	0.0014052563694067044	50.996796584479945	0.026485350670642623
0.533788813707124	0.0013962208055094763	50.75191097797072	0.028861196301658978
0.5365723155685109	0.0013873006936105496	50.483206254871256	0.028168778610151022
0.5393380928789544	0.0013784938284537357	50.88159926410126	0.02935720870228387
0.5420863658713866	0.0013697980799045955	51.107278806634014	0.03321973696959997
0.5448173567346779	0.0013612113518441952	50.61070364045127	0.033235369318845465
0.547531281463771	0.0013527316068241723	50.760908646785765	0.03642414233664188
0.5502283540326789	0.0013443568516504165	50.94977928094747	0.03410634104783706
0.5529087784685172	0.0013360851607110912	51.099773623645305	0.03518446635803631
0.5555727610044205	0.0013279146370454725	50.9427117856533	0.032550865199835
0.5582205040893553	0.0013198434299614575	50.78709959288829	0.03246356504653998
0.5608522006156229	0.001311869751348351	50.86973088715971	0.03311446300919657
0.5634680458427768	0.0013039918382592984	50.729176432991075	0.03420404392597448
0.5660682295799917	0.0012962079757472022	50.897971769012415	0.034741884889460034
0.5686529401674976	0.001288516483873226	50.78985284104455	0.02996819131876753
0.5712223568652959	0.001280915739359654	50.655353011078404	0.02975282604959259
0.5737766614853528	0.0012734041400497644	50.68685306900719	0.029355253980614133
0.5763160326392189	0.0012659801212807722	50.831813797288284	0.028376688144693955
0.5788406401861372	0.0012586421710999516	50.843214687242494	0.02991797114523218
0.5813506566559683	0.0012513887960367903	51.21540926542329	0.027548178411949627
0.5838462497395052	0.0012442185422863895	51.02797298914339	0.030053608436085073
0.5863275860966897	0.0012371299839229806	50.69112729859278	0.029452827203959725
0.5887948240376157	0.0012301217430260324	50.824193858658504	0.0293256766408277
0.5912481246782522	0.001223192457086805	51.03099545029614	0.030729259404991213
0.5936876464091858	0.0012163407942410301	50.88614581431904	0.028396069943467044
0.5961135395495669	0.0012095654674718834	50.78630807521711	0.02854735063167
0.5985259573107422	0.0012028652031633488	50.96774602536895	0.027885397371658554
0.6009250485724771	0.0011962387607847283	51.1749562898602	0.029994176458494153
0.6033109615335561	0.0011896849221350733	50.67654504243606	0.03047778822972522
0.6056838366646764	0.00118320251008024	50.629886406520676	0.029657744788735278
0.6080438174263127	0.0011767903585397136	50.628709388953936	0.03106684095768126
0.6103910431992132	0.0011704473313782068	50.672759007705686	0.028081636542253832
0.6127256528510825	0.001164172312174489	50.62541100670401	0.030597282449278927
0.6150477778363974	0.0011579642222219644	50.72200963909077	0.02951215435076095
0.6173575526795678	0.0011518219918494339	50.57075338739529	0.03106734021551196
0.6196551097608276	0.0011457445740586376	50.59262694003717	0.03373356541684976
0.6219405742665696	0.0011397309572976407	50.61889469227415	0.03527210474163663
0.6242140745032729	0.0011337801377224361	50.44594506128891	0.03379083090312718
0.6264757350833385	0.0011278911368028677	50.747587498320264	0.030498267723079817
0.6287256803544243	0.0011220629919143092	50.533011033271684	0.03105306858269957
0.6309640277427615	0.0011162947731415658	50.202656768026046	0.035411818493707434
0.6331908978499599	0.00111058555672218	50.67409504982465	0.03400020530294127
0.6354064094234186	0.001104934437782656	50.99400134630545	0.0345970384442232
0.6376106744797083	0.001099340542298161	50.86817466630261	0.03518892253811126
0.6398038082445623	0.0010938030013716792	51.00701025310518	0.04584467823792506
0.6419859225768898	0.001088320967672607	50.848007348178044	0.038106927490430494
0.6441571292715496	0.0010828936067490483	50.83668776888851	0.03603128866407137
0.6463175336301776	0.0010775201127424148	51.35045933356942	0.042761453528294725
0.6484672441996662	0.0010721996837192202	51.038205612517864	0.04408987773605208
0.6506063679150427	0.0010669315335851606	50.664675382357615	0.04435097007767243
0.6527350053849887	0.0010617149032990604	50.62425324056191	0.043004299542493
0.6548532604845696	0.0010565490369511153	50.5635826217876	0.04863799803263935
0.6569612340018418	0.001051433197140125	50.772516247764464	0.0517263897779806
0.6590590268235379	0.0010463666569214638	51.4378812956352	0.04508181815235731
0.661146733718843	0.0010413487145289157	50.74166540363572	0.05108513243732022
0.6632244527445565	0.0010363786703952375	49.907074685614795	0.04781942614036935
0.6652922790124451	0.0010314558419661163	50.42791764296989	0.04583439725854878
0.6673503078118483	0.0010265795559786012	50.24480426062069	0.0525409800490386
0.6693986285090996	0.0010217491626551389	50.694714688858795	0.04599221741188667
0.6714373337724342	0.0010169640136104912	50.57305691209464	0.044487500412284685
0.6734665149640278	0.0010122234726159048	50.453725022394906	0.04643207928835891
0.6754862576604292	0.0010075269257644398	50.70443724589377	0.04713538694571881
0.677496650746815	0.0010028737600086479	50.31466570040563	0.03947608266253891
0.6794977803852211	0.000998263377057482	50.25927078944885	0.040296761966623476
0.6814897330328169	0.000993695186183345	50.79013380635514	0.04032002755883388
0.683472589533926	0.0009891686175554162	50.73323526866489	0.03791551679773115
0.6854464340458115	0.0009846831015762497	50.220683921567115	0.03921664717187486
0.687411349576784	0.0009802380789940453	50.233810633862404	0.04493959264313785
0.6893674136447043	0.000975833010470682	50.222209602732214	0.043503136982944696
0.691314707080511	0.0009714673564879968	50.446064409744686	0.036979367979597486
0.6932533081850556	0.0009671405904070965	50.67559383276928	0.039207428368136385
0.6951832956500499	0.0009628521917488242	50.98714200556467	0.04173441847149368
0.6971047428311588	0.0009586016587393544	50.89426304735979	0.04675347110348917
0.6990177263936945	0.0009543884889394011	50.27859127845409	0.05216368364976614
0.7009223219880556	0.0009502121887593421	50.55687623241202	0.0462058911790024
0.7028186000382877	0.0009460722824783368	51.01522440512391	0.04507639462302926
0.704706634273113	0.0009419682933899576	51.251061870517894	0.04338131883591845
0.706586496060154	0.0009378997560949805	50.79375510567747	0.039641995323023614
0.7084582572358387	0.0009338662102078871	50.48169229840128	0.03472390775000515
0.7103219845490052	0.00092986721218022	50.92806901115864	0.031468695289224864
0.7121777480437463	0.0009259023171027102	51.21820956099263	0.036296231370791625
0.7140256154903244	0.0009219710905890746	51.15658044013591	0.03511950226985388
0.7158656551656368	0.0009180731027072205	51.086224970399726	0.039478099809129516
0.717697930389853	0.0009142079394166898	50.69131254049563	0.04079560484020043
0.7195225077661829	0.0009103751849930292	50.829444006186435	0.04436166852969407
0.7213394530561972	0.0009065744307021566	51.031458643553414	0.0483916288625533
0.7231488271580928	0.0009028052830437318	51.10186829560487	0.052874999750525446
0.7249506942423551	0.000899067346621172	50.43082280667468	0.07083702152712874
0.7267451163442968	0.0008953602353559769	50.92034135753898	0.06847992725218079
0.7285321560621492	0.0008916835667830647	51.544495799947406	0.05684628225912785
0.730311871249332	0.000888036972855697	51.36008002422649	0.07789330046639677
0.7320843230153697	0.000884420083383411	51.362061629838394	0.06897183778069975
0.7338495717192415	0.0008808325342261886	51.15621092448804	0.08256769449041163
0.7356076730599015	0.0008772739750932183	51.22278902094256	0.06158103304943433
0.73735868597905	0.0008737440533881867	51.154303717641966	0.05769995387445811
0.7391026674063024	0.0008702424248078538	51.20705235076089	0.047778460847988403
0.7408396748797685	0.0008667687479685296	51.16844512167939	0.04000230265797521
0.7425697613854643	0.0008633226946282727	50.741866229633885	0.04369952430978739
0.7442929831329264	0.0008599039340520774	50.59776906611144	0.04293289955967413
0.7460093956601677	0.0008565121407634418	50.28182499403443	0.04101765837356476
0.7477190500304391	0.0008531470019324556	50.181521364801704	0.0453980586541799
0.7494220005152059	0.0008498082021142956	51.30953595860089	0.03957294613370817
0.751118299483641	0.0008464954332804359	51.35869680919699	0.0360224882297806
0.7528079999501534	0.000843208389747235	50.94491117999879	0.0383602500089396
0.7544911505530676	0.0008399467778603992	50.73414145437334	0.03684908252465147
0.7561678031174099	0.0008367103012106851	50.43889939963854	0.03412488674482017
0.7578380076234694	0.0008334986703606112	50.49580154366357	0.03882781153824119
0.759501814714346	0.0008303115979341746	50.87063405088497	0.04182513115851178
0.7611592707509984	0.0008271488080123438	50.7860636656762	0.03702204696438874
0.7628104252585479	0.0008240100218037374	50.341975540459	0.04159123104834897
0.7644553271947294	0.000820894964768169	50.19924833234155	0.04244199960200938
0.7660940213026322	0.0008178033734201997	50.42244442642653	0.043893210322605736
0.7677265554720609	0.0008147349813271092	50.56371920613555	0.03564983364195259
0.7693529758407172	0.0008116895283346904	50.696332373478874	0.03168019514601625
0.770973329234873	0.0008086667559203222	50.88985508279458	0.031361173236790184
0.7725876583525833	0.0008056664161126384	50.84814220456716	0.029990448737760727
0.7741960090146747	0.0008026882579087477	50.94182383069602	0.027865377758781604
0.775798426530363	0.0007997320340362151	50.65598941849966	0.026815319960126285
0.7773949521428505	0.000796797507419185	50.633875494004	0.02654041006147092
0.7789856301997904	0.0007938844378975052	50.917954340569075	0.026182285199842614
0.7805705033803021	0.00079099259098882	50.599589409446295	0.027093192001274226
0.7821496150723615	0.0007881217334837081	50.561101061898526	0.026736994943285082
0.7837230046777075	0.0007852716419243261	50.719542927277296	0.029800517155756896
0.7852907146775998	0.0007824420897107019	50.41272901570254	0.031156700129069168
0.7868527870907096	0.000779632853527515	50.41622158828613	0.028946545133713534
0.7884092600070249	0.0007768437194967432	50.710643432168	0.032444315315847884
0.7899601745771088	0.0007740744705631761	51.007917850512825	0.029825911533923777
0.7915055703587348	0.0007713248948263601	51.01572546842203	0.02982720302473081
0.7930454876341946	0.0007685947813590171	50.31811540224095	0.027290649203126377
0.7945799628310004	0.0007658839282760222	50.27764947603642	0.02875189821902782
0.7961090354116529	0.0007631921304782787	50.83613272922718	0.02572121427588665
0.7976327432860395	0.0007605191877526786	50.75342881243098	0.024386846691228484
0.7991511250957151	0.000757864900710499	50.43731751465251	0.02552929398316448
0.8006642156983232	0.000755229078635201	50.59407099702622	0.024655302814349536
0.8021720529606553	0.0007526115275695338	50.685560027922605	0.025951652529379053
0.8036746743525767	0.0007500120562629202	50.79150839274894	0.025719889557574146
0.8051721136112537	0.0007474304818748596	50.73049419653232	0.02756518886003913
0.8066644074635285	0.0007448666183098832	50.685771707877436	0.026765324445591727
0.8081515911489969	0.0007423202839340734	50.70874770948434	0.02595075081451841
0.809633700648829	0.0007397912977109255	50.594860831923086	0.026301888604396622
0.8111107682774674	0.0007372794866832869	50.54749271334451	0.025968048242411106
0.8125828293129211	0.0007347846746270029	50.60430534369945	0.027140670443971837
0.8140499186719838	0.0007323066877202446	50.85308992296066	0.028185795184726047
0.8155120676524585	0.0007298453599857682	51.03578684608227	0.029970545053741866
0.8169693104961269	0.0007274005221748782	50.80868390424164	0.027700800999197094
0.8184216800172921	0.0007249720091268807	50.97268165782944	0.027826181066003083
0.8198692097788511	0.000722559656087993	51.08496348193465	0.031139298675575355
0.8213119297862723	0.0007201633058522346	50.83022403377194	0.030613924152513208
0.8227498729628104	0.0007177827979418161	50.750284008721515	0.030934730377250915
0.8241830719022434	0.0007154179740172354	50.55257052930586	0.032286332792760476
0.8256115556855637	0.0007130686830756566	50.741848705721125	0.02868392437434044
0.8270353562919432	0.0007107347708458006	51.10160562586587	0.029050841922376884
0.8284545043279501	0.0007084160868142613	51.32904085343036	0.029559152013011413
0.8298690311532908	0.0007061124807146102	51.12635047162271	0.0302371220047765
0.831278964672505	0.0007038238093497299	50.90340239241407	0.031105038409706184
0.832684335662182	0.0007015499262629407	50.66539789239828	0.03296060192668463
0.8340851735557002	0.00069929068858385	50.62323442697165	0.033834109895645954
0.8354815085412013	0.0006970459536094655	51.00124072808884	0.0302991601803863
0.8368733674072204	0.0006948155854537993	50.65136866000935	0.03056269710132055
0.838260779788301	0.0006925994449845479	50.522939811479	0.02965156381017155
0.8396437750325931	0.0006903973948598801	50.92275973349255	0.0309807425383726
0.8410223791289739	0.0006882093043750287	50.943600538379975	0.03216524615193291
0.8423966208929019	0.0006860350395913309	50.89507519173343	0.03039407291597726
0.8437665278448785	0.000683874469882542	50.65596330651102	0.029078845771283317
0.8451321282616366	0.0006817274646682086	50.42800994819403	0.03012671737226654
0.8464934471128334	0.0006795938997763992	50.41023760966548	0.028571719871222524
0.8478505121688991	0.0006774736478208519	50.632209715869735	0.027581053620886108
0.849203350937606	0.0006753665830197744	50.74990301152439	0.02730990310281299
0.850551987657582	0.0006732725858366416	50.58876620903345	0.027492408693322482
0.8518964493490178	0.0006711915335371796	50.589170781375316	0.027141804415360772
0.8532367617817556	0.0006691233064552934	50.864548012158664	0.028177469583212742
0.8545729514818006	0.0006670677848685289	51.10102951668295	0.03129130430414999
0.8559050417551417	0.0006650248550920345	50.84122402770536	0.0323670833843165
0.8572330586638306	0.0006629944002676879	50.70395234758872	0.038753570591304395
0.8585570280285546	0.0006609763049786491	50.83405776152081	0.030400220111564628
0.8598769724857558	0.0006589704596970531	51.01337647340145	0.027254528433160733
0.8611929174089741	0.0006569767517415994	51.04818702116191	0.027982033829294893
0.8625048869627967	0.0006549950712805478	51.096967007823366	0.030014627680057835
0.8638129060665674	0.000653025308340151	50.957586781909484	0.0373061712555796
0.865116996501738	0.0006510673586463325	50.90675624926186	0.033076546924261326
0.8664171827617282	0.0006491211147998257	51.11137865589803	0.03797487351056413
0.867713488153361	0.0006471864721361856	50.96641326572137	0.03627672881681225
0.8690059367368814	0.0006452633258064519	50.46254651452061	0.04416659547225992
0.8702945494795362	0.0006433515764815172	51.46415543432575	0.030662009052307017
0.8715793500356452	0.000641451121737055	51.77617005615369	0.036758058634181
0.8728603618473978	0.0006395618603721289	51.537990472230604	0.039961810116384965
0.8741376052966923	0.00063768369657671	50.736207735534485	0.04167620501097475
0.8754111034340113	0.0006358165314689659	50.86691061168631	0.0469896030391434
0.8766808781602122	0.0006339602687170686	51.29146497065632	0.050810982133919054
0.8779469521265235	0.0006321148117399265	51.186584980045716	0.06066727296149827
0.8792093449663694	0.0006302800691826889	51.24964247174798	0.055882614970142436
0.8804680789572994	0.0006284559466510669	51.40758308398657	0.05899321687220445
0.881723176181016	0.000626642350856097	51.762549671946466	0.05338255598838104
0.8829746557323934	0.0006248391936168209	51.866954449319564	0.04362362868682234
0.8842225393322929	0.0006230463837377735	51.33118277081607	0.04552647120111276
0.8854668475864422	0.0006212638324067921	50.8852597463991	0.049207559998155855
0.8867076018470865	0.0006194914505084139	50.740606800077096	0.049407508513078985
0.8879448205198994	0.0006177291538840057	50.61029171781348	0.053910731435811876
0.8891785246125494	0.0006159768553945243	50.90767531630752	0.06242591757925382
0.8904087349515843	0.000614234468901672	51.42413598132666	0.05327330348768804
0.8916354694463895	0.0006125019131152442	51.346794157302725	0.05617643867337342
0.8928587485905533	0.0006107791037906607	51.340075064322285	0.049697439006531625
0.8940785917948231	0.0006090659589157868	51.209927630338704	0.054102873729695695
0.895295019211894	0.0006073623961303231	51.085391375889685	0.0554070725199627
0.8965080481155254	0.0006056683377828957	50.90130385652186	0.0658301375176393
0.897717698340174	0.0006039837033030413	50.79860962934179	0.05131338040424352
0.8989239886550136	0.0006023084142728976	50.52388770040517	0.051920523774391054
0.9001269385682658	0.0006006423919044045	50.49174059171711	0.04074338617350783
0.9013265647463746	0.0005989855619855172	50.243630822901714	0.04642788098159384
0.9025228863932586	0.0005973378474208654	50.346945603686734	0.040658492288827786
0.9037159225521321	0.0005956991719745528	50.3407124402411	0.04560937316678811
0.9049056894515781	0.0005940694638909581	50.44072956914991	0.0557983900245055
0.9060922058404473	0.0005924486485581665	50.691578073067284	0.048404494043670816
0.9072754894315223	0.0005908366533872391	50.55608342027776	0.06618900813917333
0.9084555586712113	0.000589233405385869	50.56407488537981	0.06354732240571596
0.9096324292266587	0.0005876388359192068	50.385144953190384	0.06584215798881736
0.9108061192625594	0.0005860528735324172	50.333381435083616	0.05524109361356329
0.9119766467943851	0.0005844754475527186	50.66906396747818	0.05134481147097135
0.9131440270841977	0.0005829064915762232	50.84986553472415	0.04400910538319704
0.9143082778747953	0.0005813459364063567	50.837685825727725	0.03691763201441883
0.9154694159003698	0.0005797937147514519	51.101258813205035	0.03663588662878307
0.9166274586229186	0.0005782497588893281	50.776625214120806	0.032902397703602856
0.9177824207847252	0.000576714005252974	50.293023808499306	0.030720192420945182
0.9189343195866018	0.0005751863875192312	50.677110346784055	0.029953031700647295
0.9200831720905902	0.0005736668400778485	50.24273895221862	0.02972982083620531
0.9212289926636992	0.0005721553013916054	50.0687609647143	0.030084646426542974
0.9223717981150235	0.0005706517071945271	50.843202721557574	0.02951899420038643
0.923511604270953	0.0005691559950176805	51.14100092509392	0.028066041744709575
0.9246484276794984	0.0005676681019396774	50.84556845330258	0.025779013054244633
0.9257822822257971	0.000566187969006612	50.70361937486587	0.0278939030298922
0.9269131842153782	0.0005647155345723431	50.608711694109076	0.02595554441989295
0.9280411489852309	0.0005632507387302645	50.73070161581069	0.024946705981485597
0.9291661925902788	0.0005617935211108332	50.733635361448215	0.025085182930163968
0.9302883284539252	0.0005603438252107296	50.704815227708224	0.026190844781383556
0.9314075723985604	0.0005589015918708144	50.87618987055199	0.02815291170039349
0.9325239401224239	0.000557466762550497	50.71879394137238	0.026688862821556802
0.9336374447151925	0.0005560392825021948	50.75106835942333	0.02829790825980551
0.9347481016496875	0.0005546190943496897	50.85410184235354	0.027670249156468228
0.9358559254538774	0.0005532061423623006	50.80680239540351	0.027183328401881483
0.9369609313670721	0.0005518003703311178	50.84589858286257	0.02777482558874561
0.9380631320500021	0.0005504017257459614	51.10303069741465	0.027166758549464924
0.9391625425256473	0.0005490101535041165	51.089671747271915	0.028454360839823428
0.9402591777011247	0.0005476255990691962	50.93624063585584	0.031243622523388675
0.9413530499269367	0.000546248011535315	51.07114582312094	0.03028728443736467
0.9424441739003817	0.0005448773374309324	51.35248691435188	0.03591104427206853
0.9435325633963114	0.0005435135248436988	51.41296897865432	0.030441797784332
0.9446182328941588	0.0005421565213711737	51.07762619527711	0.03284110344026226
0.9457011943454345	0.0005408062781534924	51.00324111457683	0.0366553300986268
0.9467814620280535	0.0005394627438007842	50.960549231669425	0.034593164198969295
0.9478590501116579	0.0005381258674425254	50.59547134436127	0.04346539180983343
0.9489339702590291	0.0005367956016870443	50.763608550293384	0.046514907752360356
0.9500062364442623	0.0005354718966391735	51.17321455659623	0.04249775303991654
0.9510758617402697	0.0005341547038834013	50.65704285093489	0.06225869838775246
0.9521428599176178	0.0005328439745052457	51.37156432323656	0.05690743024768416
0.9532072422675151	0.000531539662986912	51.98931549680391	0.07056643733243392
0.9542690223725858	0.0005302417213421967	51.86467706613757	0.07031789096892169
0.9553282129259544	0.0005289501030218775	51.70854632519114	0.0713058226829041
0.9563848273143716	0.0005276647609738741	51.52643734815566	0.07831582515384604
0.9574388764721031	0.0005263856514636703	51.495228643618674	0.07858367448397112
0.9584903736052117	0.0005251127283230653	51.46993053887295	0.0897740071311007
0.9595393318221859	0.0005238459458385245	51.53760642293541	0.07914945497827401
0.9605857617987432	0.0005225852615566866	51.295587572988175	0.0785778369585765
0.9616296764678842	0.0005213306306162772	50.89408193485062	0.11118106520089406
0.9626710878927307	0.0005200820095228396	50.899929266107684	0.0953137890963341
0.9637100088229511	0.0005188393542739853	51.15921632562664	0.08000577578501372
0.9647464496012454	0.0005176026240533601	51.38508751254305	0.07585741174169831
0.965780422808459	0.0005163717756707389	51.47565685870358	0.08569182705792464
0.9668119409339706	0.000515146766354455	51.51366900375393	0.09020536644024596
0.9683546376870287	0.001026640226223645	51.49096567538401	0.07934757921623914
0.9698918738784983	0.0005115063683164807	51.44228731644883	0.08049143114896845
0.9709136841603931	0.0005103043081738298	51.12821297919061	0.09284017013446132
0.9719330952052414	0.0005091078854519262	50.81628808769848	0.10444167082853836
0.9729501190086731	0.0005079170597008332	50.676858957152774	0.07925453573872429
0.9739647674804774	0.0005067317908564805	50.61257840116037	0.07391244986926757
0.9749770501854083	0.0005055520418668999	50.72878512143845	0.07925260154415516
0.9759869788797455	0.0005043777733894499	50.71949389945851	0.09856820228491542
0.976994564486346	0.0005032089473231387	50.94939971922635	0.0729473528189019
0.9779998186003331	0.0005020455250545096	50.95896484089106	0.06572154010989995
0.9790027504956327	0.0005008874709168307	50.80831597221411	0.06559980231636628
0.9800033716194898	0.0004997347469852233	50.79250313336337	0.04749936862992518
0.9810016925955478	0.0004985873165439595	50.656356768304846	0.04749400348311167
0.9819977247155953	0.0004974451423647239	50.54767569475709	0.05541462862214061
0.9829914769735599	0.0004963081901027639	51.147833759076065	0.03858899593643059
0.9839829605187442	0.0004951764231872519	51.155586688693475	0.040241595917304536
0.9849721864225873	0.0004940498053878616	50.51662517807682	0.039037209526704676
0.9859591634758142	0.0004929283033118974	50.404312166853266	0.037636657930971255
0.9869439026112481	0.0004918118813643173	50.29033853270953	0.03876500952205817
0.9879264139546564	0.0004907005051055208	50.58698480975662	0.03975631039734668
0.9889067082927816	0.0004895941395840696	50.813002250525	0.044192203328805725
0.9898847941541282	0.0004884927526266568	51.26979234280596	0.037912342749163566
0.9908606821917971	0.0004873963098888876	51.074058527675426	0.040875633995515796
0.9918343829856127	0.00048630477734134945	50.95390589893951	0.043131180058971035
0.9928059048736813	0.0004852181236894655	51.09550163342331	0.048085590806206086
0.9937752583057677	0.00048413631549067506	51.08319508246653	0.06249661333226044
0.9947424529403861	0.00048305932040783577	50.99933738693331	0.06647966477646146
0.9957074990898895	0.0004819871055938129	50.84610153872846	0.07272508627871653
0.9966704048465693	0.00048091964088019793	50.887259603193925	0.11107290451373794
0.9976311803973026	0.00047985689398103077	51.39648264693548	0.06443064112686576
0.9985898358599328	0.0004787988329020984	51.132541898331525	0.09285429692578169
0.9995463791481878	0.00047774542828702847	51.16204050284294	0.07337943584497816
1.000500820257754	0.00047669664868439226	50.866703645989766	0.10323498793621992
1.0019285608423374	0.0009502641687602794	50.582995849137056	0.09934011874177899
1.0033516231137765	0.00047357775658010573	50.56596771285651	0.10229003261804041
1.004770037279362	0.0009440671310645353	50.3203591820582	0.1070179443173939
1.0066540792905632	0.000939980480838772	50.67350516081301	0.08960771335848605
1.0085299829554177	0.0009359290592153924	50.9919653844158	0.08856555381876344
1.0099316123757731	0.00046645666897316286	51.31689602001035	0.10067315848543654
1.0113287324199602	0.0009299169893245096	51.082316986585965	0.10158114258723364
1.0127213730452584	0.00046346991253252534	51.18445378771297	0.09677806595200011
1.0141095615089093	0.0009239816644410431	50.911721344019696	0.10956193722890951
1.0159536046291606	0.0009200666946191313	50.83413059736632	0.1047508389995386
1.0173315161792187	0.000458576085545415	50.93075593981293	0.09612005905441857
1.0187050701122546	0.0009142560533899633	50.42219379459196	0.15431567083010772
1.0205297436522291	0.0009104228956613631	50.44270727059985	0.10213288018704074
1.0227998576524318	0.001358514618427456	50.19188028333082	0.08755415905678844
1.0255084229287073	0.0013500683334098675	49.70478607774621	0.1519879525105093
1.0282002003372799	0.0013417264255261361	49.73504998962899	0.0876781168098231
1.032649749937984	0.003098783316123696	49.555038273809856	0.10873940088300102
1.0366157358579227	0.000877318280556853	49.95285141767932	0.10381196660493204
1.0388035119849734	0.0013093648006770589	49.986545954146635	0.08757451985244259
1.0405458317230458	0.000434707454083092	50.200961438494474	0.09879622120497789
1.041848000327194	0.0008668119986564312	49.91774936053288	0.14097171904812156
1.043578173311959	0.0008633656014443258	50.145262819961275	0.09731758048553601
1.0457312413073627	0.0012886439299610861	50.17585666150094	0.09847403020394627
1.0483009120299445	0.0012810416843652068	50.20608544008511	0.12912989467757338
1.0504307503227681	0.0008498497760818037	50.52150086039986	0.10885511393299736
1.0521271324303434	0.0008465366831253096	50.62160321305948	0.09805187010947708
1.0546593460026759	0.0016832303929471806	50.67412643038987	0.09076828328649242
1.0567583038387198	0.0004187787296405815	50.72404851742596	0.10636516319143202
1.0575950545258883	0.0004179726497750734	50.68027531570977	0.08883878532108873
1.0584301961538196	0.00041716966708913556	50.51081446695937	0.10558076301153059
1.0596799057309203	0.0008319419214857069	50.252640276071645	0.08711811437280302
1.0617547958952924	0.0012419650592194497	49.966663167215174	0.07261301655113149
1.0634076003220738	0.00041241582235056407	49.82127083222139	0.10613819547276944
1.0642316495066662	0.0004116340286226673	49.83485621678072	0.09954172620017557
1.0654647995666462	0.0008209337584114264	49.861635014046314	0.11224001473377967
1.0666944574814443	0.0004093063303339013	50.26625607226665	0.0987107499830551
1.0675122994279216	0.00040853627013916037	50.39438307267775	0.10581004353430012
1.0687361824611166	0.0008147731937885663	50.55411142735413	0.09182943909821863
1.0703626789689973	0.0008117274556495336	50.615428341288975	0.10516022873765853
1.0715785668619773	0.0004047290262419673	50.85449965016938	0.09050309505086526
1.0723872713293383	0.00040397607718528573	50.843432231906355	0.08905414144318065
1.0735975117642214	0.000805703783183277	50.53293629460834	0.12590111416162236
1.0752059371832154	0.0008027253486749981	50.62999871194586	0.09248492641341416
1.0768084277134549	0.000799768853741807	50.37797752549892	0.12339529043890465
1.078405026991967	0.0007968340568581855	50.435530259755595	0.08738924146629717
1.0807889742380417	0.0015849440508918934	50.2333991506374	0.0904674481137253
1.083159906830296	0.0007881574913151312	50.515804321531206	0.09893388166646991
1.085125844175616	0.0011768966578001197	50.677082141102716	0.08785989584545202
1.0866922114840367	0.0003908865323841387	50.8163268117661	0.10950687237589453
1.087473281594818	0.00039018416240813226	50.953916002346496	0.07182692416694533
1.0901960182022825	0.002326473720443619	50.240251678491454	0.10702722617038735
1.0932869577067394	0.0007699915460095368	50.305904001413296	0.10944738907627219
1.094824216856324	0.000767270848059562	49.95322727067932	0.21274053438284582
1.096356053802981	0.0007645693091106036	50.28061093519946	0.08196354798861971
1.0994036132447316	0.0022776687126357504	49.97434455607776	0.0819217422081144
1.1020527971818728	0.00037730288135520457	50.41239767078494	0.10762401863204947
1.1054353162639559	0.0029950052617141	50.21984157198413	0.09230101351198582
1.109163028570866	0.0007423520053914557	50.73791736026291	0.09366850604000557
1.1102751317953732	0.0003702267436460783	50.924716807187565	0.10265392993958945
1.1128590171823103	0.0007360611527048176	50.77202913879235	0.10577182139836722
1.1146952823773093	0.0010994333112343015	50.42593704000086	0.11696113661848985
1.1161587250629634	0.0003652449281092263	50.53244572388052	0.10326548431214
1.117253079929549	0.000728651452078661	50.03337644850448	0.17683788213890395
1.1187079432206237	0.0007262145926311524	50.14592127948168	0.08947141276402071
1.1205196953682004	0.0010847870158031947	49.760351225995166	0.11871736437848093
1.1226838682731397	0.0010793947600140534	50.12117111821534	0.09094631307181181
1.1241206817753389	0.00035860986896781916	50.41970296938584	0.10622247704694296
1.1251951811046537	0.0007154474391846381	50.36927345776749	0.12055748116255313
1.1269801265128996	0.0010687694890556675	50.595987053297556	0.0958499629869555
1.128402819904088	0.00035509135492828433	50.949002398055946	0.104328075598257
1.1305281591591176	0.0003533578630340923	51.11464508271117	0.10430712633083772
1.1312343003512881	0.000352783787587667	50.835757683676405	0.1794619624245075
1.13193929525661	0.0003522115744349915	51.07635068222065	0.09663711412756319
1.1336967922458046	0.0014031565181733122	50.66379183366104	0.10038874181967442
1.1354472059364704	0.00034937812762565415	50.94028043973024	0.09380948371705715
1.1364940773390129	0.0006970739244236805	50.66475974157729	0.11417633076845811
1.1378859922264943	0.0006948433771378268	50.656100335916335	0.096452046133196
1.139619635896303	0.0010381127805121273	50.57493739013802	0.08406278259031671
1.141001585271143	0.0003449382325348329	50.717476632233456	0.09102357285912731
1.1420351688564845	0.0006882365704827756	50.398104561220485	0.11042681012296321
1.1434094654914866	0.0006860621328763168	50.57482857010469	0.10703067819032128
1.144779426459364	0.0006839013927800163	50.873496958828675	0.09184061895544722
1.1464858233766682	0.001021829297198576	51.14881280603324	0.07842099263136758
1.1478461300457503	0.00033954456946592336	51.445336121082896	0.10598614635342204
1.1485246886636116	0.0003390144660375068	51.40786060381187	0.09744792223790445
1.14987863370661	0.0010138776277158303	50.97850304121012	0.1105815343849932
1.1512283710086002	0.0003369105013604953	51.12683327777171	0.10236501693238162
1.1519016696842077	0.0003363885844229832	51.021853787660085	0.10775313873488536
1.1542500293526672	0.0020074472404439693	50.331369069289046	0.12729671412654137
1.158246479295752	0.0019890591126343437	50.468294193044834	0.10380532763464174
1.1608904932281543	0.0006589954581555272	50.882814873379075	0.09133823903792511
1.1622064882417624	0.0006570015987906587	50.973838805947125	0.08960161279081656
1.1635185075837904	0.0006550197682893786	51.01114652738021	0.1002767676039869
1.16449992777511	0.0003267706117811397	51.271246372177494	0.10144554104759998
1.1658050469455783	0.0009773702753697107	51.09106312943589	0.13457233266189542
1.1671062562720442	0.0003248154382017826	51.64323892630269	0.10166574835634373
1.1684035783077473	0.0009715397973778118	51.44267136522463	0.12716973868035328
1.170342323969017	0.0009672123867156187	51.28956723582088	0.10657860628880747
1.1722724534333993	0.0009629233548623568	50.95954574789265	0.12562480470705142
1.1748326877414428	0.0015954391158600905	50.62940781885325	0.09741527656279757
1.1770605781981867	0.0006349102471610246	50.906929534581295	0.10252894912385245
1.1792770981825653	0.0015791952358290937	50.76592150876167	0.10789071934385203
1.1833637182524854	0.0025030480560823245	50.7297829032023	0.13670228486358912
1.1883411816508345	0.002474524307695152	51.02249109818682	0.1092781970603375
1.1981281691093566	0.007258150874245156	51.26795858093061	0.08879264707829893
1.2056236863519083	0.00029724819946534253	51.911465940925275	0.09431133467987385
1.2112349950375696	0.005281781475251893	51.24304941901054	0.09130539225396277
1.2267981227901046	0.010191715618569394	51.01388354497322	0.09142908461221752
1.2418227799044144	0.004922578428031244	50.99503196965547	0.10898935240708361
1.2678290573077589	0.020606481743966513	50.57426831240683	0.09520856674239934
1.3267521267212088	0.03710861422562328	50.01106443670632	0.09896542112029716
1.658084813018018	0.0031697456571828904	48.91191878574317	0.06659477601309721
1.6640786245286268	0.0030176937206376586	48.940396240235714	0.06758559688618827
1.6706382825008284	0.0033443318988127663	48.90915339206704	0.06758559736399579
1.6777422852086925	0.003723569393301516	48.87700865200349	0.06758561423026242
1.684638242421711	0.0036279171278631814	48.86695769657347	0.06659477684340467
1.6922172330977527	0.00357969635793508	48.83856652671126	0.06758559453399698
1.699623340618506	0.003357148715679042	48.8648650160598	0.06590711684500711
1.705445450358975	0.0026988538397097073	48.94736912058832	0.06659477810837122
1.7115152227295567	0.00319692149073091	48.88657594809648	0.06659478583374454
1.7166773901187233	0.002730749060676444	48.94801071422605	0.06860133251555044
1.722263175048738	0.0022955449160112096	49.029332622262736	0.06758560868657416
1.727219398455102	0.002873205286696727	48.93089604139987	0.06659477452455881
1.7342677648609504	0.003959931449398982	48.76537402848572	0.06964291926133465
1.7403973969570532	0.002323137961593392	49.01302878733304	0.06659477512005435
1.7459537178729967	0.003077414373674629	48.88043511723136	0.068601325391505
1.7527405372755296	0.003765510343705496	48.79314485660429	0.06758558941999528
1.7594104702292928	0.0029627597127583486	48.88045205431624	0.06860132232612415
1.7651074480533935	0.0030225082845327243	48.87439861535684	0.06659479153012347
1.7713976712691224	0.0028921996841624726	48.87969585091607	0.06659478297260145
1.7770123203469628	0.0035408992409615616	48.77970745282299	0.06659478044161339
1.7836798122526347	0.0027173101156163274	48.89799049233025	0.06659478513661785
1.7886655422833937	0.002202993657979329	48.99187628230853	0.0675855934787345
1.7937059759497131	0.0026859936856768406	48.909155513377115	0.06659478324177079
1.7987113403050925	0.002433314498060475	48.93653068483408	0.06758559893754643
1.8045063900943208	0.0032207529102122536	48.796553809111096	0.06659478319435422
1.8108600206066412	0.0029102473732539416	48.82865805664338	0.06758559319382287
1.816885651240105	0.00301383717035225	48.81342340464543	0.06659479295243342
1.821934424398211	0.0025547157248309808	48.89030874587564	0.06758559358014901
1.82813560014946	0.003929280388424376	48.72208416563104	0.06659476540165571
1.8350316805160776	0.0025834871494393357	48.888499224823285	0.0665947864324349
1.8404645711439729	0.002565151702343321	48.860473552033554	0.0675855905734139
1.8457792864000684	0.002833465173859382	48.811440428029044	0.06659477611895849
1.8507942977693737	0.0023450462023099005	48.905874797021696	0.06659477171816613
1.855079626759097	0.002361998033701581	48.89645891498665	0.06964292316164168
1.8604005378413486	0.0027511778286652055	48.82847117537718	0.0675855918542871
1.8659853025053965	0.0027533874444594496	48.81811072785967	0.06659478719088567
1.8706803887800678	0.002145279113967443	48.92434357746548	0.06659477779417866
1.8761734137610677	0.002779992445358046	48.8183863088017	0.066594792018385
1.881325075239666	0.0023379514904997307	48.886015739738504	0.06860133259149302
1.8853581129456356	0.0020786478869130776	48.92500579321838	0.06758559742351028
1.890000076155561	0.002196418435554785	48.8863629929019	0.06659477296431104
1.8939537154232355	0.002170421468594624	48.8910352094443	0.06758560014527314
1.8988366453607144	0.0024473700872264174	48.86512518162333	0.06659477965562803
1.9032361192005625	0.0022751044613569683	48.90803853038205	0.06758560054156934
1.9082433823603209	0.0032217341671548017	48.73161547002031	0.06659477855305428
1.9146598497140968	0.0023351195635033166	48.830226959931196	0.06758560142341725
1.9193022829421316	0.002323221748460209	48.819587198531636	0.06758560770597229
1.9240462817346464	0.0026220019866474028	48.77174908549429	0.0665947795556228
1.9294245403448627	0.0024690178332142433	48.79346601133074	0.06758560664826331
1.9337458585374594	0.002155504167808894	48.861928896604105	0.06659477062588993
1.9386873889354201	0.002513096956412256	48.797668595982294	0.06659479612609183
1.9432987897967742	0.00218474128001592	48.86674454927241	0.0665947706541116
1.947253235586122	0.0019695955968066325	48.9191218139172	0.06659478383316367
1.95181237045461	0.002606257481063005	48.78823838464952	0.06758559684959427
1.9566512159192069	0.0018971099667258995	48.907648140687094	0.06758559915696853
1.9602354881709592	0.002442442292068916	48.78007675322193	0.06860132200744828
1.96503362389935	0.001925502121693957	48.88680235258414	0.06758559576426212
1.968780484326099	0.0018615257997695116	48.90040569376918	0.06758559520569077
1.9727418230647658	0.0017125016428133	48.93139426186538	0.06659478558195074
1.976679945044621	0.0023995283140783195	48.76454418392284	0.06758559492212851
1.9803605350221365	0.0017788415167089206	48.88477817721306	0.06758558685115933
1.9841686120439004	0.0015764628599160692	48.93840205770901	0.06659478050087407
1.9882035714236235	0.0022459745229212393	48.782595925304705	0.06659477607406303
1.9925753647910227	0.002208914727842602	48.794909586814654	0.06659477961529901
1.9960110444538968	0.001471441799989391	48.975375797510594	0.06659478103692432
1.999204656441783	0.0018634784999123932	48.854063443410354	0.06758559671434786
2.0032687388662644	0.0018899359048877708	48.82336013484618	0.06758559311514231
2.006832638626011	0.0017347255870404001	48.85509847423177	0.06758559997623446
2.0101741018779133	0.0015396132620044537	48.92704323757145	0.06659476998765158
2.013638074946437	0.0019424691692423645	48.841018725728304	0.06659477724280975
2.0174025895690244	0.0019543607023955857	48.823094419878444	0.06860131883271997
2.0210438281009546	0.0016481893432643978	48.893546030879364	0.06758558981140728
2.0248846935146174	0.0021992674546526736	48.761082314716205	0.06860134381795562
2.029216486117071	0.0022153670178508156	48.76633113714837	0.06860132415553018
2.0339845999440507	0.0020808463647645314	48.80807374006292	0.06758559660820157
2.037632234468729	0.002051407624093325	48.789401228536605	0.06860133494695105
2.0421122972729595	0.0020325203521941726	48.77172408877974	0.06758558988901936
2.046008211307601	0.0019982710335225903	48.76572822341989	0.06659478270186549
2.0498886327952164	0.001858177511902674	48.7872326868973	0.06758559804847615
2.0535807401133725	0.002056538285246435	48.745180832217194	0.06659478056729494
2.057151777216645	0.00150623814762349	48.890009264599854	0.06659477704230547
2.0602265630146523	0.0017344941354895905	48.82573886200481	0.06860132416853763
2.0640196062206178	0.0018481098185843452	48.81475916397591	0.06758560230126538
2.067792056716877	0.0017086233006952942	48.86475991561515	0.0665947929151683
2.0708028180627833	0.001708982753081737	48.8729731758972	0.0665947899298415
2.0748204578545697	0.0017816241267988064	48.81570754282472	0.06860131523400785
2.0778468845875984	0.0015937229184802195	48.84878348399886	0.06659477541521196
2.0811929468706065	0.0016675923186464385	48.80920083025495	0.06659479271664125
2.0844466360304676	0.0016335353639785487	48.80275394342003	0.06758560494336113
2.0872430119686527	0.0013185459365983793	48.8956856505696	0.06659478045724754
2.0907501406428435	0.0017842599291732642	48.756746807935436	0.06758561611219535
2.094023599355004	0.0019024993565474118	48.726044164653985	0.06758558319368634
2.0981129162050616	0.00191608065556905	48.72076886814784	0.0665947900644022
2.1014543596754343	0.0015367956441835779	48.80878107181187	0.06860133176810904
2.104209379015319	0.0012811683461806452	48.91201617480775	0.06659478523436824
2.1079773601469074	0.002522522711464347	48.636073996318665	0.0665947953926558
2.112074403445479	0.0016185757738685779	48.815977445330404	0.06758558348798505
2.115769564773277	0.001884525523648247	48.7459040957068	0.06659476624734217
2.119419050879689	0.0016920305291971082	48.78842691866704	0.06659479086104746
2.1228565368934382	0.0017919821918154846	48.770120650414924	0.06758559882672707
2.1261046349324983	0.0016527960835052385	48.828383704267736	0.0665947897038905
2.130096848121855	0.002031173747448281	48.72363860842097	0.06860132651637743
2.133279152361885	0.0016678514860537538	48.79528120317908	0.06758559158950811
2.136981755033034	0.0016763220412554871	48.77580242799362	0.06659478955492908
2.14026106155028	0.0015997895236410512	48.78443829376121	0.06659479141219614
2.142867137690676	0.0010398242298845324	48.9577918521737	0.06659477821523746
2.1453586465109575	0.0016306383363709136	48.73986195203855	0.06860132372542763
2.1486839960546975	0.001451296990098224	48.796318228694766	0.06659476866960946
2.1515466346629477	0.0015351864445046904	48.767801477076915	0.06659477797801278
2.1547549431260724	0.0015222162617111268	48.77120433255568	0.06659477959337613
2.1584072316672795	0.002284086053801053	48.579141952972336	0.06964291685271416
2.1624757753307553	0.0016045524354639103	48.74909505569755	0.06758559520720844
2.165440008629873	0.001485221719661928	48.778630167312436	0.06659476946181486
2.168678760571226	0.0016513805752376052	48.70818735755753	0.06964290894690663
2.17257566827883	0.0023591194313113545	48.55617397321	0.06860134790376515
2.1770843865909133	0.0020403309510703704	48.63075193294395	0.06659479316532356
2.1813629355993553	0.002115412409047663	48.62067691384652	0.06758561081922508
2.1852868010767006	0.0018798941323660888	48.68197077591126	0.06758559314566655
2.1889732715931474	0.001768255991875454	48.69516826658775	0.06659476956336732
2.191877685686911	0.00149261594912105	48.75381247068217	0.06659477634795438
2.194919736058464	0.0013831810673182107	48.767496571774586	0.07071135591401381
2.198152362158474	0.001753199403141848	48.690470947185645	0.0696429286670093
2.201310070603565	0.0013945001544580808	48.803737236217096	0.06758560309293252
2.204228840911483	0.0015797379213881655	48.730703791137465	0.06758560130772573
2.2068258760318495	0.001477686159502908	48.74477857623077	0.06758560158328385
2.2104714000467327	0.00156380699429781	48.71178382753381	0.06860133916604234
2.213024175768657	0.0012331934069223518	48.81285386136815	0.06860133740376567
2.215885846628547	0.00190078317647673	48.62830788214531	0.06758558799113863
2.219981570492558	0.0017981050008608903	48.65502142009686	0.06659479224718705
2.222736475038879	0.0011530548928322185	48.84510007532232	0.06659477998801742
2.225495311268851	0.001404151291153764	48.741292395295844	0.06758560378629554
2.2283143216715566	0.00181330426326439	48.61232885473078	0.06860133459510007
2.2324599236107887	0.00185545777183955	48.6152056047484	0.06659477714877259
2.2357434321641048	0.0014844178319495238	48.72156504730644	0.06659478065674378
2.238663601829684	0.0014152434449985131	48.74275502861739	0.06659476883351524
2.2415191146722484	0.0017220550413854414	48.64131704129822	0.06659479197189543
2.245256343257041	0.0017547813624480485	48.607820215747104	0.06758558698955151
2.2490033818868325	0.0017713130260187445	48.59966389549968	0.06758561798580792
2.2519576042616976	0.0015709510063339498	48.654620285082224	0.0665947996815449
2.255219474456448	0.0016897921516231971	48.61149799060768	0.06758559082593396
2.2582451004313966	0.0012699015546329734	48.73443012127463	0.06659479897325152
2.2610523062055767	0.0013474040295321512	48.71712367483826	0.06659478209898889
2.2638271852835987	0.0013505208256313762	48.73438911182453	0.06659479617374785
2.26666710168471	0.001612903038268858	48.657628548931434	0.06860132448667101
2.2692935092667352	0.0014651946690918609	48.69635073602937	0.06659477518365982
2.2724893620392574	0.0013302217971265632	48.721465087975744	0.0665947775283063
2.2759792392594274	0.002290297385923935	48.473807311670235	0.06860131773652348
2.2794851813089547	0.0011980044559304502	48.768462280442684	0.06758559551807279
2.2823120532811445	0.001503516297830816	48.68135280299346	0.06659479589311418
2.2851887082992337	0.0014706976588406003	48.691569478404936	0.06659478075382352
2.288392965587535	0.001427949732047738	48.703451108548	0.06659477241420403
2.290980731152819	0.0015000555874709561	48.66844694677944	0.06860133903783967
2.2944734938167737	0.0017902507467744899	48.5875064911866	0.06758561677576723
2.297919163633752	0.0019173021894639162	48.54750584946161	0.0675855884157542
2.301384206839574	0.0014550117491028438	48.66478050978078	0.06659478089532167
2.3039397826100716	0.00110515191657943	48.778887023704065	0.06659477025685384
2.306105567241979	0.0010884514370808583	48.77929181987836	0.06659478382321211
2.308549169542146	0.0012553083724013074	48.69808271717935	0.06758560892897196
2.311073542958245	0.0013978435390748286	48.64175411196418	0.06659476346422967
2.3140953584874127	0.0012966882858725197	48.69843485055057	0.06659479343622686
2.316613115092237	0.0014802694520712587	48.661310274761746	0.06758559669964007
2.319544172736276	0.0013525505184677935	48.71594474475596	0.06659477343949498
2.3222204310340597	0.0015430935722947244	48.63300033527615	0.06659479074702244
2.325343089518384	0.0015263974449619298	48.60077113411096	0.06758559291246062
2.328315741793043	0.0012526766582504146	48.68044797090448	0.06758559957389997
2.331055574798007	0.0017591968368827497	48.53228211248219	0.06860132500312627
2.3347497199793588	0.0018226793639416268	48.52362462588036	0.0686013110656504
2.3377477077280258	0.001252077811971618	48.68739789503624	0.06659478850139001
2.340712074815181	0.0015811295846397215	48.560202972119654	0.06964292677032322
2.3432170035612017	0.001128682998866062	48.71901063539891	0.06659477684315451
2.3464400309979156	0.0016904472176249566	48.518718952518995	0.06860133589299129
2.3496073110060722	0.0015677441999140916	48.55045570763832	0.06964293764374681
2.352653146412589	0.0015604955112002853	48.565136424981795	0.06860131252726144
2.3555346671908617	0.00144546280201059	48.60760830636907	0.06758560989908063
2.3582853144094615	0.0013228729447925295	48.6404133217226	0.06758558542883064
2.361274214846852	0.0015324203912068927	48.56925768035312	0.06659475929628242
2.3640631670888976	0.0012089046530048436	48.67548260600206	0.0675856119039126
2.3664886378241428	0.0013648217235992309	48.627337994380476	0.06758561052300906
2.3693922396993647	0.0015901763202443658	48.55941882422786	0.06659477392096512
2.3724274082158248	0.0013361630149852635	48.62280843539188	0.06659477211340317
2.375399289586283	0.0014406544469332636	48.578125499787106	0.06659478658379517
2.3779373833974167	0.0011564021724298876	48.676818977531624	0.06659479362875023
2.380070033280351	0.0010289005160306554	48.730867810307075	0.06659476194429136
2.3826225848894835	0.0015750926837568302	48.530851322740574	0.06860131261415561
2.385455020947511	0.0012230022437369058	48.62463657253292	0.06860135470035503
2.387715366481973	0.0013656813334888816	48.580177777282735	0.06659479770294592
2.3909234667843737	0.0013498100806069466	48.584942279176	0.06659476214081805
2.393322526483868	0.001327903796502408	48.58925080074343	0.06659476835980796
2.3962443861138985	0.0013664321216389076	48.579677663727	0.06659477266044074
2.3988563094838864	0.0015425440189891597	48.51772853374643	0.06860129850978507
2.4021271656201324	0.0015380601166209353	48.54181188127171	0.0675855752100395
2.4051558325912814	0.00152033062221791	48.56073177175465	0.06860133001516021
2.408347146164299	0.001745434494415206	48.5043744956214	0.06659477828076803
2.411789853616583	0.001714086756719892	48.48352708751285	0.06758558897270693
2.414801688800688	0.0012349049141564261	48.60496357670011	0.06758560115817924
2.4171293642351093	0.0011146059134336066	48.65973594593106	0.06659476035265385
2.41969073222555	0.0013141373640271862	48.588164064159486	0.06758560717299857
2.422277695669198	0.001351005222928869	48.56301639025399	0.06860133458681235
2.424965953987324	0.0013197973006163286	48.571352322692206	0.0665947951695866
2.427717002287186	0.0013791978730271688	48.551883409130234	0.0665947494004245
2.429998817035301	0.0010656597774206169	48.681238965867394	0.06659478610513592
2.432309273425625	0.001235056321906273	48.63913109146108	0.06659476264284543
2.4349161726686677	0.0013271579893296475	48.57993029231889	0.06758558564018609
2.4374613316787928	0.001147288010437748	48.62286814078967	0.06659480264609412
2.439326619739088	0.000887691246405098	48.70784350662314	0.06964292893793836
2.441208986822611	0.0008691643748140842	48.73162997791041	0.06758560041629445
2.4432199901335867	0.0011369055546061363	48.62377418159928	0.0665947654125905
2.4459393439994477	0.0015254985520597446	48.48550962216373	0.06860133023152433
2.4488277375851717	0.0012806501368376043	48.56348613468243	0.06758560795556139
2.451137536327193	0.0012269899380028518	48.59522782446606	0.066594774690984
2.453826377715586	0.0012873952582965463	48.58328755983479	0.06659477167100744
2.45614070089859	0.0011052491956557527	48.6395048455136	0.06758559135439807
2.4583040631082316	0.0012849883015796763	48.55536349357725	0.06860133029521713
2.4609729737111343	0.001134709507606425	48.593473826457625	0.06860133068655104
2.4634975634878447	0.0015688797670136445	48.483045807531944	0.06659475569362788
2.466116080632303	0.0009818450100698495	48.7070898306838	0.06659477641699957
2.468339213896119	0.0012349394550541005	48.596036272794066	0.06964291515082667
2.4706188527052624	0.00100199568689636	48.69942786991726	0.06659477274556065
2.4727508251616306	0.0013425749755525264	48.57240239922049	0.06659478252950755
2.475260785785265	0.0009733693594948229	48.69427104549038	0.0675855886872983
2.4776403478451936	0.0013180107773624122	48.54376353616803	0.06758558026643635
2.4801633632008415	0.0013862025100851649	48.50725778071324	0.06758559227500018
2.482945792564102	0.0011980196443356621	48.554750668221004	0.06758561485518166
2.4853430515031647	0.0011512294532286726	48.56703518014658	0.06860132511962466
2.487760526688727	0.001392046611943507	48.485655788645666	0.06659476710144992
2.4900534550293854	0.0010986626697961207	48.57159308895584	0.0675856182682828
2.492804121649553	0.001356026647901253	48.474683041130156	0.06659475102252359
2.4952179184531453	0.0011551034474546814	48.53172257605428	0.06758560159739424
2.497490886068163	0.0012143448068749952	48.51014604445471	0.06758559737346886
2.5000312887234295	0.0011657626004915492	48.53748907128467	0.06758559283947668
2.5027519164475516	0.001386054993410074	48.468361492254246	0.06860130750061808
2.5048911440179955	0.0010278112969467203	48.61110769586624	0.06860131017886008
2.5070429026182706	0.0011444940778157612	48.573100333182225	0.06758561863482351
2.509755510316157	0.0014730813377298718	48.45054007151849	0.06659476937854568
2.5126492169041685	0.001365818854003601	48.46749180843743	0.06758560260998324
2.515336609042507	0.0015558852463433853	48.40068729056368	0.06964290206247845
2.51823835096206	0.0011233269575851453	48.555995434454275	0.06860130377862167
2.5201890228089363	0.0009385735609141777	48.64527627739998	0.06860132693785982
2.522256447221076	0.00115097737314364	48.57588284381475	0.0665947564316588
2.5245459046478005	0.0012162384874975303	48.542531083587875	0.06659478614619536
2.5271382143388093	0.0012837875489708397	48.509259573278634	0.06659478365339755
2.5297560123324776	0.0013187022355511246	48.485663056596046	0.06659474758333195
2.532073664303683	0.0010867034093404511	48.55483910269818	0.06659478793716056
2.5346786899233313	0.0015076186103389236	48.38497269970853	0.06860132580383435
2.5372868811305436	0.0010418812784305708	48.54740240684698	0.06758558599202502
2.5397266530168503	0.0012667358521511166	48.4685460516196	0.06659475915529306
2.542154849705995	0.0013805387504209328	48.42196825821615	0.06860133444714167
2.544794215427806	0.0011608348335219176	48.50593931469348	0.06758562312031122
2.547106316356606	0.00124065374340222	48.478477259394424	0.06659476616582714
2.54983360497122	0.0012648445902377074	48.45215071119518	0.06758560431235627
2.552500412104872	0.001435302376799807	48.38371766152878	0.06860136771609517
2.5552326818831874	0.0012761289260133219	48.44478833810683	0.06659480939246559
2.557802571340112	0.0013009671696198508	48.423382865745836	0.06860132618096534
2.5604912857893507	0.0014134018888031154	48.38253566960671	0.06860132138074303
2.562988564083274	0.0011164709765249332	48.49203641979446	0.06860131483187214
2.5652424089134755	0.0011834176749274123	48.484635348621325	0.0696429219692564
2.5673599227064394	0.0009870387877732006	48.59084784189952	0.0675855905896235
2.5692844970571085	0.0010141971862939062	48.55209916026448	0.06659477923980349
2.571362594021109	0.0010484111665994538	48.50241334005729	0.06659480257676839
2.5739778128095763	0.00128331519594779	48.40943093361692	0.06659478965872889
2.576227403689954	0.001246928366243592	48.42358563171153	0.06659474647992683
2.5788727336104404	0.0011846094002368633	48.44303749529376	0.06860135243017326
2.580977582359943	0.0010918357056315746	48.49145631776212	0.06758561673206934
2.583489012413723	0.0015995138876679206	48.32675545835921	0.06860134642290133
2.586811033691531	0.001486302645704787	48.37586433137964	0.06758560022711718
2.5896710158565606	0.0012451363717244967	48.296233515376784	0.08081181823216668
2.5921126722308157	0.0012759992613209108	48.47368839460337	0.06659479803847364
2.5945989439102606	0.0011707015869080108	48.48131052593574	0.06860132578853144
2.5967631940343723	0.0011238183068404098	48.47792639523429	0.06659478467315273
2.599202042168059	0.0011622620480815013	48.413233706455145	0.0707113872456466
2.6013805767564047	0.0010360517286916067	48.29500099470805	0.08266006030676852
2.6034608348925663	0.001136351724808194	48.42139731790589	0.06964290503815516
2.6059712591651136	0.0012716923962257575	48.39295385026006	0.06860133564336873
2.6082491187266634	0.0012300469076410843	48.42616185806693	0.06659481197435999
2.61055136529273	0.0009807653540005463	48.32953599273182	0.08266003966939173
2.612722159473537	0.0013620925615989527	48.35155271326304	0.06758560609851567
2.6153597367666315	0.0010807619803864096	48.45113217322051	0.06659481242701672
2.6175279890101923	0.0011266155985512434	48.43500724943374	0.06659477511812098
2.6200610852952786	0.0011741493967843304	48.41305978210461	0.0686013576762734
2.6222168704908704	0.0010646859483442884	48.29101156955463	0.08081180040247056
2.624168153831368	0.0008665830946609946	48.55487710972355	0.06659475310341523
2.625984260829631	0.0010952932025343669	48.43827359399624	0.07071134963186518
2.628403527938816	0.0013314734913028932	48.372008160336584	0.06758558327898112
2.6309796551758917	0.0012331822756220506	48.388228856325256	0.06964292831266797
2.633200893057907	0.0010833512771643717	48.2782856443679	0.0808117993404197
2.635776403675477	0.0013537720259640365	48.34525952616087	0.06860135945706368
2.6379776984221004	0.0009591881723135348	48.33623455774149	0.08266005128102358
2.6400646017329463	0.0009821920140906967	48.36729240349221	0.07954709263499818
2.6419053796036147	0.0009521853395815022	48.369789260111226	0.08266007137441686
2.6441338455183154	0.0011869150251564763	48.425260040952615	0.06860134075667663
2.646406419480426	0.0011352044558688558	48.42664476131023	0.06659478085956594
2.648688061175033	0.0011713185461048182	48.39598484707382	0.06659474677840725
2.6509588445544416	0.0010607356255238913	48.43898298145107	0.06860136653381312
2.653141451233347	0.0012182389120219538	48.35062748635852	0.0704186593545019
2.6555173216117116	0.0011941861341348019	48.42869737850144	0.06659476921195169
2.6575522630041335	0.0008925027885225036	48.39447981823704	0.08081184110613054
2.6598436149136795	0.0012129000977876437	48.45455305618217	0.06659479807579695
2.662207612105883	0.0012198203539476485	48.41188972273976	0.06758560677546945
2.664419823429683	0.000983662196193334	48.46106064573602	0.06758556846796421
2.6662957571505004	0.0008672532240440483	48.312859087321556	0.08457810345135339
2.6681866768317537	0.0009339269656407846	48.29569131664849	0.08081182721562516
2.6699393076724216	0.0009709847385293327	48.32487103146826	0.07762274558042674
2.671805826961426	0.0009251604147583675	48.28984662040901	0.08457810894301705
2.6739844634238388	0.0010961951755592923	48.413748279656204	0.06758558672421278
2.6762286732834135	0.0011151874633013473	48.23873983003771	0.08266004800873507
2.6782551632797307	0.0011297681292091175	48.390421086417774	0.0675856099795981
2.680545192281974	0.0008840735709076505	48.28548615794289	0.08457812742537588
2.6822006358432398	0.000877981881837278	48.32181790016011	0.08081180563767473
2.6842074140247485	0.0010472398934008769	48.445527150156614	0.06659481073482129
2.6860452008070292	0.0008623772906649636	48.523414994645634	0.06659475880956503
2.687925179358902	0.0009898488781573053	48.43516279765558	0.06758558348885545
2.6895557079977457	0.0008681149145385646	48.303945592662075	0.08266007118790766
2.6913948455578707	0.0008503627423779235	48.313413111204085	0.08081180106498322
2.6934249419394956	0.0011204730443391574	48.1889955245573	0.0808118444965736
2.695603376584998	0.00112256215940254	48.368753206347435	0.0675856182022148
2.697721643537117	0.0008885589247966547	48.34497727295971	0.07879096367567731
2.699654313916621	0.0011002276176738971	48.344584868036826	0.07074069110902882
2.7017050651012	0.000910798212714614	48.273423006071695	0.08081180917507409
2.7036059634528775	0.0010723192294586719	48.36164448343656	0.0675855819550671
2.705669200102411	0.00101742317049529	48.40373108200792	0.06659476649172873
2.707771789411223	0.001060913357617317	48.22881695556612	0.08266005867000303
2.709912649676892	0.0010759401236153515	48.43014206971295	0.06659477631925159
2.7120819065131667	0.0010425645846649579	48.414479449664704	0.06964292503383883
2.7142095101026102	0.0009724981183606697	48.425495617097695	0.06659476031332842
2.716154751282958	0.001057375155310379	48.363389107414775	0.06758561461383007
2.7180922317825913	0.0007670094234544471	48.320047536773146	0.08266005236918032
2.7197395780880798	0.0010648341987022113	48.3604085315196	0.0675855555678453
2.721577362792613	0.0008263430799233602	48.32257917407432	0.08081182319596704
2.7234655957658833	0.0010834785818180797	48.403124172751234	0.06659476428079562
2.725451635151671	0.0007776947655448188	48.307909739686274	0.08864028351351315
2.7274272927284686	0.001112526916719098	48.155614745789755	0.08081184642931698
2.7292057454993115	0.0007861363483035701	48.32535925757796	0.08081182618918246
2.7309742850863894	0.0009722484734107238	48.36900681377596	0.07308285797086546
2.732607584393523	0.0007934737438412421	48.40763878735836	0.08081181550682215
2.7344591193851135	0.0008274809923198512	48.339670963351224	0.08266006449446499
2.7361512420798637	0.0008577769439007474	48.2858719772467	0.08266006953365873
2.737835924626877	0.0009607174707921065	48.21399237032845	0.08081180929225157
2.7398951700522867	0.0009520468119364471	48.21744113167409	0.08457814134646235
2.741703416481254	0.0010408673190287526	48.36909072103626	0.06964293318936222
2.7435222556623544	0.0008082379461965052	48.505365279939156	0.06659476789819421
2.745213823215204	0.0008413499897379255	48.36739495629523	0.07609793293225157
2.7469137857429757	0.0007547269128757748	48.369445152891274	0.08081181471790244
2.7486352154602334	0.0008622038452291464	48.26963481803367	0.08457812798211031
2.7503392487491096	0.0010699832611832884	48.33124330059738	0.06758561500859177
2.752414042238533	0.0009087486049662084	48.212455746027665	0.08081182945249497
2.7540592027630235	0.0008391010364029716	48.24138128078612	0.08266007289760031
2.7559133686094164	0.0008340611351145159	48.276261588918295	0.08081182826302498
2.7577738237714033	0.0010345247297689813	48.221200453950644	0.08081181638242056
2.75970851250285	0.0011172751070845782	48.21601224654986	0.08266005908401705
2.7618208988790522	0.0008890702010720738	48.32509669934821	0.0808118135821622
2.763377797476529	0.0008457706437766908	48.40072172129633	0.07404532131324984
2.765270940096975	0.0007368047642254551	48.51993828302354	0.06758559189545861
2.7666403785970775	0.0008710907462309813	48.4200407077128	0.06860134536125496
2.768474652123684	0.0009420426722608267	48.38590207794365	0.06758563469183389
2.770370858506234	0.0008158627694803168	48.34515890048411	0.07544187091783655
2.771911984264732	0.0007619350080212733	48.284585643962124	0.08266006116460888
2.773937868074843	0.0009892991179202323	48.16435954128206	0.08081183376439725
2.7754103823659473	0.0008344659117048462	48.221429865388885	0.08266007350070952
2.776951706130207	0.0007208410708291806	48.2810775241532	0.08266007538114233
2.778729923996112	0.0009609673356448891	48.15141643265964	0.08266005531333885
2.7804126718614284	0.000887816279105965	48.290353603274745	0.07377744033202328
2.782208325505865	0.0007610256773162242	48.244942859158115	0.0826600371954541
2.783596557200165	0.0006739592675437385	48.297810765043	0.08266007640913436
2.7850684442458737	0.0007478104350989088	48.29659025403444	0.08044212858584356
2.7866664140086255	0.0008597191734320248	48.20376339337193	0.08266005660888916
2.7883354530638047	0.0007861052178898389	48.22478590906149	0.08657006014043707
2.7899450796688243	0.0007450725741860379	48.275261970990975	0.08081181552791881
2.7916663619589155	0.0009393187188096344	48.18698989242085	0.08081182148601304
2.7933474396934463	0.0007563476620176167	48.29970700908327	0.08081181806592955
2.794762587370588	0.0008229790803903054	48.26149571510873	0.08081182436498982
2.79639895157738	0.000681457105492432	48.33628005807388	0.08081180028212448
2.7975966173850484	0.0007324409018749155	48.29893663992869	0.08081184055951623
2.7993185803998064	0.0008357921247712908	48.415046257404086	0.06659476230165806
2.800988087946156	0.0007267434364639396	48.30585024268769	0.08081183418107875
2.8022198412440775	0.0006499966795854433	48.35326279189725	0.08081183831817644
2.803676548654465	0.0007685715376936586	48.270329537995266	0.0826600652165482
2.805203504147156	0.0009293626280291136	48.32791131044705	0.06959728223574657
2.8069819768420468	0.0007026401078992379	48.30110297301668	0.08081180624293417
2.8084895866917825	0.0006927877639025374	48.29032773102307	0.08081179834820969
2.809787549403033	0.0007286212163907155	48.33290202437679	0.07650770631345659
2.811437628425204	0.0009043296941123889	48.19428855639292	0.08457810102703013
2.8130785260055817	0.000689726206208257	48.35782633434555	0.08081181565004078
2.814323714298744	0.0006872026047263904	48.31799800665652	0.08457814132835619
2.8159289736610518	0.0008908329925385465	48.19287894264261	0.0808118170315246
2.817781057642635	0.0008184310647786331	48.20301982215224	0.08081182800289574
2.8191706550343274	0.0006701673269782417	48.32760531334955	0.08174957957607325
2.820846815091121	0.0009098199567929917	48.184647175762095	0.08457810276854896
2.822603061560386	0.0008752730630219846	48.40040776699796	0.06860135046322188
2.8240775341526794	0.0006739086234319142	48.32407072548331	0.08081180526921376
2.825557002029065	0.0007158326038988379	48.27311366587433	0.08081182889840267
2.8270047934434883	0.0007681806612967436	48.227082103477834	0.08266005167114104
2.828480360863626	0.0006660485699971088	48.2931332782318	0.08081183670537623
2.8299706988097344	0.0009233789379113798	48.1432700248677	0.08266004780662853
2.8317826100277697	0.0007585457049653245	48.23010946424118	0.08457813249911653
2.833778776418832	0.0010948124060405494	48.07669813510965	0.08457810896676797
2.8353368469085423	0.0007354541554043837	48.239480711482614	0.08864029711411861
2.837104679170824	0.001057293448491086	48.12529105069839	0.08081181750202994
2.8391840716860997	0.0008385117394988581	48.229648606581726	0.08266005386814328
2.840780750080461	0.0007650260574291584	48.26985447658554	0.08081183171639765
2.842359916377321	0.0009826567314446958	48.12780560535044	0.08657008703887831
2.8440485346797137	0.0006106451908343222	48.34082662606929	0.0826600399663075
2.8454493559733476	0.0007461168101866332	48.22260643280096	0.08657004153354003
2.846796100462235	0.0006877792518438648	48.336791661117765	0.07504929264057476
2.84833497428328	0.0008335478115983647	48.18409228854351	0.08081179415396993
2.8498040109349048	0.0007003988251335948	48.26001659041688	0.08081181153010537
2.8513282496498396	0.0009062867281021706	48.1448639956492	0.0808118361475337
2.8530393256861593	0.0006829834762919632	48.24044130745608	0.08457808845680795
2.854925686490505	0.0010062879467469554	48.076109500310814	0.0808118368273252
2.85639422415598	0.0006802188322615197	48.248560752321495	0.08081183463948927
2.8579485029832203	0.0008018956073122545	48.17388148410291	0.08266008713384757
2.8593032890076575	0.0006814513145121143	48.32250984279774	0.07504931231313379
3.0093173209035156	0.000747737408663801	48.08524295046612	0.08266005209829597
3.0119634017870793	0.0016813882446020019	48.01283599380926	0.08081181532941063
3.014346959825995	0.0009821174986584821	47.96083922629353	0.0826600590561247
3.0163143505465073	0.0007887617682736818	48.05867323257534	0.08266005982222564
3.018600146414905	0.0018016339216928754	47.94994013841517	0.08457813371595065
3.021253836206941	0.0006281678155740014	48.15372797412626	0.08266008589618508
3.022957190124795	0.0011301011041528334	47.8786019768673	0.08864028249006344
3.0249340390279986	0.0007391267604007045	48.08295599182629	0.08266005811393967
2.865976530563003	0.0036657342804969914	48.036072247556966	0.09982925021332997
2.872608620690314	0.0028078646752384942	48.15240702202797	0.09933363266326956
2.877076922872767	0.00198517880906445	48.31250491017431	0.09604687682241295
2.881424791299398	0.0023584216941989304	48.19488950471194	0.10083526501577221
2.887497044724326	0.0034883593804250577	48.045034880932924	0.09741352731885793
2.8934690984529476	0.002676334789117996	48.2019311121811	0.09560240245747703
2.899472947042698	0.003393480191529082	48.124329907273115	0.09474240590694727
2.9063152054167314	0.003340583302699309	48.100843453454004	0.0978776728233665
2.912740759720372	0.0029258458835686456	48.168223328089184	0.094318086544916
2.920362170749876	0.004671665536128124	47.92851811132774	0.09834619101747208
2.9291414725633094	0.004226051405650487	47.94966361981078	0.09695369175959608
2.9351519537571638	0.002431268034235428	48.13751498898326	0.10134583335073367
2.9409532852407003	0.0027416831906896997	48.187097259881305	0.08824940321600219
2.9464463263825182	0.003045728485245056	48.09734096901384	0.09228429221366602
2.9522787133977006	0.0026711104181917885	48.08851306223876	0.09933360776703067
2.959764264890528	0.003938328907316287	47.925768299373715	0.09695368411034831
2.965202218085933	0.002592795931456103	48.10518009115757	0.09604687151733036
2.9709039878383816	0.003518626762976815	48.00080738359885	0.09389756117584037
2.9785146116274217	0.003457503097560631	47.98300892410226	0.09933361962413638
2.984363089656675	0.002480889751068964	48.183821817051225	0.09431804665663103
2.988997762871581	0.0021477663360943353	48.28885870969421	0.09150499761341026
2.9950809456870897	0.0036307412749485807	48.01662730122947	0.09431809207124406
3.0043005823403415	0.014780352207689612	47.959115344672206	0.07764993000207866
3.565438918922977	0.0017900627951339904	47.18333077561661	0.09934255081307573
3.568108134938009	0.0012130161377139174	47.37238582173988	0.09884727959520916
3.5703911437798306	0.0008849154795449894	47.49296290438698	0.0993425121560328
3.572908670180425	0.0018395396248863346	47.16842236176257	0.10085814772342797
3.5765330926798784	0.0014276599996485982	47.30553835659695	0.10034786780246485
3.579612947404915	0.0019688822958022646	47.22662178602817	0.09432189066093555
3.5829658824419846	0.001172250370387741	47.38734895421775	0.09835691650281687
3.5856074116050007	0.0013981393942402828	47.29680803222859	0.09696194945139737
3.5881962029330694	0.0013126257749056555	47.317741433807484	0.09696194203777742
3.5916656441272514	0.0020681722509826796	47.16427828535288	0.0956180541802988
3.594585956150503	0.0011413012815350613	47.38655688467155	0.09984272583231434
3.5974653597708746	0.001511659104912763	47.25235772333677	0.09884492152838702
3.6008695397463746	0.0020998169234422055	47.09414336733406	0.10242030055657053
3.6053098422661596	0.002004147484562766	47.28646665751022	0.08242109226812616
3.6263212432393646	0.001343768081089288	47.109451643361695	0.08809583296156367
3.9672728293917543	0.001999904262004059	46.62174609231831	0.08475838102716395
4.016911119418316	0.0012660006675729483	46.71319268996779	0.09903544424016238
4.0212557449058215	0.003486276289773983	46.651284426650925	0.0779516641886438
4.10477424608736	0.023066440820777624	46.50906706455616	0.07333935872397936
4.194331928256827	0.001663712748671514	46.29626427712183	0.11422937618857784
4.197441670958845	0.0016708267145422544	46.40643071509468	0.09945422758067014
4.200491588347996	0.0015271586476894425	46.4385283875693	0.09923271362794321
4.20337588472117	0.0017043243993321608	46.40088303256893	0.097479239805144
4.274665933893993	0.00163705160128869	46.24140926989559	0.11588658239722388
4.27735594788265	0.001358413955212231	46.33312643931616	0.11387110302591427
4.280378008115411	0.001521537904311989	46.263035473531396	0.11520681224110557
4.282810182528408	0.0013102675380703142	46.31449909837645	0.11486995255212817
4.286336610989764	0.0017638194443977255	46.17735520701871	0.11486989953371252
4.342635198828256	0.0018755725543523974	46.235533563389815	0.11411331170750297
4.346526672551405	0.0016567966824438702	46.28460904347445	0.11357249314390253
4.35045530484449	0.0023359980023830483	46.11565529356143	0.11465934845564832
4.354848143043156	0.002101039313976326	46.381000397451324	0.08874622485633514
4.4016323980416905	0.0018508991715356206	46.22301149006347	0.11129738174198314
4.406711001147821	0.003951914706066398	46.037784473517455	0.09518833858773021
4.4686302585026905	0.02362842118113056	46.1228550644198	0.11475608203246285
4.501400818431202	0.0031965959908378887	45.839422099147036	0.10043639452168843
4.542130984082284	0.0028417548136924664	45.89448223689777	0.10221055352679137
4.579047894618767	0.0016481257878142755	45.85597404496076	0.11511124502414638
4.5841848937817025	0.006015816427032454	45.74056133846182	0.09983626556789524
4.6251464176772075	0.018167203882341273	45.69174126957035	0.0854157806261328
4.8983110027861905	0.0708671884121968	45.1409010187477	0.07792497320962512
5.170178929390275	0.08002078871618139	44.75871372500343	0.11551184240934033
5.283952988961889	0.054824398944541955	44.528119788646734	0.12592863014607528
5.421563967372204	0.06055351001271273	44.27070993953117	0.13200513822528664
5.550382568438556	0.06860201838806686	44.0730706948665	0.1558154809309971