-1.4625827797966997	0.42893275882159987	50.538248045824155	0.1492621702831194
-1.1133892553668803	0.04798833700194272	50.785902650151506	0.15428082656124817
-1.0266755787476154	0.039302667155134995	50.723152949553466	0.1603657371846567
-0.9544273108975577	0.03327926726952924	50.76171286399965	0.15479281261957117
-0.8925013405339257	0.028856774469055508	50.68734679959582	0.16550427477528942
-0.8383134708296818	0.025471816390246056	50.792609797190345	0.14950443581725384
-0.7467857530729238	0.061894698604290914	50.59691346124949	0.13745419589220512
-0.6712301310309563	0.01733710485148573	50.713609845911584	0.14809046415745433
-0.637870598887708	0.01605524893256166	50.651357880888035	0.15762380182001373
-0.592193379328837	0.02890479008073825	50.43074261595689	0.16509429670162853
-0.5508664010629758	0.013140528901062983	50.61202222041752	0.15447597254587
-0.5253498293864881	0.012390712324812057	50.70327858505916	0.14070693852464364
-0.4896831989021125	0.022827567690102548	50.4654049248073	0.1444764910296339
-0.44627186142590625	0.020656098780277483	50.415212578063425	0.14382181399648783
-0.4068082283086338	0.018861866585754533	50.309808385072984	0.14982369564129305
-0.37063377563794125	0.017354424485465557	50.13522842223763	0.17751573307848276
-0.3372421665464	0.016070101022432042	50.20294891653907	0.15515137476777605
-0.3062356359780577	0.014962772621813853	50.168444973602504	0.15211563588528315
-0.2635187274953501	0.02712221557355516	49.905667416972335	0.1573650654641528
-0.23087418324324072	0.006289565263626177	50.17559675803712	0.15759824580949108
-0.2184737773490447	0.00611251899940929	50.196739206176154	0.15755636453900668
-0.19468716823490204	0.01736020573389825	49.93740082523122	0.1564173538858204
-0.16128484448490168	0.016075057827202918	49.98979631558118	0.15392132127572314
-0.14036354251105873	0.005106343042388516	50.343363162908005	0.14394716064749494
-0.12530850345274028	0.00986472411247093	49.969296674936054	0.18924115719125278
-0.11075791670425922	0.00476984604207243	50.3042015934849	0.1480285340403403
-0.09667906295062156	0.009235395600904115	50.02936404363935	0.17368309363774748
-0.07859026538305741	0.008858632915499378	50.23906478854342	0.14644158493562087
-0.052795779584710156	0.016695607089970307	50.11609320532132	0.1447709221706008
-0.028447817907192863	0.007892675694539868	50.30675712667373	0.14204650678480388
-0.012942572750741677	0.007615861072492868	50.25170407000019	0.1541952702357301
0.002028125837605921	0.00735780569034539	50.3367877951174	0.14533822785866773
0.023558903815934007	0.014003852642895305	50.171659268405	0.1501717788188601
0.044072492452024103	0.006678884727033665	50.306504585046824	0.15438267019156693
0.0572289538739395	0.006479589403065358	50.10974960535595	0.1903933139101168
0.06684117576097515	0.003168876172273176	50.3958090791607	0.15410361145057494
0.08240337294549666	0.012229341229396822	50.18543735150444	0.14435646509516162
0.100370547250685	0.005866862273152714	50.28404351225973	0.14753424013079636
0.111948559694032	0.0057125219346480195	50.3557250927418	0.14051342868779845
0.12322590791971494	0.005566093949082129	50.178380425791936	0.16593767216073138
0.13149580865846788	0.0027305531598894118	50.45414782541443	0.14259921676110218
0.1396111708690504	0.0053600059215634065	50.19352580697057	0.15726179285676903
0.15020101515059292	0.005230888046724576	50.25067417957932	0.14938240284072887
0.1630852135578411	0.00761697422260281	50.11416662557301	0.15233189276385273
0.17312424926225933	0.002480973899653178	50.34607063252058	0.1567509841682331
0.18293645987748208	0.007276645865946992	50.22537481257559	0.1395809971249292
0.19253186692090662	0.0023725456519647086	50.31921359007218	0.15552016615674685
0.20423547248591345	0.00923785122186655	50.21492496337063	0.14416987834536862
0.21787578229583704	0.004476109044840952	50.50354243912893	0.14668597917253146
0.2267369817271475	0.004385705431039242	50.60056721586175	0.15080534816763544
0.23542098954175938	0.004298881272283139	50.643271923009365	0.16152662174622043
0.24182190704099693	0.0021179930840185476	50.94182242719574	0.1576619323743978
0.24603737050605645	0.002097534313585304	50.93351261877973	0.1594975770040844
0.2502123066655372	0.002077467019930127	51.01614575260186	0.15795321924186373
0.25434749039781546	0.002057780058697504	51.12617856346762	0.1518352087139957
0.26047736782404307	0.004057878810014312	50.74977824090877	0.2224945849181094
0.2665219245449175	0.0020008960190062096	51.18953472893226	0.15770820693777768
0.2744526539066745	0.005894066690306015	51.02018640999984	0.15918820804120695
0.2822411512648628	0.0019297688571656589	51.28941601283225	0.15241301429057713
0.2898924313351815	0.0018960684569850146	51.26337670415531	0.15009850481775278
0.3029661390770326	0.011039046328805029	50.83937796662449	0.15393949470752172
0.3245013660376149	0.01050500658649674	50.78245492417847	0.15423930674454114
0.3581779454074563	0.003240399040845856	50.880277454614664	0.15784337746854726
0.5005634429830014	0.11906474151586856	49.70886536698645	0.16717273961063933
0.6094354563115322	0.0036338833303075275	51.141403405573016	0.15497786734568028
0.6148523584507832	0.0017944199206871173	51.359841367969075	0.14758362920058626
0.6193153969626705	0.002664110918567091	51.237180831316714	0.1573325651213623
0.6254875880374142	0.0035020218222152335	51.23184920651204	0.15162494825059072
0.6460072346120351	0.0033404055871207724	51.13091189862045	0.15688654922455023
0.6575440532161914	0.008132094026431119	50.82112715063161	0.15577271824124447
0.6889118551398945	0.022696340811903987	50.39370960247342	0.14363688440616726
0.7320856407001775	0.020548591506033557	49.92798887675306	0.1540094872079943
0.7567170144177755	0.004530305299204798	50.28162857964739	0.1468366133862549
0.7625029788257265	0.0012772427951469104	50.48102759985187	0.15441092772468026
0.766317902456533	0.0025321447795872165	50.37283680244112	0.1463176910549993
0.7700996066812165	0.0012550956768919341	50.46172185413615	0.1549027387843696
0.7726025714475953	0.0012478830016639055	50.514798449442665	0.15311920019300385
0.7750911939875791	0.001240752749800028	50.42766823786867	0.16333501826137634
0.7781820506318469	0.0018479305648817126	50.447901762433816	0.14376125608635523
0.7806389951597279	0.0006125019131152442	50.59961842787774	0.15558218590104306
0.78247262464616	0.0012198426554971642	50.483227796066174	0.14930234955103722
0.7909286635084305	0.00717792683499259	50.03243498261569	0.15337857472385164
0.7998096452669932	0.001758158619418807	50.39361388991604	0.1452881601802506
0.8021475527975361	0.0005829064915762232	50.57562039309744	0.1546487302411488
0.8038927610884643	0.0011611375749778136	50.39587973702866	0.16063533086610046
0.80620884935515	0.001154961722052927	50.42042463814336	0.1527141429110856
0.8085126514386676	0.0011488512177455377	50.45665408435538	0.15995079562346567
0.8102325183770376	0.0005721553013916054	50.7003874200583	0.1568532601946575
0.8125151305496994	0.0017074679828300884	50.67468575511498	0.14215160136745733
0.8147858079391355	0.000566187969006612	50.957839444453484	0.1510607397974899
0.8159167099287166	0.0005647155345723431	51.06811105361528	0.1407231092635477
0.8170446755378777	0.000563250737641738	51.11136560037356	0.14211965219392886
0.8181697183036172	0.0005617935211108332	51.10448746161187	0.14740884382230762
0.8204110983895081	0.0016767047745406619	50.918273198920126	0.15429060737831474
0.823751627638508	0.0016638572819936497	50.9052017126929	0.14954224730077154
0.8259644570804106	0.0005518003703311178	50.97636510969424	0.14685564016290437
0.8276167108938737	0.0010994101178780711	50.578485770210456	0.16061411615858529
0.829809983923909	0.0010938718757172272	50.54104755193382	0.14172999669121866
0.8319922357199492	0.0010883891523276164	50.355700929182994	0.14227579798954001
0.8336217586074972	0.0005421565213711737	50.34986283890606	0.14758934673844665
0.8347047200587729	0.0005408062781534924	50.20193477525955	0.15566712775573183
0.8357849877413919	0.0005394627438007842	50.03347241002	0.16288150494714346
0.8368625758249963	0.0005381258674425254	50.108993676532414	0.14471514155997847
0.8379374959723676	0.0005367956016870443	49.95235895705155	0.15055594906127295
0.8390097621576007	0.0005354718966391735	49.98753989348218	0.13513800018736383
0.840079388249563	0.0005341547029044277	49.8780337729937	0.14093673166526835
0.8411463856309562	0.0005328439745052457	49.88063603091433	0.14643515685330394
0.8422107679808535	0.000531539662986912	49.92534842174523	0.14124213165220922
0.8432725480859242	0.0005302417213421967	50.024527136132875	0.1389443753569132
0.8443317394274892	0.0005289501020618915	50.082207840603196	0.13667219617364118
0.84538835302771	0.0005276647609738741	49.868460437769464	0.17809474570699876
0.8464424021854415	0.0005263856514636703	50.122048756253655	0.14175847560242663
0.8474938993185501	0.0005251127283230653	50.116133768141815	0.1497762795835664
0.8485428575355243	0.0005238459458385245	50.28103554144914	0.1351114636304914
0.8506332024401702	0.0015639918909163032	50.07600995824524	0.13837148080824077
0.8527135345362895	0.0005188393542739853	50.27254525452868	0.1536483293407145
0.8537499753145839	0.0005176026240533601	50.436811733188215	0.13954139071877802
0.8553000138368319	0.0010315170872303775	50.23893945219227	0.14680798399650197
0.8568445397924618	0.0005139275564650634	50.42925115296603	0.15274963954345305
0.8578711802825978	0.0005127141040144729	50.41262695601064	0.165432744171395
0.8588954003540425	0.0005115063674187646	50.492749319888546	0.1492050239837785
0.8614454307159018	0.0020340471007630526	50.24239269235493	0.14445186491495407
0.864485833812775	0.001009928449907554	50.363948541027355	0.14622737866490396
0.866501008486692	0.001005253125034481	50.4348025584832	0.1406010616145283
0.8685068749516298	0.0010006208899558662	50.16142853032358	0.18345089853177549
0.8710012504289337	0.0014923354270941712	50.24502044608691	0.14796785032753815
0.8729864862320826	0.0004951764231872519	50.472282012862756	0.15138488527138624
0.8744694810378184	0.0009869768343382557	50.25104097131052	0.15314445679732747
0.8759474283245865	0.0004918118813643173	50.389727125726694	0.15272982001042051
0.876929940399195	0.0004907005042793526	50.554288759837824	0.13623073303884117
0.87791023400612	0.0004895941395840696	50.45888868428054	0.1398694755766789
0.8788883198674666	0.0004884927526266568	50.40782110516244	0.1470280208053987
0.8798642079051355	0.0004873963098888876	50.53399013850244	0.13348145917487145
0.8808379086989511	0.00048630477734134945	50.34060876196499	0.1475572665923044
0.8818094305870197	0.0004852181236894655	50.3182916128345	0.14208275349939664
0.8827787840191061	0.00048413631549067506	50.339399257631655	0.13420966447570143
0.8837459793735409	0.00048305931960719464	50.20401789358157	0.1415556511961426
0.8847110248032279	0.0004819871055938129	50.04221210748128	0.14849804465044908
0.8856739305599077	0.00048091964088019793	49.88640289231948	0.16291200187129842
0.886634706110641	0.00047985689398103077	49.95458323083688	0.14376453306195647
0.8875933615732712	0.0004787988329020984	49.892376756917315	0.14257431230113207
0.8885499048615262	0.00047774542828702847	49.711105064423926	0.1545260496290986
0.8895043459710925	0.00047669664868439226	49.78832875261887	0.14062439058134546
0.8904566948303299	0.0004756524629252029	49.72804417276325	0.13700011802165876
0.8914069591791993	0.0004746128424383993	49.56375985242247	0.14678725579095017
0.8923551488271149	0.00047357775658010573	49.5818865966947	0.14026192735692072
0.8933012728136789	0.0004725471757460996	49.55228105416264	0.14325906987189221
0.8942453408221742	0.0004715210698264354	49.57028643762581	0.14564069250583764
0.89518736036805	0.0004704994112573711	49.6465200119538	0.1368965329026312
0.8961273410197443	0.00046948217043158547	49.50490887841757	0.15999974424275723
0.8970652915841044	0.00046846931875682416	49.56920359714778	0.1511609665028415
0.8980012215076183	0.00046746082713726276	49.82921981855658	0.13063121167478858
0.8989351380891115	0.00046645666897316286	49.717155084030594	0.1409683151488803
0.8998670506641571	0.0004654568156499828	49.531649776001075	0.16604469818909592
0.9007969685068773	0.00046446123880437785	49.723657424905795	0.14416769450246636
0.9017248987585968	0.00046346991253252534	49.51084879637203	0.17652101294269287
0.9026508505853699	0.0004624828089370547	49.78577629959314	0.13722516277212862
0.9035748324055823	0.0004614999010947967	49.70877939954929	0.14590278134414816
0.9044968532702398	0.00046052116158329403	49.8651318854953	0.13501623770575127
0.9054169201170355	0.00045954656539216285	49.85792243724599	0.1371535480265888
0.9063350418925571	0.000458576085545415	49.88325016152915	0.13628428133615159
0.9072512274853195	0.00045760969530057107	49.94296170371632	0.13574949891103893
0.9081654836849027	0.0004566473702925738	50.00389836905415	0.1363804961277801
0.9090778192780462	0.00045568908421141655	50.06758938443825	0.13536335216729137
0.9099882423171883	0.00045473481168298134	50.06206496616382	0.14117175574939209
0.9108967614804311	0.0004537845268387065	50.17974466684258	0.1323175033857965
0.9118033833657702	0.00045283820614248536	50.29274273902085	0.13122914223972174
0.9127081165529143	0.0004518958241403925	50.214602567130946	0.14151378030327383
0.913610969566653	0.00045095735559579845	50.365759930597996	0.1284529667897202
0.9145119488655742	0.0004500227775716654	50.25081958674302	0.13629419711760557
0.9154110628785299	0.000449092065233187	50.156664206447886	0.14062420314844598
0.9163083193129176	0.0004481651946454742	50.10460189343519	0.13779122484539186
0.9172037264949133	0.00044724214138450484	49.97621694204015	0.14839424200112475
0.9180972907027076	0.0004463228832831786	49.96877184000187	0.14484120218674423
0.9189890201696811	0.0004454073963029588	50.06157545007151	0.1333624613208381
0.9198789224148798	0.00044449565728564734	49.8550032382109	0.1485497608290213
0.9207670055722288	0.00044358764258712604	50.04800491946258	0.12858783381479913
0.9216532757455587	0.0004426833307787572	50.06857932342152	0.13386918525961014
0.9225377409790128	0.0004417826985863597	50.06503635596416	0.14070803736768475
0.9234204092663534	0.0004408857229302256	50.06978668385071	0.14599886786532765
0.9243012865844471	0.0004399923829158346	50.26387713019238	0.13440789430846894
0.9251803808394676	0.0004391026558222348	50.23317254017408	0.14739453880115536
0.9260576992353475	0.0004382165197761446	50.337626044153694	0.1413197686172906
0.9269332495841365	0.00043733395242424557	50.56053704834677	0.13134173388446102
0.9278070376983119	0.0004364549335590196	50.604830988277435	0.13437687130428505
0.9286790713051469	0.00043557944117162783	50.767398750783414	0.13333872062695107
0.9295493580841505	0.00043470745343470975	50.86946993687478	0.13982395058450503
0.9304179037280564	0.00043383895063788723	50.95522370707246	0.14587648686841717
0.931284715833639	0.00043297391128801046	51.104552081596324	0.1448963871291093
0.932149801307083	0.0004321123147088215	51.06147725022718	0.16351743341755545
0.9330131676560118	0.00043125413975018636	51.25597524685771	0.14538182554215512
0.93387482041805	0.00043039936734148957	51.13316032669511	0.15893751478073628
0.9347347670207011	0.00042954797665369543	51.242762460291964	0.14843459412799712
0.9355930148461604	0.0004286999470272793	50.99705634450736	0.20314647169970443
0.9364495693190278	0.0004278552598548044	51.28800619013635	0.1499145192738027
0.9373044377432829	0.00042701389478840224	51.15598146603746	0.14589851787150213
0.9385835938364289	0.0008515160661622583	50.744864065431486	0.1468975886946711
0.9407071834953211	0.001271043798171603	50.193382354009586	0.1542544854281855
0.942398610794013	0.00042203438267891504	50.09268057979013	0.15491231730765997
0.9436628717160143	0.0008416151964735903	49.76590709537247	0.16886691443229693
0.9449234635933685	0.0004195879246394489	50.177815077942974	0.13561773991311565
0.9457618295520582	0.0004187787296405815	50.049467334736576	0.1557179241708019
0.9465985802392267	0.0004179726497750734	50.323944633594216	0.12794964093361302
0.947433721867158	0.00041716966708913556	50.29240658146719	0.13222483706052057
0.948267261232814	0.0004163697631718417	50.2683609538393	0.1332032888703663
0.9490992032351491	0.00041557292153542697	50.28921366357426	0.13278707576879512
0.9499295546015973	0.00041477912403814417	50.270836772641736	0.13709972091964906
0.950758322019891	0.0004139883526811189	50.30604999463007	0.1381014870613324
0.9515855102912285	0.00041320059136437366	50.25271149487738	0.148121590256066
0.9524111260354122	0.00041241582235056407	50.37298464739331	0.13964428443615975
0.9532351752200046	0.0004116340286226673	50.231500255101494	0.15776592238539308
0.954057664390892	0.0004108551927132624	50.4338753307459	0.14311379820894285
0.9548785982224837	0.0004100792990222323	50.68755355831954	0.13999435899190774
0.9556979831947827	0.0004093063303339013	50.87634593309715	0.14640657386668646
0.9565158257500281	0.0004085362695664986	50.98520528140356	0.15547816318074248
0.9573321304701223	0.00040776910148238775	51.27436220191082	0.14408239930765251
0.9581469037329162	0.00040700480924448163	51.437072884811485	0.1531040009752577
0.9589601512739363	0.0004062433767122167	51.402946086841574	0.1794845558383074
0.9597718794007755	0.0004054847873014434	51.493374476108265	0.13389897611691715
0.9609866330461394	0.0008087044023901511	50.80194038159679	0.15603113409204963
0.962197998411175	0.00040322592446637943	50.72942512376451	0.14153821972220004
0.9630037028576599	0.0004024785519805574	50.50954008385523	0.14291310267210888
0.9638079147276652	0.00040173394540766376	50.29351952591586	0.1454139401083949
0.9646106401374115	0.000400992088870015	50.017559605808344	0.15313055377546542
0.9654118851681701	0.0004002529666110697	49.92930049284042	0.14577597757498464
0.9662116540805361	0.0003995165646372477	50.072886398944554	0.1341493991300777
0.9670099528965002	0.00039878286741277407	49.84781012938937	0.16809740248800478
0.9678067870106641	0.0003980518600634553	50.087486035210624	0.13515673325343883
0.9686021623800551	0.0003973235272822979	50.07646836085584	0.13977475173441778
0.9693960831550159	0.0003965978554971318	50.010428182092795	0.15439003222929298
0.9701885552350284	0.00039587482961373193	50.13263321457927	0.13979065524934528
0.9709795844862565	0.00039515443465167803	50.15794575368739	0.142410291705959
0.971769174978534	0.0003944366573447223	50.1174547221066	0.1438713270253789
0.9725573325217438	0.0003937214829194363	50.21860407277981	0.13425639592181732
0.9733440623074949	0.0003930088972431719	50.17492257073698	0.13340026294402407
0.9741293700838112	0.00039229888575735875	50.11736584964815	0.12975704706858723
0.9749132598159833	0.0003915914355906741	49.98415278933063	0.1341831968179155
0.9756957371973751	0.0003908865323841387	49.84730269267567	0.13958151238854577
0.9764768078895778	0.0003901841618857647	49.92008618368229	0.12737208419917956
0.9772564757815196	0.00038948431151103794	49.602963926411654	0.16461321762850328
0.9780347464813188	0.00038878696720220967	49.93836792288623	0.14352931367488786
0.9788116249876497	0.00038809211552253564	50.063579133652944	0.15628044298802862
0.9795871168496864	0.0003873997426162148	50.42248051118227	0.13708136018446584
0.9803612258571708	0.0003867098362691297	50.54289377305984	0.14782117439523393
0.981133957507325	0.0003860223828128582	50.746674418806	0.13759446080136523
0.9819053166928526	0.0003853373691891173	50.61734952585763	0.14101781048737352
0.9826753088536198	0.0003846547819244772	50.436242251765336	0.14678999094998213
0.9834439376830948	0.00038397460916201194	50.44412521989527	0.137018325191223
0.9842112085706585	0.00038329683760909936	50.3285558633144	0.13552469052313373
0.9849771268761753	0.0003826214540703668	50.075794822966	0.14980313763945874
0.9865049219208424	0.0011438334096721405	50.04310447272517	0.13770472488805055
0.9880273617703594	0.00037994355584946736	50.244694697043066	0.15543715328957414
0.9887865847092108	0.00037927992810153524	50.05842588955004	0.22179743146464279
0.9895444827090718	0.00037861861455998954	50.4855872265197	0.13999003677803715
0.990301060949458	0.0003779596026505848	50.30612526217567	0.19111153238551234
0.9910563228952112	0.00037730288135520457	50.51477015613351	0.15777653166662697
0.9918102736788339	0.00037664843826513267	50.495528070980484	0.15004399521298717
0.9925629178448838	0.00037599626154605426	50.46530237691066	0.1529103633166988
0.9933142604736485	0.00037534633896207963	50.562261805200066	0.1382016558079678
0.9940643049430924	0.0003746986598102879	50.64154902111692	0.12938440465447748
0.9948130562877855	0.0003740532120146517	50.60604875950763	0.13202607875887934
0.995560519515337	0.0003734099835855263	50.712084063983745	0.12390742191075577
0.9963066979401856	0.0003727689640492055	50.5750017872938	0.12879146906632694
0.9970515965251749	0.0003721301415718002	50.58764735322353	0.1272405066327565
0.9977952196531297	0.00037149350487719146	50.51674207909474	0.1303839431984303
0.9985375722370287	0.00037085904229438275	50.497618321585236	0.12925278622593037
0.9992786575087116	0.0003702267436460783	50.48141478235865	0.1276842471923039
1.0000184803376122	0.00036959659741176733	50.39373998267423	0.13000505392256256
1.0007570450175693	0.0003689685926195475	50.3908930978226	0.13444466249713571
1.0014943563694334	0.0003683427179064348	50.58391667806226	0.1427426191539666
1.002230417544779	0.00036771896338140433	50.75447162615837	0.15506036348643593
1.0029652333220886	0.0003670973178269002	51.11668532149487	0.14744828202531618
1.0036988084547105	0.00036647777010422093	51.51855817232912	0.1349647063864901
1.004431146035499	0.0003658603105306434	51.624229102434875	0.13824775658409083
1.0051622507763018	0.0003652449281092263	51.305705160392165	0.13991337107873544
1.0058921268209424	0.00036463161237617166	51.122209761937945	0.13665953129904454
1.0066207788348276	0.0003640203524831802	50.933569355404316	0.13092909518713078
1.0073482098344346	0.00036341113901703736	50.55507286668097	0.14236327476066662
1.0080744244447837	0.0003628039612664905	50.342171355617374	0.13395410774448047
1.008799427266824	0.0003621988085947793	50.07813691765185	0.13789634369957635
1.0095232212611454	0.0003615956717848571	49.904354733978764	0.13139730497324417
1.0102458109891284	0.00036099454033359314	49.892771585606646	0.13170016256154243
1.01096720045149	0.0003603954042562183	49.95984565146745	0.13047529185004175
1.0116873941651918	0.0003597982531899597	49.999116060367605	0.12965519590661578
1.0124063950181077	0.00035920307817167085	50.05983121679956	0.12748893158637378
1.0131242074886773	0.00035860986896781916	49.97850956074525	0.1355525677440281
1.0138408360322815	0.0003580186154152859	50.09501178422052	0.12920326139159377
1.014556283483574	0.0003574293087357923	49.995596789931454	0.13828155710310291
1.0152705542601848	0.0003568419388922737	50.21795521044614	0.12855305243402454
1.015983652226238	0.00035625649635188917	50.382660232295706	0.13192987606584772
1.0166955817568557	0.00035567297121020115	50.67010651860376	0.13131629576374024
1.0174063456174265	0.00035509135492828433	50.91629946153399	0.1309848169143218
1.0181159481463076	0.0003545116377236624	51.14814798701454	0.13008423293795188
1.0188243931323528	0.00035393381031027695	51.42066324217177	0.13018093081755064
1.019531684872456	0.0003533578630340923	51.26902625230745	0.13489427115560876
1.0202378260646265	0.000352783787587667	51.120270045786434	0.13235032313932438
1.0209428209699485	0.0003522115744349915	50.920385626191816	0.13315871684020572
1.0216466738279404	0.0003516412141045872	50.89902716647623	0.12764171562517934
1.022349387287274	0.00035107269845764905	50.746071565036374	0.1292856881823837
1.023050965552363	0.00035050601813786555	50.543638650434794	0.1329120165107209
1.023751412284975	0.0003499411642721395	50.41588167000435	0.1330180567220988
1.0244507316498088	0.00034937812762565415	50.206751905738585	0.13730162859942427
1.0251489262313038	0.00034881690027804775	50.01544297112453	0.14685272288194628
1.025846000159961	0.00034825747310599165	49.965543682030955	0.13533522264064068
1.0265419575455843	0.000347699837047269	49.83030609574949	0.14227006315060606
1.0272368009255728	0.0003471439843407013	50.05331187706409	0.1308783009238876
1.0279305343761986	0.0003465899060328885	50.12941570555921	0.1317771354166674
1.0286231614377632	0.000346037593640992	49.99873550267571	0.14922007562973874
1.0293146861484783	0.0003454870383266105	50.19328264224668	0.1359238314485956
1.0300051109844814	0.0003449382325348329	50.33348411215863	0.13216106891081206
1.0306944399513038	0.00034439116753264096	50.45315615448537	0.12761706309591841
1.0313826770346133	0.0003438458346449202	50.36216928724738	0.1371578277305412
1.0320698246656725	0.0003433022264671146	50.51314840946026	0.13334232415166034
1.0327558867980986	0.0003427603344269952	50.60510313709309	0.1299121438458429
1.0334408668560402	0.00034222015041075965	50.50511937529806	0.1392129553965848
1.034124768756622	0.00034168166595509845	50.61616882766751	0.13900752448443982
1.0348075948726514	0.0003411448738503434	50.34577787108108	0.18520770936369751
1.0354893490900066	0.0003406097657328587	50.62617950381599	0.13879163187557256
1.0361700347687381	0.0003400763336907236	50.42969399227667	0.14983378789836574
1.0371890675938085	0.0006785586213763901	50.171615504283345	0.15535969853201587
1.0382057144420984	0.0003384860152440405	50.31835933196199	0.14458080536502252
1.0388821597556808	0.0003379592089773502	50.263341912083376	0.1441328802400129
1.0395575525918748	0.0003374340403541164	50.302327113868465	0.13988620537307356
1.0402318967219386	0.0003369105013604953	50.38666653129506	0.1325465693926287
1.0409051953975461	0.0003363885844229832	50.44603913070062	0.1323751689705716
1.0415774523557602	0.0003358682816278718	50.32183684546031	0.14015849445323417
1.04224866981641	0.0003353495862703146	50.48159049871134	0.13038345281976915
1.0429188514874128	0.00033483249052803477	50.530743683028	0.12961733685095708
1.0435880010587721	0.0003343169866293077	50.45259547208075	0.1309305662180401
1.0442561207104815	0.00033380306799948183	50.326517864093844	0.13253262915108097
1.044923214103946	0.00033329072695615546	50.228907928195945	0.13102631898398967
1.0455892843870744	0.0003327799562463393	50.069964643782654	0.13416506617926832
1.046254335188442	0.00033227074828262327	50.06186622338849	0.1268287138062372
1.0469183686361228	0.0003317630966592389	50.10390741089287	0.12508521834979328
1.0475813883307927	0.00033125699387538606	50.37898199182292	0.12313920177850003
1.048243397855903	0.0003307524324782696	50.545270866883484	0.12372813761805182
1.048904399301466	0.0003302494061853535	50.7062257697722	0.12593912478232916
1.0495643962235524	0.00032974790762847593	50.84080478669576	0.12924645987872768
1.0502233916706736	0.0003292479298583847	50.809295278975725	0.1270663779216372
1.0508813891673665	0.00032874946559708387	50.66708877778329	0.12787665493843653
1.0515383907540243	0.000328252508721934	50.48435939720807	0.13009250488636717
1.0521943999284646	0.0003277570520370289	50.39467825824196	0.1323029896952297
1.0528494196842744	0.0003272630887595523	50.307732082156555	0.15142004445239532
1.0535034534884484	0.0003267706117811397	50.39605923372219	0.15306142723007532
1.0541565033330231	0.00032627961513416584	50.6375553263506	0.13897640887708895
1.0548085726589167	0.0003257900917899036	50.67299704006384	0.1431966986985081
1.0554596648908463	0.0003253020347639289	50.763907407663325	0.13110140289106723
1.0561097819853826	0.0003248154382017826	50.68850640716034	0.13452861074419623
1.0567589273416433	0.00032433029519688994	50.83743058122696	0.12474916112436149
1.0574071038602295	0.00032384659924588526	50.78193790930892	0.13256986143645416
1.0580543149106303	0.0003233643435253629	51.09947596832521	0.1324306557139371
1.0587005624031711	0.0003228835223277572	51.3751080117478	0.1365158992648491
1.0593458496823553	0.00032240412890520626	51.50089431595449	0.13869312549220333
1.059990180077081	0.000321926156551988	51.23808941315877	0.14084481112805813
1.0606335554637536	0.0003214495996678003	51.00791178201434	0.144043249380231
1.0612759791467377	0.0003209744516207856	50.64905041238823	0.16533116624392127
1.0619174539374598	0.0003205007061727843	50.666666182886765	0.14676522029930336
1.062877893546492	0.0006395854079349841	50.726674701564036	0.1460913789459348
1.0641551841901602	0.0006377071056897826	50.92650139001746	0.1558863877959169
1.0660641040297867	0.0012698204939762682	51.27895583675921	0.1465843682851031
1.0679646700125769	0.0006321378141106235	51.52140070912756	0.14710506101457457
1.0714275851807324	0.002822028327930732	51.11234765124187	0.15467505200201523
1.0886411833358707	0.014164561008082714	50.696338180334635	0.13394097571393884
1.102871414435224	0.0002916587635038913	50.76614940408027	0.14929684434580884
1.1043272653787077	0.0011627307835057	50.434929653371	0.14364501626129825
1.1057782525051771	0.00028971313934636234	50.58227021744161	0.1548153150431679
1.1066465232106233	0.0005782690079808934	50.11667219495277	0.22153084650473465
1.1078015239832062	0.0005767331519473081	50.363317800202914	0.1501079792414135
1.1086657632634358	0.00028779330155470634	50.46567773112871	0.14830186923657254
1.109240968660154	0.00028741238333033386	50.52174572113829	0.1405834534158513
1.1098154136559806	0.00028703247184392005	50.53303296477192	0.1353060028354658
1.1103890994049763	0.0002866535636735068	50.494120442685166	0.13721537098586595
1.1109620283375155	0.00028627565456862446	50.35752825006521	0.14299384532975196
1.1115342024477761	0.0002858987405831295	50.22491176566321	0.14866819720758406
1.1121056241475327	0.00028552281751191387	50.35753179762424	0.12990275583138708
1.1126762945637791	0.0002851478820103735	50.207745072794545	0.1337094775238032
1.1132462160932308	0.0002847739299137652	50.16743443609073	0.13090823976646818
1.1138153906988273	0.0002844009573581515	50.11373423625904	0.12830131606884743
1.114383820759041	0.00028402896022301094	50.330923600024825	0.1292933677671639
1.1149515073744136	0.0002836579352390214	50.73739822171645	0.12371695020781548
1.115518452908674	0.00028328787832497586	50.87344923726882	0.13019003372868254
1.116084659715758	0.00028291878542237276	50.970127221153746	0.12436375818103049
1.1166501288767563	0.0002825506533170337	50.272027128154484	0.12516416610354744
1.1172148627310987	0.0002821834779890003	49.969995691584856	0.1265505564998391
1.1177788631886076	0.0002818172557131114	50.52435192342644	0.12720366234258637
1.1183421325710772	0.0002814519825117185	50.789108443058254	0.1250374771600837
1.118904671934172	0.0002810876552424584	50.345119106394726	0.1289768593415501
1.1194664835854833	0.00028072426996522925	50.0328381926754	0.1243323255097097
1.1200275698231128	0.00028036182276168037	49.91643127302447	0.12431068175941055
1.1205879316840313	0.00028000031054206106	50.424705187647234	0.1237398629194896
1.121147571452365	0.000279639729424837	50.93720941993762	0.12190853443960149
1.1217064909867205	0.00027928007581744815	51.2705640482458	0.1227353922362742
1.1222646925541668	0.00027892134587885844	51.403536743700954	0.1215117901828473
1.1228221771672313	0.00027856353658785234	50.81124174177718	0.12177268982479668
1.1233789470792945	0.0002782066441392688	50.12706826964011	0.12073878540004883
1.1239350045345469	0.00027785066474878787	50.43402672916729	0.12230157097094625
1.12449035052754	0.00027749559544541297	51.05760397230392	0.1216451837423984
1.125044987288993	0.00027714143248000776	50.63149082152924	0.12436636843488968
1.1255989166281097	0.00027678817238676554	50.039634621935974	0.12494124439605063
1.1261521407591066	0.0002764358114553298	50.190905503005524	0.12945366654477464
1.1267046606530295	0.00027608434678013424	50.6093143390198	0.12945012306875683
1.1272564785108974	0.0002757337746851144	50.94554857528572	0.13492728693067252
1.127807596114469	0.00027538409177438745	51.31791110936473	0.13001651631150293
1.1283580156485673	0.00027503529440972677	51.54895796885372	0.13254932456433685
1.128907738061251	0.00027468737974929497	51.65300879171399	0.13435580699858468
1.1294567655244134	0.0002743403441882932	51.41447118303254	0.13592761907352965
1.1300051002012073	0.00027399418414142054	51.074927623761305	0.1453874380111714
1.130552743022779	0.00027364889681355363	50.900518350216245	0.15749963891185684
1.1310996961395547	0.00027330447865218347	51.29874467245445	0.12902365200634278
1.1316459612865837	0.00027296092637960333	51.13557916140566	0.16240052289964
1.132191540598614	0.0002726182364795603	51.323016392434816	0.1545750405929292
1.1327364349846758	0.0002722764062178096	51.46628819750116	0.14485894170807945
1.133280646567049	0.00027193543211006805	51.46766115530523	0.14627126645513944
1.1338241774595323	0.0002715953106907592	51.54441298764536	0.13823564224556517
1.134638199860941	0.0005421734424398251	51.30138557034487	0.14054057484768026
1.135450699348739	0.0002705800329584913	51.2305338049416	0.1439118883486243
1.1359915228235404	0.00027024329150312094	50.86827033947929	0.19251538229135345
1.1365316732505164	0.00026990738741684205	51.08736734121222	0.13596673911517318
1.1370711527039794	0.0002695723173307887	50.7741884545992	0.15913438933698656
1.1376099632500194	0.000269238077894045	50.76047255193222	0.15369396223293755
1.138416927139615	0.0005374765405969376	50.72083331089485	0.14312223202613664
1.1394905520416831	0.0005361494790164136	50.71372480600439	0.1524371355849936
1.140294032581025	0.000267579237675164	51.00593389288106	0.1425082668508507
1.1408288614915272	0.0002672499195842706	50.957537340226665	0.15546434495140013
1.1413630325760893	0.00026692141110100473	51.110236752428776	0.1374873672913895
1.1424294081231416	0.0007988004324034953	50.79591807514434	0.14449768040750405
1.1434931716820993	0.00026561541334114974	50.970239221494985	0.1500907425723754
1.1448192220647941	0.001059222540195698	50.61762642366005	0.15305706959506502
1.1464051565939646	0.000527680789523875	50.77066489063258	0.15055567818273244
1.148248123510266	0.0013136156852854	50.56249968723158	0.1484650903637369
1.152171198069101	0.002603605897621297	50.64806495051809	0.15334161134897648
1.155542764523151	0.0007750414593764312	51.272589511871054	0.1503727176539581
1.156574925795333	0.0002577338842128936	51.78119582749537	0.13931689868842353
1.1570900877916785	0.00025742834041712594	51.59674784803724	0.1562929095540464
1.1576046394245776	0.0002571235202085384	51.378648845351535	0.15793876170589216
1.1581185821386317	0.00025681942101977957	51.03866125497991	0.19775445396955427
1.1586319177555642	0.0002565160400698571	51.04675990903456	0.14830223365129214
1.1591446469448299	0.00025621337526768046	50.7305304032261	0.16580326828441763
1.159656771518427	0.0002559114238557735	50.62272676487999	0.15473104196711157
1.160168293281506	0.00025561018309070224	50.57527947104829	0.1466361969907509
1.1606792128910715	0.00025530965091394227	50.66936245195722	0.1437688786340735
1.161189532142693	0.0002550098246051572	50.81697940040291	0.13556135528092159
1.1616992524456178	0.0002547107016804291	50.86406425134021	0.13835644150861312
1.1622083755832453	0.0002544122794453965	50.98649701809023	0.13311497051818144
1.162716902196283	0.0002541145558840365	51.01027906128814	0.13148216947073194
1.1632248340587328	0.00025381752832454404	50.791898452512406	0.13372286812307732
1.1637321729379322	0.0002535211941086286	50.685500748114144	0.12797237574952391
1.164238919462588	0.000253225551251469	50.50518201694265	0.13298364624470801
1.1647450753907784	0.0002529305971169328	50.5186572234158	0.12593365096523096
1.1652506420975395	0.0002526363293011733	50.341265449045714	0.12876237940154425
1.165755621329137	0.00025234274519303224	50.64726326508959	0.12870905125393323
1.1662600136985604	0.00025204984284841846	51.06856870689188	0.13036896236575776
1.1667638209429863	0.00025175761967781847	51.137084245678984	0.13335711749634072
1.1672670444183981	0.000251466073321694	50.81689279518642	0.12981535997982238
1.1677696858503568	0.00025117520121495515	50.37404222411279	0.13301013951747453
1.1682717458364607	0.0002508850014532655	50.38350447184853	0.1334084695416334
1.168773226093349	0.00025059547149268126	50.50653155931437	0.13233857605500202
1.1692741283312935	0.00025030660880198197	50.61645725336113	0.13299447419635121
1.1697744531365533	0.0002500184115060259	50.63482416267591	0.13840925644402036
1.1702742022106085	0.00024973087709436977	50.89037894621675	0.1258407311764949
1.1707733768769386	0.0002494440032825861	50.81108488820052	0.13053535272196723
1.1712719788257437	0.00024915778758372693	50.55241465079953	0.1415951147373908
1.1717700086284362	0.00024887222816076613	50.59432916682999	0.1353948833063941
1.1722674679665843	0.0002485873225470579	50.9211226087996	0.13498500746656855
1.1727643585155645	0.0002483030682882085	51.08581290249444	0.1346418732863364
1.1732606808358494	0.00024801946357518734	50.95975031305085	0.13348021899049423
1.173756436594309	0.0002477365059735515	50.77600838792628	0.13858003269701377
1.1742516270829486	0.0002474541932710192	50.42104205968477	0.16721087192967168
1.174746253957681	0.000247172523055757	50.70192265549943	0.12931777226891739
1.1754871390558088	0.0004935024366239641	50.48973984177509	0.14698454796407423
1.1762267627595369	0.00024633134714120415	50.87386019873579	0.14019704040900455
1.1767191461245747	0.0002460522261014311	51.025859136544696	0.13807720589992548
1.1772109718798436	0.0002457737368965946	50.897931294709636	0.13428626004365057
1.1777022412868658	0.00024549587738373287	50.61361020829692	0.13972059094684472
1.1781929559682969	0.0002452186452232411	50.52532197649883	0.1280045002829934
1.1786831164459057	0.000244942038704569	50.47388304940865	0.13242781975766948
1.1791727243342665	0.00024466605550684136	50.593867607881954	0.1276268162559557
1.179661780877912	0.0002443906935254903	50.64767155242529	0.12716524080602465
1.180150287680941	0.00024411595046093962	50.71927853757548	0.12957091449492802
1.1806382452515776	0.0002438418246368925	50.96222010453717	0.12928228053683094
1.181125655185984	0.00024356831377208302	51.26628368153462	0.1252673776291752
1.1816125190745494	0.00024329541559638132	51.292228995655755	0.12762335309835782
1.1820988374155152	0.0002430231284586587	51.20869739751424	0.12394092709900491
1.182584611791447	0.0002427514501067846	51.05625771679097	0.12522118660582274
1.1830698434178721	0.0002424803785013341	51.014740729850175	0.12877518723690107
1.1835545338671751	0.00024220991141069026	50.97800133863415	0.1309819637123569
1.1840386836245202	0.0002419400472166009	51.120033815526725	0.12617726341684696
1.1845222942546059	0.0002416707837050481	51.23291679143771	0.12447772595228164
1.1850053673165108	0.0002414021186727502	51.28816733337602	0.13501274982493888
1.185487903285762	0.00024113405052561532	51.436585824204926	0.12750473873424947
1.1859699037138614	0.00024086657707766433	51.146855421045466	0.1260441603527575
1.186451369788226	0.00024059969635211427	50.712566174747664	0.13016230606552123
1.186932303050458	0.00024033340618274918	50.76538166877724	0.12441174646869937
1.187412703963458	0.00024006770500704225	50.8826892154361	0.1214037288962928
1.1878925740613875	0.0002398025906756962	50.377069387023404	0.12338099486052771
1.188371914872929	0.00023953806104977195	51.123210361584384	0.12425841881521198
1.1888507268516793	0.00023927411458994069	51.20148798124323	0.12183306633671982
1.1893290115189852	0.00023901074917389884	50.895641601751194	0.12260420319380477
1.1898067700350135	0.00023874796288511882	50.3748386948252	0.12837725444014478
1.1902840039114826	0.00023848575362034338	50.427651813589556	0.12646210093102617
1.1907607135897946	0.0002382241198705582	51.170777654949184	0.12491071855835105
1.19123690057446	0.00023796305954877747	50.887966096577856	0.13082243602070406
1.1917125660104477	0.00023770257077187538	50.82997066389809	0.12809897511414356
1.1921877113927897	0.0002374426514715171	51.20605855479313	0.1333292695223607
1.1926623371509366	0.00023718330016831262	51.411276501284036	0.13573624220125044
1.193136444772838	0.00023692451480984364	51.00892149045125	0.15593841529701713
1.1936100357411936	0.00023666629335347922	51.08401035960275	0.12809895723477607
1.1940831104766414	0.00023640863434160758	50.81128482892933	0.1355664035652141
1.1945556704548965	0.00023615153574725104	50.622617007939745	0.1372481861807983
1.1950277167949641	0.000235894995744005	50.35577425696134	0.15914485357261485
1.1954992509633373	0.00023563901232287498	50.474834501919965	0.13918222696635452
1.1962055931392632	0.0004705121549354593	50.481631632016416	0.17211849658951506
1.1969107887262518	0.0002348743850120115	51.12382587035283	0.15179215864272536
1.1973802835327163	0.00023462061084501902	51.31256169130825	0.1484315309261045
1.1980835754591188	0.0004684819523223144	51.27360888013176	0.1434652686255371
1.1987857306715386	0.0002338625678627697	51.40403279991663	0.15249824153543348
1.1994867521432535	0.0004669707607817989	51.38813382640028	0.13934147645844164
1.200419691043746	0.0004659687043196977	51.054176318323286	0.16220445333819655
1.2015830531126572	0.0006970832483420196	50.913732677820235	0.1395480408380687
1.2025115043339856	0.00023186486304938226	50.91238344699815	0.14936165635705212
1.203206542317343	0.00046298817396102934	50.60295079638543	0.158176120908243
1.2043624731604012	0.0006926362644958603	50.47936202147754	0.18534722221274877
1.2052850078061996	0.0002303888393548501	50.999993493006315	0.14809069627850255
1.205975624777839	0.0004600455303305111	50.90388441251752	0.15159009081174174
1.2068947425454566	0.00045907294394023786	50.820975132516764	0.17915691255242616
1.207811919248305	0.00045810446118169855	51.04406572051461	0.15571264247138297
1.2146296906965235	0.006313566880034965	51.0265466337515	0.14638536000833782
1.2270767395017974	0.006135186039491492	49.787153586591664	0.15427365406241614
1.2346787974749456	0.0015071819599242846	50.21064047253688	0.15740787844655021
1.2378965233650407	0.0017097787231252445	50.239584198515594	0.20607965046860965
1.2398157772251255	0.00021277993283525548	51.09849438197554	0.15120965528529182
1.2421500720622949	0.0021163932738884265	50.63608552464136	0.17632823958563876
1.2463623645518644	0.0020959652603439946	50.82919333773356	0.14994069356657497
1.2611970425527095	0.012558596054412445	50.45360677345819	0.15215845917033935
1.298815927961006	0.0014860057972955487	51.05087601926151	0.15262857195167973
1.7408429199063575	0.08415665988114646	48.51506930572593	0.1511748206531281
1.8860536907844967	0.04819047544508086	48.60226976477471	0.15079285257794847
1.9620689469865695	0.04045255479672887	48.63236945756978	0.14830771847106033
2.0426626290008434	0.04410084849329413	48.4624380995267	0.1514327406798971
2.1131351399689726	0.023211451467272194	48.6634374869556	0.15156271490387171
2.154080644498625	0.01787375567830606	48.73789231848838	0.1511748127148988
2.192210267629637	0.023812480326208082	48.5732817088772	0.15117482415052352
2.247880331286322	0.02880303504808731	48.43944403036026	0.1509195424491942
2.2953714888887173	0.019951674754832886	48.59240408370925	0.14819959061261875
2.339289018337255	0.022275568887079662	48.47503310163146	0.15082591331013007
2.3954297532298687	0.03728292704471663	48.33844113416494	0.14242498433121023
3.302466702216239	0.0030019311832740815	47.766256480875064	0.15084187910099897
3.3101557315321357	0.003856736918246711	47.65369362365402	0.15104421927580214
3.3168422546744925	0.003239293422053782	47.72592627712705	0.15074132121114456
3.325422114819697	0.004161567763838652	47.62768696728529	0.1509428530955597
3.3307919431373225	0.0024878798348860064	47.84008451309607	0.15094286581455094
3.3357080211964925	0.002139062080692384	47.866150187541955	0.15074134093161726
3.340793249674057	0.002748363579283365	47.55420208918226	0.14941806329557983
3.345479511903001	0.0023005891765154056	47.769047648812844	0.14922950180557376
3.350520274560001	0.0031009838747360933	47.707290230278474	0.15114603378588395
3.358467216229118	0.003755186190123515	47.63472583934352	0.15124825091228322
3.3658734373372052	0.0035918879457943905	47.65053499248504	0.14950290343555
3.370994248131862	0.002070730471487229	47.864666655428145	0.15104422166487128
3.375472540722333	0.002342271471080231	47.67300969816017	0.14931959818298854
3.379538102883109	0.0019336801846050987	47.629881299301005	0.15084843056221245
3.3834394817427706	0.0020122333414993995	47.8180063816106	0.1491338273834498
3.38784947768836	0.0026558590294701694	47.54529174596208	0.15084405932468897
3.393504411139739	0.002715114397167099	47.534923609231726	0.14913579159166496
3.4005678218869715	0.003776693546338535	47.56321566134315	0.1511460361090532
3.4060446898439936	0.002546887765558775	47.72762771111856	0.15104424817717538
3.4134066388184556	0.0033983839717734816	47.6234458499312	0.14904243250432342
3.418622114790449	0.0027392436075672636	47.70555747501269	0.14931760068844213
3.4241692014903387	0.0032279700001511496	47.62016723722989	0.15084189640913398
3.4291657256523784	0.0018111403107170685	47.717892325822234	0.14932160459058288
3.4328095507874576	0.001881520841633625	47.59228350038118	0.1509515768180817
3.4366563335749905	0.001864928777623306	47.87465149939446	0.14766650811978785
3.4415453265830203	0.0027660618842308554	47.67411590881843	0.1507413208357457
3.448806997997862	0.003956663881784828	47.39167323706877	0.15104641641261984
3.4544695089193853	0.002196778997234822	47.49588500914175	0.15189983280484276
3.4592714485248677	0.0029772676599657327	47.594926306660966	0.13775901189149165
3.6509315705553944	0.0018114723202012702	47.4525850486123	0.1505414338947156
3.654329031409048	0.0016946428648238526	47.46419838910295	0.15095063148951268
3.6587572914213546	0.0024399384173633843	47.30633671895886	0.15115778409293737
3.66331562810467	0.00221326263260966	47.3795472754401	0.1493229424139131
3.6682494321546906	0.0025861358155287346	47.29231785511415	0.15115780602199705
3.67369623871537	0.002504777012076996	47.309114201809926	0.1494171816904316
3.6785191539080278	0.0030114052336669235	47.1889840669012	0.15074519176982024
3.684074486758431	0.002733353852262837	47.23157542083092	0.15115780640064022
3.6895982545437147	0.0023673799659402537	47.30152058682312	0.15064309827607295
3.6931934144019096	0.0015026467483726645	47.49757624065308	0.1509506200334443
3.697494521714131	0.0030221284644815108	47.19409880510392	0.15105396819104944
3.7022084556033286	0.0017017283565959535	47.42470985117497	0.1509506210932291
3.7067044208998268	0.002731130613851737	47.208489162308645	0.15095063122228106
3.712645045633043	0.0028287106971061726	47.18095425593048	0.1507451647922014
3.717587757188635	0.0021752324443057103	47.28291218978929	0.15084769080503374
3.7223158905143223	0.0025468692441565056	47.20665920714164	0.15115779289432987
3.726915476331533	0.002085550355019042	47.288293776685194	0.15095063882136595
3.7315843421595836	0.002407133353508893	47.23630248042776	0.1492290788030219
3.7381457172082846	0.005122870383777293	47.11323625699856	0.13791590051592775
3.8431779691392287	0.0030917173433162646	47.00075854024715	0.15661724206401667
3.8502646996612637	0.0032379155946969	47.06450771073319	0.14954862625440832
3.8558993239162844	0.0027119043381330153	47.12230522626115	0.15088546053665874
3.860636143125005	0.002427017669261785	47.16287355643645	0.15102445393780875
3.8663794306764605	0.0028678600322866064	46.99475194874406	0.15889813583937196
3.8716123044291115	0.0025532730383143764	46.99891685610681	0.16192079399643003
3.877221072954422	0.00264345881944361	47.09545987037911	0.15095485638911352
3.8824207870579515	0.0027334831492144716	46.976249751376606	0.1588981474276034
3.888682363148152	0.002993726509203128	47.11238807626246	0.14948472946204752
3.893716820916221	0.0023673806048179914	47.29279901305583	0.14974126435530577
3.9001900040705446	0.00387738470425078	47.31894790625789	0.13913818232021147
3.9750867977821103	0.002429088988958535	46.87893188359988	0.16144475997037294
3.9814545850012624	0.0035059777667253286	46.69951030068868	0.1617945501316466
3.987664705859142	0.0029079791362711183	46.780096278716094	0.16214819495340876
3.9922712348106884	0.002146170613304189	46.927945905431564	0.16087020488273962
3.9981360425958816	0.002908498224293561	46.80107580142585	0.16202987542040675
4.00242177290065	0.0023269940368073165	46.90824560778925	0.1616775641793237
4.007170410664521	0.0015496470163294468	47.09256390306201	0.16144477269609916
4.0102913659558865	0.001923195218044224	46.9960234075203	0.16132903836952178
4.015406899827823	0.0038683168998161657	46.90921735542968	0.1448331319537602
4.298522026508422	0.00800437987742078	46.34297281315169	0.1423425543593969
4.34681773793981	0.01072730037230763	46.05346510563833	0.15108732990515167
4.683139025157457	0.20126264554259252	45.36163374451269	0.1639941851125199
5.014825515525576	0.23888647521694384	44.79640842036113	0.20740401734183178