-1.9610822002253867	0.4136140458657998	50.315012172938836	0.08083141932124324
-1.4979715447650168	0.14239168294279103	50.841628343593584	0.07341765105524675
-1.2789798538957182	0.08599890710456697	50.75462554961299	0.07604852690235989
-1.1340821410161974	0.06160205771223835	50.603081067175694	0.07684924369143736
-1.025622693306893	0.0479883449034013	50.41141539411047	0.08908080310595769
-0.9389090037449697	0.0393026724551842	50.281305573768954	0.0981444613828396
-0.8666607269193458	0.03327927106952713	50.22794708869235	0.10426007912440226
-0.8047347499656853	0.028856777326194773	50.23405778906167	0.10125574536789979
-0.7257940379840724	0.048121273472513326	49.76534364217724	0.1348624465150997
-0.6196003176887559	0.05652422945051279	49.711944976228914	0.10371589294394509
-0.5501039653195212	0.01605524893256166	49.73135520171612	0.11650402322377322
-0.5191251041547511	0.014949896376756769	49.79379172449869	0.10347832908392003
-0.49020964169921766	0.013986940260080525	49.60877485598773	0.12981704509612557
-0.4630997870757032	0.013140529493526358	49.63916066187565	0.10744131818416502
-0.43758321428190233	0.012390712851590963	49.63520353485495	0.10120069357688383
-0.39065020176452847	0.03336449338091148	49.13784526955636	0.12582213370947637
-0.34829808194003564	0.010088141384283223	49.73467708737931	0.11186273677201466
-0.328576446228645	0.009640277256546289	49.90065293365342	0.10729850823259121
-0.30971161727021645	0.009230488711948476	49.83208837264611	0.14414971034946739
-0.29163222332903793	0.0088541179186277	50.16085658648303	0.10908361419198527
-0.2742754920930034	0.008507237754742722	50.21484703715401	0.10737040548049191
-0.2575858534877916	0.00818651254644363	50.24643328562276	0.12909120253301248
-0.24151390963775196	0.007889091404345249	50.65783839807079	0.0945807156914941
-0.22601558737077834	0.0076125238385397935	50.95372381653874	0.07786467586730275
-0.21105133713959146	0.007354690735864665	50.77945094183249	0.09992115790951651
-0.19658557357812817	0.00711375087178891	50.45767846761661	0.2049284793996135
-0.18258614328004308	0.00688809647982279	50.782251106589094	0.11873189525250684
-0.16902393604177085	0.0066763179985097525	50.48908767319833	0.21562613350864207
-0.15587245733792018	0.006477173577766164	50.8685880868363	0.11377535060355584
-0.07890990008804005	0.06510348310411622	50.3990419680326	0.09654395338917535
-0.013554857742696103	0.0046673238481801755	50.88435696722526	0.11519535420242956
-0.004319115868745338	0.00456911610661642	50.93363290867677	0.1054842794651704
0.0091763615849339	0.008858633050128554	50.62520387437987	0.12456243345180934
1.1764078165537106	0.0009041209161388916	50.650299110159374	0.11202666543646049
1.5533013539359408	0.005633984559973861	48.95587476782306	0.09085434890042834
1.5640801506943482	0.0049651112093559106	49.011091802101475	0.09085434066242078
1.572889745808859	0.0034895477859683928	49.16396602949134	0.09085435063215286
1.5825545559381307	0.005630740010784802	48.95159175931622	0.09153551110942153
1.5918121468993087	0.004388742914619111	49.06498065974109	0.09085434468854924
1.5997182253085533	0.0038348361376116798	49.10245091888761	0.09085434863327924
1.6075667101078914	0.004444566824312014	49.00631204468644	0.09153550245286078
1.6171041380352098	0.004023015406464147	49.02315640994734	0.09085433715763745
1.6250229105726293	0.004298962915221147	48.968251514637785	0.09223730210302085
1.6337997312397516	0.004189302035473071	48.978207716262354	0.09085434067573381
1.6422892996729455	0.004347893221513434	48.95118469327743	0.09085434645563953
1.6512931607234709	0.004824147891263059	48.88933601390957	0.09223729344819809
1.6599211496049424	0.004330818527156479	48.94075343649058	0.09085435030616587
1.6686625049359338	0.004166906365031368	48.941179251248315	0.09085435075712982
1.677806490735445	0.004766438224182614	48.87599245829368	0.09085434786702905
1.6884059163471403	0.0057431276944716145	48.78843726751381	0.09085435906659635
1.6992729999726226	0.0054090722891028216	48.808468323123016	0.09085434410374592
1.7105404479332966	0.006292495003639192	48.73398940019891	0.09153548233963472
1.7225225243254778	0.00548920800511165	48.78926875360066	0.09153550187309405
1.7339074633459997	0.005914873616971106	48.75032429588172	0.09153548923077327
1.7450178322607273	0.004453290397450853	48.86257363488076	0.09085434736537099
1.7535790695440254	0.0052520019237539935	48.768133048332295	0.09223731831739282
1.763985323576759	0.005026385199466799	48.7971684836486	0.09153549638675743
1.7767238785502166	0.005883411424644302	48.74306946273554	0.09296056523616411
1.7859153224170874	0.0052251020137237016	48.8277697110928	0.09085433196530862
1.7965129020971347	0.005039514499805157	48.819927562752916	0.09223728653495497
1.8060633265012012	0.00412916843604645	48.87876122224749	0.0908543496750005
1.8150898061071716	0.004696919042166049	48.78698415402666	0.09085436087701788
1.8261524448045745	0.006902778697000301	48.57631218518538	0.09085436024137407
1.83875729174326	0.0053576932279611736	48.640449897470354	0.09085435339392117
1.8485162546629956	0.004953307750812213	48.63899381194989	0.09085433303971306
1.860266242214696	0.00549510754385873	48.567722849688096	0.09085436944632025
1.8703947598306052	0.005693101585376508	48.54056717854212	0.0915354861059227
1.8812211473168876	0.005245181443390842	48.571551708996054	0.09085435041953706
1.8916390738515116	0.005556303271744711	48.49270881663862	0.09370610656820039
1.9033980684377365	0.005751168883501089	48.46660280778728	0.09085435064965114
1.9151826556647715	0.005400598735305764	48.323154027778095	0.10173591163251625
1.9256289712949668	0.005465524997558571	48.320991555327055	0.10173591411427957
1.935669927849014	0.0047766464826463255	48.36199978300884	0.10311340145327752
1.9465878585185634	0.005485563852501302	48.47444172721062	0.09085435143213336
1.957562394874829	0.005709084623069176	48.244223399982516	0.10455107389808001
1.969161004088865	0.005372857940443329	48.24649041181724	0.10455110213266731
1.9786725868973818	0.004740915643072111	48.28589473029662	0.101735945806724
1.9895818991927747	0.0054631733875767155	48.17920323788661	0.10173592120315957
2.000239700583955	0.005045887601678543	48.20741058620991	0.10311339157896497
2.0096168584889775	0.0051206301528030004	48.22034471004222	0.10173591350182629
2.0207474554913847	0.0060121304677189895	48.154797743317346	0.10173594950939326
2.0432537727277142	0.01026731639928836	48.105512113571635	0.10978957458254933
2.065155513477559	0.012203690905470436	47.981588501007245	0.11074136796253357
2.0880843838987873	0.011576101575912668	47.956913971715196	0.11275808825925096
2.1097366964570985	0.00880996172845561	48.01610714780045	0.11616250734623434
2.127207755545024	0.010578862131609554	47.925035065707135	0.11656823822444386
2.150049304700264	0.01003604883006652	48.06433267376293	0.10511308720650878
2.1698840500463485	0.009588764726555437	47.89964748577992	0.11656823177511894
2.192428055331207	0.016386251469082364	47.584471484048656	0.11697846186047758
2.227491687521664	0.015115272573729167	47.57223951395419	0.11421317099383833
2.2591096163033337	0.018737962120050272	47.42374918153578	0.11616252974574988
2.2924372204169723	0.014461793874207766	47.51679651476483	0.11458738528369403
2.3256556764744705	0.02277464486807947	47.26749405934422	0.11616248767206974
2.374824692056165	0.020336799082268632	47.31225301888355	0.11458738414500297
2.41028327640502	0.01984515018817665	47.27581560285064	0.11656821492489683
2.446134910252595	0.013196816017634956	47.42909165942743	0.11616249669744522
2.484204901215048	0.021388635308261305	47.194607463015146	0.11458738458107354
2.5232070563552926	0.020401501402477012	47.15224509507562	0.11458738619927548
2.5604988147314796	0.015602369850540015	47.23573363833979	0.11458740568282658
2.586073080534758	0.012503868520962783	47.31673709100705	0.11496554250296179
2.61472094577881	0.016525257675943143	47.15863189722114	0.11739327163289488
2.652509735518138	0.017041694465127318	47.13806385598245	0.11612441788512422
2.6803638458986323	0.01361520330875939	47.21404547371165	0.11534774467485064
2.702784495118323	0.0101193629105617	47.280465501029546	0.11616251560609905
2.730865514191662	0.017390350617793676	47.02188392730632	0.11458734798001914
2.7624491827993753	0.011760538831137483	46.92039707723478	0.11699258088815927
2.781071765269344	0.008919570822647627	47.003611040447296	0.11741467214370023
2.8006175696967186	0.008975772027775542	47.264555330584784	0.11241173216808963
2.8191678091358074	0.009460400781683389	47.16343408449015	0.11656824327620362
2.8427681320575924	0.013440199657227382	46.96858699430365	0.1161625222359031
2.864935144164399	0.010062338518080577	46.846271795707466	0.11657520807882743
2.8881016500970897	0.013575598757783466	46.892939272846064	0.11616249174796549
2.9250229384141444	0.02909012593244182	46.87033274219327	0.09978605786053787
3.4528370107201276	0.013894328129063131	46.1251519912541	0.12964851197936572
3.4825564227362085	0.01661588780404394	46.019995738186644	0.13066194705551556
3.5427246320853722	0.04684137787449855	45.71479308703406	0.11381512602662437
3.771062475379662	0.014844157710163435	45.71511753180303	0.13222816649023666
3.8097395112386683	0.02711706167467287	45.643406028601916	0.10967066214472757
3.9656226902184417	0.032319533609955986	45.275464628900664	0.1207084541962449
4.249345098136098	0.4580721295554066	44.06088526786084	0.15134653880918816