-1.1850093310313312	0.43249243752736066	51.601472519110416	0.2638849548706733
-0.8180635040261907	0.061931476795229035	52.2232423413578	0.21288657601962127
-0.33124549665709613	0.2725380832929435	51.876002004680366	0.21205679644775055
-0.10149481021350543	0.01784160833678521	52.44969710940046	0.2231252957253647
-0.040557853928340215	0.041349072979899704	52.3394930115098	0.2199485434458053
0.017417940426528777	0.01809089226692377	52.56585505497545	0.22208208820201666
0.07652500213331959	0.03947234557362572	52.29445720012184	0.23410941179203487
0.14906048726239662	0.033400844626543115	52.402700143537956	0.2206153256502895
0.21264226083598947	0.03029458270859442	52.32221343271728	0.23030756107092853
0.2693610529381012	0.026585582640380485	52.37484746315437	0.22288589881102003
0.39586362107780515	0.08987686699820682	52.153890585758276	0.2149264335011385
0.5462817836497541	0.06356671410710774	52.115491511149294	0.222057521655042
0.7043737542022152	0.08834211399472977	52.01325229755812	0.22279056195819377
1.47720363337936	0.007374153286226764	52.18453711117232	0.21838961117316355
1.4720187434445466	0.0013337624276279637	50.91791066931555	0.2026916078753408
1.474784619442048	0.0016526745855581211	50.8325098712777	0.20269160379016005
1.4779365075874518	0.0012745956455756885	50.9535916471259	0.20269160684925458
1.480723433612535	0.0014065099640574936	50.907732578117574	0.20269160225827118
1.4835003215251286	0.0013453549084221869	50.89386696666246	0.203225082087461
1.486286456222436	0.0014731156969237582	50.85395857178518	0.2028641738451422
1.4889097670076974	0.0013516101365652518	50.903535977540486	0.202691613729076
1.4917639483922	0.0014432735673227653	50.879951408478234	0.20286417512152563
1.4942375761411895	0.001197468501991163	50.97343552504143	0.20269160614319068
1.497146992052473	0.001466704820961346	50.89637397619763	0.20286417560880962
1.4999737763734329	0.0015204643074491848	50.90209565288016	0.2028641741463658
1.5029412684284535	0.0013123359613525112	50.974861327870606	0.20304193636172643
1.5053522194725537	0.0010697904451165724	51.05975824309385	0.2026916039745471
1.5076694203717382	0.0012359623033611953	50.98519151708573	0.20269160925735918
1.510083429735924	0.0013091126400218594	50.93840429468724	0.20304193576319765
1.5128058335181596	0.0012846703970428193	50.937850385273244	0.20286417571583792
1.514950679999497	0.0009798819815246208	51.06622773284053	0.2025894595684555
1.517367577055618	0.001323098241271671	50.94808446306634	0.20258945908091466
1.5202118439725298	0.0013641977394197706	50.93278836229521	0.20269160626974303
1.5225113816078006	0.0010937226772967097	51.00424888390883	0.20286417851370256
1.5244928710273578	0.0009884879830777574	51.03437792003297	0.2026916040759862
1.5265178848262844	0.00101890348880434	50.99328742178216	0.20286417570015672
1.5285578957955965	0.0008904118964706894	51.03133462912589	0.202691611721091
1.5305640872706325	0.0011534147675071986	50.971106356634856	0.20286417652635813
1.532637013300238	0.0008872664402332026	51.15739640303506	0.202864177968518
1.5345454428495402	0.001094767607865402	51.071374394756056	0.20286418076514942
1.5365892337716494	0.0010708115548916288	51.05090620278862	0.2028641823188149
1.5387970788783263	0.000987094800237813	51.040410372203624	0.20304193351646865
1.541017462166558	0.0010988924362366483	50.94266584376728	0.2031072787372346
1.5429265856482388	0.000957524069066489	50.97745508165661	0.2028641802062404
1.545018651214991	0.0010686825808424877	50.91216698269952	0.20322508057864688
1.5468033865811495	0.0009490146104406038	50.993666156502556	0.20286417629748207
1.5489700135831859	0.0010290786898163808	51.02216632733054	0.20269160099815875
1.5507949084690384	0.000836034922773974	51.15047208539067	0.20275704561691715
1.5525297293502085	0.0009036053188258196	51.08162369073554	0.2026916062427556
1.5544382707681916	0.0009636687591278845	51.01735376967785	0.2026916009722664
1.5563188469848743	0.0010052734629474192	50.97226819010983	0.20304193521976052
1.5581945701575037	0.00083167621140969	51.049382307193866	0.202691607939279
1.5598904133035685	0.0008770711005870423	51.01942761850102	0.2026916058953447
1.5621412855652794	0.0012483248748240351	50.856685374683536	0.20286418361376213
1.5644800214412147	0.001248037184356111	50.87271976241632	0.20269159935529654
1.566860477053881	0.0011550639740867772	50.919962836218595	0.20304193768707873
1.5690914767374156	0.0010443891860695113	50.968529427752564	0.20286418476799498
1.5711404950372652	0.0009525872548784742	50.987582125457536	0.20286417914798177
1.5732490690721872	0.00118850407714282	50.876421663758336	0.20269160174451062
1.5755289012140063	0.0010430974463262188	50.91537403043042	0.20286418262718614
1.577799939257443	0.0011978949537025235	50.835898349451725	0.20341381100857617
1.580018922811624	0.0011314266489111488	50.88888372228982	0.20286418514812604
1.5821927464963195	0.0009563718909997141	50.97504667939742	0.20269160358601504
1.5842331341396934	0.0009779473947307527	50.973336408641025	0.20269160419512444
1.5860655965727153	0.0009890935249267452	50.97935869436103	0.20269160802533603
1.5880727187774881	0.0009161625662517345	51.01765841930473	0.20286417863056613
1.5896257437651742	0.0007645283313619579	51.131033377512765	0.20245384987479562
1.5913692999420657	0.0009529623173328952	51.028908043007846	0.20286417761679393
1.5932920718249415	0.0008842013475320265	51.07332758837464	0.2032250754411285
1.5949701592633856	0.0008389201995307631	51.08252060715237	0.20322508159372915
1.5967043486940926	0.0009994155927220542	50.990850499175465	0.20286417992903316
1.5985681041435171	0.0008127189829221202	51.04660519056389	0.20304193576044813
1.6001816426132938	0.0007446922656697227	51.05968570793924	0.2031706750528093
1.6016773140900162	0.0008069213266528175	51.02358984022022	0.20269160286463608
1.6034377771820436	0.0009312448791055688	50.99188674956858	0.2025894513212125
1.605343010604782	0.0009315488147333062	50.99995681728013	0.20269160000147468
1.6074869885764644	0.001160881098921081	50.90831329358601	0.20269161047376164
1.609426654251902	0.0008042222545818752	51.05188046390929	0.20269160973243858
1.6108562771062642	0.0007381449167921422	51.05427604729215	0.20258945375222973
1.612347304768146	0.0007255578125988902	51.023392994380416	0.20258946138067238
1.6139162697409168	0.0007945196870366375	51.01074729298335	0.2026916052252666
1.6155252300905563	0.0008186808122683601	51.025471072137364	0.2028641797638849
1.617077091935255	0.0008726080772306212	50.9694394989129	0.2026916073811066
1.6190310836277377	0.000894157336244169	50.89999909704119	0.20322507420423325
1.6207114476496325	0.0008117811924436258	50.94259177403579	0.2026916122886698
1.62244148829213	0.0009798100366162107	50.856708317796404	0.20286417576153207
1.6242988691433289	0.0009420825876308831	50.88326695136723	0.20269160966006006
1.6261984424366416	0.0009337960385971248	50.89452835405639	0.20286418188669775
1.628092514494119	0.0008576815818799145	50.93705692316682	0.20286417575084156
1.6296609405211044	0.0007786568579121787	50.98014915877332	0.20286417985679472
1.6313777668121476	0.000807213253531198	50.92369205181884	0.2030493782372956
1.632717843923568	0.0006881986600527553	50.90545600789626	0.20203364399322743
1.634138526075196	0.0006859510742076972	50.88756039276144	0.20239376969017248
1.635535507726769	0.0006851101896082083	50.97461136801729	0.2016340157976277
1.6371316156015943	0.0008603706598380815	50.77724437742606	0.2026916066126228
1.638632631768937	0.0006802417804211788	50.894865009823086	0.20236156359709342
1.6399397562507358	0.0006795457953929131	50.93398760992056	0.20226869177584317
1.6412805961946022	0.0006922366393691571	50.87507719225283	0.2028678010059098
1.6427111003035173	0.0007127356489345889	50.83941284889188	0.20212003848167578
1.6442250313339	0.0007930295367648481	50.73389472571358	0.2026916016049287
1.6459704564015638	0.0008589937641132508	50.72538798807681	0.20269160464202213
1.6475658359732952	0.0007710545391162337	50.79109195129614	0.20258946573846195
1.648917712091173	0.0006696042426678324	50.67654499071326	0.20635110610877247
1.6503312194616053	0.000695073374208609	50.814177449256555	0.20304937254152094
1.6516902761218994	0.00071652329777534	50.822306309939734	0.20330558151663217
1.6531366592743049	0.000657899074205479	50.90807214193791	0.2024902155084401
1.6544504681783283	0.0007185038178541583	50.867726641117365	0.20269160764106167
1.6560046595038487	0.0008016936690610585	50.8290428374916	0.2026916003334105
1.6574678490493606	0.0006915146057677684	50.86258976148547	0.20258945866530584
1.6590783931517756	0.0008411959092880913	50.71007834210937	0.20269160585957244
1.6605158500265005	0.0006776769508456815	50.627067084808075	0.2059805181050938
1.6620510870473248	0.0008482714529928266	50.68026176280669	0.2026915990966741
1.663693266212682	0.0007876256432292405	50.69751251751654	0.202867791306058
1.665270755231382	0.0008916105778713708	50.62879328953742	0.20304937206243814
1.667083258651727	0.0008562318660473936	50.642053033319115	0.20269160310417428
1.668623262300287	0.0006525221076210743	50.754728203209304	0.20269160180694223
1.6698835636000147	0.0006720253301583805	50.739616080967295	0.2026916104997274
1.6713208772674149	0.0006296667915764568	50.60698976059217	0.2056253982389733
1.672628413218853	0.000701556087662329	50.5305282840341	0.206058635878069
1.6739045939571802	0.0006271787577513326	50.577297064067544	0.20583741382490492
1.6751074092342906	0.0006639903952688347	50.55039562007732	0.20583742250334375
1.6767109538021256	0.0008597584761722729	50.60592117785296	0.20269160167654487
1.6784640928466938	0.000783497440234344	50.47808802554237	0.2060586294048405
1.6799495776399187	0.000758688560580502	50.48214351898082	0.2064455657874185
1.681297629226262	0.0006153667655945547	50.59536820592658	0.20562539627590332
1.6825975136289433	0.0007003015019939981	50.5111669884436	0.20644555775219472
1.6840616428609745	0.0006808918164845062	50.53052736608525	0.20644557181992354
1.6854528651732634	0.0007078539160775074	50.5257685333313	0.2060586303446309
1.6868323832786776	0.0007830686670328678	50.48053089738211	0.20644556982797146
1.6882702657452797	0.0006284857093261325	50.57879852163688	0.20605863327263524
1.6896721415415223	0.0006781642813453364	50.54256149883433	0.20605862200835004
1.6909184623671583	0.0006198691607466725	50.581335374260156	0.20605862017259888
1.6923094393419125	0.0007577182856885874	50.502036749296835	0.2060586296505471
1.6937865070772498	0.0008075531885909372	50.47516864579113	0.20644556744115836
1.695500659136873	0.0008992832326660498	50.43110723915336	0.2060586293275614
1.6971229788489453	0.0006997238505057371	50.522817538489946	0.2064455711730191
1.6986214873873724	0.0007244052312166395	50.50397696676608	0.20605863606089506
1.7001688369869066	0.0008967109458247782	50.417878791479495	0.20605862831649124
1.702136199272684	0.001077265300820011	50.33649816133301	0.20685008969607646
1.7039876671668877	0.0006538476962281871	50.57160826468064	0.20605862817389412
1.7055995132793362	0.0009157048775570598	50.41576899110752	0.20605862813325085
1.7073301043034657	0.0008728098537872525	50.426018505037376	0.2060586295443623
1.7087984654546493	0.0006489460420654452	50.552087983449525	0.20605862200835004
1.710206831612909	0.0008005280252262372	50.46326488360832	0.20605863001886682
1.7116952329687045	0.000668634193870607	50.54295632592494	0.20605863102472138
1.7130691865029197	0.0007394408849329717	50.49735719309372	0.20605862104438175
1.7147135756505536	0.0008558264798026559	50.42473067476014	0.2064455648491585
1.7164196032496792	0.0008411651702974512	50.43122967911902	0.20644556714525855
1.718006322408974	0.0006984146113702453	50.5238051493066	0.2060586212124072
1.7192526668076722	0.0006458670477971089	50.561515234026984	0.2060586190051159
1.7204103134808721	0.0005668500024325733	50.64113483657828	0.20562538963573856
1.7217145726352268	0.0006902427471870426	50.71053874213723	0.2026916119252373
1.7229904276284524	0.0006169461900344667	50.587631861202226	0.20605862941179898
1.724231454129089	0.0005596635614401403	50.62222435920505	0.20605863095709387
1.7255597322071372	0.0007406181229404063	50.63377955623532	0.2034295537867289
1.7269634180064162	0.0007779535169063352	50.61470006122124	0.20269159803933687
1.728595704309397	0.0007101739914175437	50.4898474720313	0.20605862064279154
1.7298120686548217	0.0005766358308581688	50.57988652911842	0.20644556601267475
1.731178057939231	0.0007157991717453434	50.49044944367991	0.20605863433371083
1.7325375854268157	0.000740797105480999	50.6452759251205	0.2026916064499915
1.7339384804463336	0.000650453554683322	50.62146531284639	0.20405110043424843
1.7352785820185224	0.0006798435964146463	50.685938865010655	0.20269161226026525
1.7365325320503713	0.000583972885125018	50.58778775589648	0.20620794428534023
1.737884035091131	0.0006908423335114538	50.505378229989354	0.2062079483194966
1.7391498090720532	0.000614798447828295	50.532415993556505	0.20605863427209833
1.7403049081142123	0.0005596605954854815	50.57337029979839	0.20562538759614488
1.7415465838191553	0.000683973688232134	50.47170894217153	0.20605862199326377
1.742876214311306	0.0005818875450724025	50.54849563785204	0.20644557328706117
1.7440511639576157	0.0006450306696693319	50.52263908043132	0.20605862037903355
1.7453773908566692	0.000692774444238701	50.662432646498075	0.20269159639843723
1.746819771441968	0.0006757191196174192	50.48914208537498	0.20605863097458824
1.7481838235936609	0.0006399726562371884	50.50446108385513	0.20605862037903358
1.74933823199569	0.0006099759360283717	50.551530069685846	0.20605863304065875
1.7504456754124549	0.0005582433150303934	50.624993251829	0.20583740976742806
1.7517588007671696	0.0007076832605672967	50.518657581377475	0.20605862968765126
1.7532321155159791	0.0007561835287188173	50.46341699688303	0.20605862872457711
1.75446435751777	0.0005240999385709509	50.60390366605482	0.20620793310813654
1.755660060843557	0.0006466097097205761	50.507344961695225	0.20605863307898523
1.7568978028113929	0.0006190199112629712	50.52633653120198	0.20605863092670426
1.7583086456746653	0.0007361027826426668	50.43968476454295	0.20644556670894199
1.7596535163685618	0.0005567668030885171	50.53809791767935	0.20644556271653872
1.7609881133574676	0.000831567379984001	50.34195959438875	0.20644556541881226
1.7625443829185454	0.000795042453468977	50.34104201755283	0.20605862955803697
1.7641497970865325	0.0007728633095406694	50.366870075484236	0.20605862755672658
1.7657573720775717	0.0006983556833333725	50.427698762529104	0.20644557455265913
1.767153854197494	0.0008138092406786929	50.3809049277405	0.20644556746412418
1.7687944650642078	0.000855837585079857	50.36968867549638	0.206445568466234
1.7702531498788803	0.0006512120008300449	50.48325911758875	0.20644557583859824
1.7715834979532947	0.0007189217935273958	50.442833992298866	0.20605862632069996
1.7733146162855906	0.0008063134026968587	50.371396693695495	0.20644556535228864
1.7748689189893243	0.0007490800591687749	50.39185102588559	0.20605862572978265
1.7763251057932767	0.0007692258627357784	50.363592609163774	0.20605862663022687
1.7777351955552025	0.0006960476781502739	50.394479164782226	0.20644555791369898
1.7793970287141692	0.0009525545978439696	50.26497693467684	0.20605862634605882
1.7810583726087077	0.0007209436095609127	50.396328747133964	0.2058374139062245
1.7825930214836885	0.0007582038090059722	50.36566338972935	0.20605862797071556
1.7843485789367262	0.0009833323420746253	50.254261591412025	0.20605862785703194
1.7862203162394787	0.0008732023991945303	50.30785461315162	0.2060586282603582
1.7878308733150576	0.0007778895375757259	50.35316282293434	0.20644556428067065
1.7893188765541312	0.000939642368193656	50.26675136767058	0.20644556521112423
1.7915042744924832	0.000872153666031461	50.29992982939787	0.20605862851605294
1.793353065856906	0.0012311705994544548	50.138340452716605	0.2064455672362462
1.7960927577564463	0.001347653394944605	50.08434765483494	0.20685009336571347
1.7988377195860732	0.0014326793301402273	50.05508674991904	0.2064455670254897
1.8013032951077972	0.0010637772024539767	50.182382635087784	0.2060586259310369
1.8036513799462974	0.0012457880631624144	50.10732979972141	0.20605862942284958
1.8059684393054902	0.0010146938370634555	50.195535874987065	0.20605862675066441
1.808260391022313	0.001462326443317986	50.03613616701321	0.20605862754646784
1.8108442466216816	0.0009369597343227125	50.22841842058536	0.20605862864910313
1.8128445448948045	0.0011934351224052297	50.1221421383935	0.20605862498174385
1.815597543665123	0.001450425556023407	50.02890663402206	0.20644557019049103
1.8181221379241954	0.0011656018478725264	50.127929669706816	0.20605863054031395
1.8204346501612894	0.0009707738070735283	50.1990108412549	0.20644556476098497
1.8226269182260668	0.0011801336140597994	50.11995792773993	0.2060586255863676
1.8245297262705726	0.000933456713027586	50.215628218139706	0.20644556483897095
1.8263329522649028	0.0007882633485512397	50.29832437547616	0.20620794016297272
1.8280710225713297	0.0010500257132850827	50.17271515838549	0.2060586307810306
1.8298230637942816	0.0007053260183372579	50.34937073494841	0.20644556639306802
1.8316235677247605	0.0009720978763014613	50.22608296625328	0.2060586265497889
1.833273257080712	0.0007861331039137959	50.31554471891591	0.20685009277101435
1.8347428237464976	0.0005759850928046728	50.47225032747447	0.2060586233790035
1.83611132046732	0.000767280476703504	50.34370394732599	0.20685009354909725
1.8377851222217063	0.00097208287417072	50.24096014493784	0.2068500937978866
1.8394388707219167	0.0007094700721407002	50.3647552827237	0.20605862887511395
1.8408843605994143	0.0008777364375502576	50.24375852217918	0.20644556783289658
1.842825636230232	0.0009228368999625435	50.208644566296215	0.2060586294943482
1.844185787144459	0.0005155770585680952	50.4636667944587	0.20605862534656852
1.8455534488701626	0.000678556259939876	50.3404236921511	0.2064455656847196
1.8468749568569494	0.0007074727254659522	50.324100947508306	0.20644556747849602
1.848411094756988	0.000771717924220464	50.29012186267393	0.2060586265786111
1.849647419174862	0.000658047151914551	50.34384687718107	0.20685009053097914
1.8510610404856491	0.0007388301556411313	50.30310580439422	0.20605862850716614
1.8528071682098024	0.000836623822231339	50.24560559946535	0.2060586276662533
1.8541381088039843	0.0005878791430706846	50.395789591728814	0.2060586257415409
1.8557242937208853	0.0009483343679970365	50.1838928376536	0.20605862923330392
1.8575514846486634	0.0009361837154196664	50.16639788877187	0.20727322647817878
1.8591529478749935	0.0007772815750940896	50.258435754860415	0.20605862756280502
1.8607096013558566	0.0006723151204049159	50.3020700602933	0.20685009117657188
1.8622623114080623	0.0009907318120325154	50.13918541006399	0.2060586266727779
1.8642424862427744	0.0008808451803987924	50.17745316860827	0.20644556987886892
1.8658483632242104	0.0007221116925729769	50.2755032514815	0.20644556524514696
1.8674099939676019	0.000829723714768622	50.231689211651705	0.20605862666404925
1.8690137702883396	0.0008083657178282955	50.25406928193141	0.20605862673984424
1.870700420765162	0.0008884503060633707	50.219790498770905	0.20605862797815389
1.8729501852498385	0.0012221076492876753	50.07002195555724	0.20644556413020368
1.8751130460963257	0.0010246087970822754	50.14192382977972	0.2064455671811665
1.8769168742122262	0.0007891007370829228	50.25286053039814	0.20605862837886346
1.8790336848320628	0.001519991034721345	49.95500986226092	0.20644556516880835
1.8818700125841263	0.0011377862569826903	50.071550130632545	0.20644556957756258
1.8839428887907648	0.001045499836067134	50.10797505129249	0.20605862920013385
1.8863072656779791	0.001399938728151921	49.96711268788834	0.20644556652386817
1.8892925905411828	0.0012035513531478135	50.03774242105801	0.20605862715694057
1.8919723637774708	0.0014617907399528717	49.95069250519351	0.20605862587014057
1.8944781632705454	0.0011885158106569897	50.03787810982567	0.2064455691107604
1.896960635167321	0.0012608226988942179	50.01554294442355	0.20644556538314673
1.8995209736399548	0.0013401861590783238	49.99982331327075	0.20605862957922103
1.9023788215851751	0.0015701190310294787	49.93020971772702	0.2064455642969768
1.9055180020907958	0.001538328974486767	49.94018338740525	0.20605862497431132
1.9090861547784228	0.0018631027809978325	49.831401524277226	0.20644556553489818
1.9129892050795694	0.0020398492830598154	49.77045629871052	0.20644556801158562
1.9164696409306212	0.0014921757875901713	49.90087359022553	0.2060586266429448
1.9201049360604951	0.002162312466291374	49.73077956026745	0.2064455670535199
1.9243129118976694	0.0019901521096042673	49.76949069349437	0.20605863293153948
1.928257038822803	0.0020040921851698272	49.75705616784656	0.2064455632614167
1.9323582542418607	0.0021028445842994235	49.73245100377095	0.20644556413119214
1.9361948682015	0.002337906838628914	49.524203510078344	0.211407027489999
1.9412069888129504	0.002012594044689421	49.754161250361626	0.20644556600980063
1.945658030058103	0.0028717322467374114	49.59515845092497	0.20644556866227765
1.9516362612221316	0.0027055178137002697	49.61134432856706	0.20605863078265801
1.9562647630277294	0.002119081122549061	49.52566732555763	0.21194147791327936
1.9608483201696307	0.002689305371493786	49.60262032211445	0.20605862632477384
1.9661570010087863	0.0027240659106831724	49.57662613657885	0.20727323927655006
1.970863217370339	0.0015147495159352788	49.836912872653436	0.20685009242856453
1.9743444163323427	0.0021625263924251927	49.69406532907673	0.20605861690458804
1.9788347100426367	0.002387428407722003	49.646216234601944	0.20644556962594635
1.983557840204902	0.0022693164354103735	49.50338111247218	0.21108254973117324
1.9881007440072405	0.0019517589110314732	49.57362472604995	0.21108255090642675
1.9923283663306823	0.002557569582482002	49.6368715099509	0.2060586170447716
1.99732599343751	0.0024483723706081313	49.6453244117895	0.20644556112076218
2.001915375229343	0.002102156324037746	49.71349902501943	0.20605862496315092
2.005572264702544	0.001849816904177697	49.580303011974515	0.21194147724684959
2.01042751742544	0.002418128400536008	49.646503812350666	0.20644555862234984
2.0142541067038513	0.0019362113419864257	49.57482691586115	0.2122654999052018
2.018438875476462	0.002146633279295509	49.71621804528502	0.20605863185439852
2.0225781186564395	0.0017519668518805398	49.82964387370368	0.20644556445890003
2.0262286787190282	0.001764447364686581	49.894358940647095	0.2060586266075392
2.029517951234907	0.0016224794609173976	49.96944915405187	0.20605862414872436
2.0324855420184034	0.0014869283737647167	49.97912566115818	0.20685008476653857
2.0352300989731167	0.0011688090064490872	50.07699748757642	0.20583741994096275
2.0382474268973088	0.0018003502287246035	49.83181158675919	0.2060586212240045
2.041465435962145	0.0014153125358599744	49.89659117722782	0.2060586353449662
2.0444282120151485	0.001528409045736917	49.86193513557096	0.20605862796468177
2.047303366579135	0.0014270239767784055	49.88431408758173	0.20644556782377643
2.049734732406212	0.0010973552604570868	50.006492128073596	0.20605862239088948
2.0518340951486587	0.0009844761715867274	50.05004504710441	0.2064455686849602
2.0540345732971392	0.0011634493190552761	49.98826765213876	0.2060586276038031
2.056938919600115	0.0016775380933193185	49.83279772037696	0.20644557227904517
2.0597193588393274	0.001178065901736876	49.99048774212902	0.20685008805302094
2.0617741821223925	0.000922894788331393	50.11885093800454	0.20605863157062798
2.0638680992731517	0.0010449467074912318	50.06876211075193	0.20644556200472686
2.0658852296363763	0.0010244296998432735	50.0482996939708	0.20605863035944702
2.0678376669566254	0.0009035552953010971	50.06751453723397	0.20605862643811856
2.0696139578557937	0.000905883071992252	50.090357808591335	0.20605862433246552
2.0714818595655866	0.0008605643509837572	50.16571308493982	0.20605862425358087
2.0731061037288145	0.0008280109565908937	50.19351259555061	0.2064455690114547
2.0747233050004925	0.0007511105218210015	50.225243291864686	0.20605862556491303
2.076374981582507	0.0009802395295124174	50.08583740931731	0.20644556256506144
2.0779830289825183	0.000779424740496234	50.173593948789545	0.2060586264220094
2.0795439873766677	0.0006707912829450905	50.22326728200866	0.20605862707977413
2.0811257192702226	0.0007738049378878587	50.144095754150534	0.20644557159791477
2.082706575619333	0.0009028162048843496	50.07286470552265	0.20605862867345562
2.084540435185203	0.0009111215312805506	50.04542171225448	0.20644556754565332
2.0861948334190634	0.0007855747513255225	50.093289148309	0.20644556347361293
2.087803533133505	0.0007817087218740383	50.109177499992654	0.20583741283571985
2.0896916770433176	0.000910909141978111	50.068233616563404	0.20605862878982192
2.0912245422760574	0.000772713361072538	50.16817247373199	0.20605862682212997
2.0926664521758855	0.0006275313521310656	50.27405998067065	0.20605862533889266
2.0938760916782098	0.0006656086627909037	50.26016127838205	0.20605862892267854
2.095048330895719	0.0006108606250900886	50.2892819860667	0.20605863029380575
2.0964408628912015	0.0007436936708287011	50.18823181065597	0.20605862363375851
2.0980318437570205	0.0008536699313213865	50.10622073642486	0.20605862415158444
2.099815342612878	0.0008567183639427896	50.06502266868025	0.20685009193687257
2.1015077072795036	0.0007946927830707414	50.08405624633619	0.20685009458561593
2.1031758696807223	0.0008858455506784952	50.0619207600587	0.20605863244640618
2.105058555152607	0.0009600966128724656	50.028656760094215	0.20685008891356887
2.1067665481898867	0.0009728959248126202	50.0138405905555	0.20605862988227572
2.1089324359344648	0.0010857430736514676	49.92867298787044	0.20644556010655052
2.111136784103282	0.0011745569483923787	49.86851960213975	0.20644556310257023
2.113474129684012	0.0010368354556250445	49.910886348503865	0.2064455679631274
2.115424685209976	0.0009550456312382582	49.936662794313236	0.2064455644544326
2.117372806943318	0.0009938859618781022	49.9276774679957	0.20605862721850735
2.1192952384009587	0.000901411799818959	50.015990933041486	0.20605862318239598
2.1211878292513036	0.0010136853052302465	50.0099965581189	0.20605862994592383
2.123555089977047	0.0012149459748412356	49.93374465011088	0.20605863713012315
2.1257641704586847	0.0012849913616694514	49.86055305895633	0.20644556633739908
2.128137353449793	0.00091435121241159	49.97755355064071	0.20605862365846503
2.1298356767926467	0.0008370297141664308	50.01078068388267	0.20644556393614508
2.1323100281248673	0.0014024560925691813	49.78794370621834	0.20644557245304507
2.1343378066713146	0.0009903625229771389	49.926216173415646	0.20685009359710235
2.1366123086449647	0.0011368560588321463	49.85749566164094	0.20605862725657118
2.1389672730683507	0.0012507871154013148	49.793868515629434	0.20605862663768668
2.141282333824693	0.0009644508752148092	49.9010556466962	0.20605862504443587
2.143340667665338	0.0011037262230155992	49.83560896108115	0.20644556364403457
2.1454204489955497	0.001221813469549961	49.79124703235932	0.20644557033396366
2.1480347062392955	0.0010638215642344716	49.861358955462066	0.20605862569570926
2.1500696896775398	0.0010796755261679508	49.85893055635259	0.20605863038982153
2.1521407861724313	0.001074124385370164	49.865325554753106	0.2060586244172339
2.154515513171955	0.0012220546717335947	49.79472942594179	0.20685009532640797
2.156907669327169	0.0010915115391038387	49.84469658233322	0.2064455739938484
2.159143153944334	0.001267028100593914	49.76217395892179	0.207273218695015
2.1614004686025234	0.0011220768865634672	49.819745813411586	0.20644557401721278
2.163541130882612	0.0008003693862878719	49.963440493507605	0.20605863389922904
2.1656190506867143	0.0013125778742099673	49.73962102529643	0.20605863090897575
2.168083677213707	0.001255597530806732	49.75265807935065	0.20605862555598994
2.1706845752094943	0.001441552097885767	49.69288463162524	0.20644555706027265
2.1733836983309835	0.0012222082281682614	49.77753241980581	0.20605862971682154
2.176090474421762	0.0014437277153201418	49.69319312789754	0.20727322918521915
2.179007344270969	0.0012516881532307585	49.752802917992575	0.20605862962763521
2.1814213843330146	0.0014024750640312205	49.67326305562429	0.2068500850387911
2.1843851620494283	0.0014668365946318607	49.64500812096952	0.20605863831511492
2.1870741675099072	0.0013154851739947458	49.6868563101589	0.2064455767213834
2.1897192526313867	0.0012474263890757576	49.71070376151906	0.20644556101685155
2.192385358102666	0.0013104536963883728	49.696216374360006	0.2060586281235511
2.1948015279489343	0.0012483203478331542	49.71858540743541	0.20605861850806131
2.197545757889732	0.0012281348778049243	49.55091037650817	0.21108255834570083
2.1996221556103746	0.0012627842844785018	49.55703949565373	0.21060160687907875
2.202299993798682	0.0013030363530368973	49.54477571793471	0.21060159610442947
2.2052924061317705	0.001529577893715971	49.6254564695459	0.20605862142759132
2.208287655722047	0.0014906508044450334	49.61203025886305	0.20644556843721604
2.21137019131413	0.0015039806307384	49.43160833279326	0.21108255512676896
2.2144317201277546	0.001738726655011563	49.36210982197333	0.21194147522615173
2.2171899639341754	0.0011381316607357447	49.55809018763384	0.211082545250668
2.2197129920833376	0.001192568873381147	49.540027216335886	0.21108254813136498
2.2223357337048144	0.001447083970219625	49.618623159344196	0.20685008149697567
2.2250478921985257	0.0014587542459904847	49.449306343307896	0.21108254463529727
2.22798697751825	0.0012866870634211714	49.501454278276555	0.2110825585200972
2.230567292550169	0.0012828717537665918	49.49879794113859	0.21108255648647314
2.2336515413925473	0.0017514229718984735	49.35292451867834	0.21108255972105539
2.23713556436575	0.0015424495517596534	49.38676061012124	0.2119414933422256
2.2396215793425367	0.0011276106551468875	49.53763398335195	0.21060161047460793
2.2416159852586675	0.0010900562823488063	49.51237575179597	0.21285885301438479
2.244200662630948	0.001233164224091716	49.48808309165959	0.21108254739676097
2.246484569262451	0.0011533012420893859	49.55637571024063	0.21014971381073086
2.2488899201924073	0.0010945115397769534	49.56281320866791	0.21108255719966754
2.250968458291741	0.00111834213503103	49.563447756804365	0.21108255972217072
2.25324341870221	0.0012084100224186082	49.52239223892354	0.21108255375406956
2.255813564842533	0.0013949082043843957	49.54094337058296	0.20824601399048306
2.2587002131876655	0.0012890079594268262	49.47541421296665	0.2110825560164829
2.2608776903413528	0.0011954219807808566	49.50410336051164	0.21194148209256516
2.263481466192898	0.0014170131564860394	49.42792887633481	0.2119414765631475
2.2663152100171513	0.0012809457752175379	49.45303643662926	0.21285885178753322
2.268854365658334	0.0012211957779477108	49.486129558228896	0.211082556684805
2.2713655306878144	0.0012633008588979417	49.46818045487207	0.21108254751452799
2.2735213293064374	0.000999366835118295	49.557973185795944	0.21194148431866647
2.276243795794637	0.0017258137246033444	49.32659433966054	0.21108255203763204
2.279298372732325	0.0011293834250468478	49.49709575277288	0.2119414870355236
2.2816694400472852	0.0012875199637622382	49.44593670057429	0.211082553655959
2.284124313117596	0.0013781561633405951	49.412681062110366	0.2110825464102323
2.2869321010080994	0.0012258125699971265	49.46053456540156	0.21108255693016043
2.289273454088731	0.0014420252813477222	49.3858012022813	0.21194147426564694
2.29221523648399	0.0015007521174440193	49.374878305414875	0.21194148628645396
2.295355495415214	0.0011155171132601852	49.53410642751436	0.21060159579716728
2.2974728487677742	0.0013601739115320156	49.41080876820421	0.2128588507189227
2.30023895388213	0.0015844095964811155	49.35491065969724	0.21108254394022632
2.3031164157031387	0.001217868658408979	49.46040187441184	0.21108255337531331
2.3058079257468997	0.0013642929243185443	49.41154180355584	0.21194148591349984
2.308915910341021	0.0015221512386622432	49.395915865039704	0.21108254231077184
2.3152755601749626	0.003569817507806141	49.41765124883129	0.21941709293878084
2.324597495812071	0.005590359435861496	49.322839393830996	0.21575714348308628
2.336783409994506	0.00611503748072184	49.1691476781596	0.21941708416802325
2.3478095228574425	0.005299412246084425	49.24817647679629	0.21663686857724512
2.3621774027656732	0.007690310360487394	49.02774558201553	0.21941707670970673
2.375197043522239	0.007462937284263082	49.06560615731081	0.21782644352601735
2.391062830434332	0.007794999728876811	49.02411096372459	0.21840185543039914
2.4074724311105786	0.007506194739673286	49.00744795761381	0.2189016004704821
2.425220872716726	0.00942261548127322	48.89390240293026	0.2186497961252319
2.452550987474731	0.017175246399345607	48.62300729166738	0.2175972137508618
2.493537388679352	0.02462605672254572	48.45856213853493	0.21654248403657464
3.2205174168955475	0.08667018097618526	47.315083277515136	0.2218927528325548
3.4920111879549363	0.04690761545527897	46.82079464127257	0.2252837254964636
3.6681064653870057	0.01971226899552808	46.88843717330587	0.22609187264545044
3.692370243770315	0.010845971575094168	46.9760722901609	0.22549148733628216
3.787720189797841	0.02371869741615268	46.75485744639011	0.21736435560902384
4.006061702270365	0.0811718446037208	46.45849998252742	0.2147415810533693
4.124267276967272	0.03567018051141712	46.386907726350515	0.22269196768970786
4.221812119039439	0.026412434240523894	46.41529589190427	0.22704852171188966
4.353085784212797	0.07573375083430306	46.13996003468365	0.22591120817313692
4.61344410282642	0.15033819976236024	45.92478983203116	0.22939505896826656
4.964720232634896	0.24481956503244373	45.0887537471664	0.2683977225505535