-2.1755390734765854	0.4136134588825042	50.37494339221713	0.07385553103412647
-1.712428822168645	0.1423916133755411	50.63767623532135	0.07161497236503092
-1.4934373434794366	0.08599890710456697	50.78650265243548	0.07016637199609847
-1.348539630599916	0.06160205771223835	50.53742313167502	0.0734104166660576
-1.240080111382412	0.04798833700194272	51.14926149418757	0.07118817201281967
-1.1533664347631472	0.039302667155134995	51.73733656288911	0.07072183043063317
-1.0811182165030644	0.03327927106952713	51.17731200636094	0.0696755604385851
-1.0191921965494575	0.028856774469055508	50.237843841816925	0.06964998239524305
-0.9650043268452135	0.025471816390246056	51.26454068211123	0.06887342506736222
-0.9168337409810371	0.022797610512999486	51.180313002829834	0.06898581774360138
-0.8734766295840758	0.020631567175093967	51.31116640816735	0.07287718107641292
-0.8340577791965873	0.018841408598794768	51.32652168615093	0.07011455396083548
-0.7979209870464881	0.01733710485148573	51.605226596188665	0.07049436055152508
-0.7645614549032398	0.01605524893256166	50.91137010314931	0.06968607194538569
-0.7335825937384696	0.014949896376756769	50.853370294631176	0.06820809092819115
-0.7046671104407711	0.01398693958883527	50.89061177312016	0.06958930577675314
-0.6775572570785076	0.013140528901062983	51.00108101499782	0.07529973423793893
-0.6520407038656209	0.012390712851590963	51.56274577200396	0.08491642523575393
-0.6279405010854089	0.011721848115539025	51.4723975050215	0.09040975219584733
-0.6051076803000316	0.01112149751071231	51.28054666498766	0.1230499216051742
-0.5334990866663628	0.056585600062435897	50.87616067744986	0.11861545622186631
-0.45597139922147045	0.023667274213035744	51.05629948457738	0.12003907798335314
-0.383481419940638	0.04673422537782408	51.000323824007864	0.10951677730954235
-0.32720365672476365	0.01172976310228105	51.34861649245325	0.11120847663143472
-0.29336738630329345	0.021701160866387355	51.06140991717091	0.147032703025285
-0.25199936130571987	0.019729448308414794	51.218207843058075	0.11608373424359426
-0.2142313533042975	0.018086183520332113	51.2424965340276	0.11360086757040738
-0.10313195328644031	0.08402311606764365	50.83475861088072	0.11940377840202976
0.10004612453527861	0.10964263607296088	50.728997534601355	0.12315064455678598
1.3369416750676373	0.005506206376114476	49.58387594350051	0.08979242967551121
1.3480460260086706	0.005227836704885537	49.63505589367877	0.08979242108927134
1.3623156364474356	0.007747124018162097	49.49588492280947	0.09054597505813573
1.3761893257011777	0.0065804833070973135	49.598416150293545	0.09054597678950445
1.387642084072854	0.004944738427804675	49.64575055242685	0.09132400319592182
1.3976804035610728	0.004679814080531968	49.51263690213633	0.09054597802740959
1.4087971863770432	0.006333382655451001	49.325908045940295	0.08979242861365011
1.4196417496679825	0.005439186453928605	49.38244265565643	0.08979241763703191
1.4298990259007132	0.005076242556266155	49.40592844432939	0.08979242454159943
1.4396939745144868	0.0048727532905518045	49.42832893755837	0.0897924297310546
1.4499739070747921	0.004264032060283334	49.47583671640108	0.09054597845562748
1.4572840853740128	0.0037136065207218592	49.519589482347506	0.09054597348767766
1.466623496741303	0.00506298193304922	49.39085021795151	0.08928362082977441
1.4753691353124303	0.003973332494008474	49.4723399153375	0.09054597230970017
1.4839738366135338	0.0049507605127215425	49.37396707545368	0.08979243762738008
1.4941758314316795	0.004970760497333979	49.35796887880018	0.09132401755442579
1.5027013900491895	0.003561782207285974	49.50660773944235	0.09054597342933914
1.5096433636861564	0.0039087741541150335	49.46505510692327	0.08979242182764868
1.5179362702392498	0.0036002710956389355	49.44590555597728	0.08979243470587311
1.5249912334252431	0.0036514728972487716	49.387569491133746	0.0905459791992582
1.532436067069483	0.0036623340638110044	49.37450127721086	0.08979243272139914
1.5396119951281566	0.004158206484007516	49.316846016466364	0.0897924235856396
1.5469495532961677	0.0031344837790622903	49.424924621265106	0.08979241573933582
1.5542422618140321	0.0038143323020246567	49.35236645059243	0.08979242598979653
1.5626935818738916	0.004745933521298857	49.26786686321107	0.09132399542905043
1.5725193299046714	0.004630528924983848	49.29293566948524	0.0913239956579973
1.5819614422351793	0.004742397858135036	49.28696408332277	0.09054596643527163
1.5913016992104851	0.0049138980243205645	49.26644047671594	0.09132400608459233
1.5996374323542342	0.003949393642367752	49.36147979194025	0.09132400741983543
1.6068512891675977	0.002942263537054002	49.48762125381358	0.08979242495183652
1.6138263711345124	0.004030699931041193	49.314276875069666	0.09054596150674571
1.6230388827719695	0.004914537232368247	49.19778210053808	0.09132400031656795
1.6311863068344383	0.0035661660746761385	49.362090561588275	0.09054597395586869
1.6397947682476248	0.004494403528580675	49.27936738823365	0.09054597641418305
1.647375508074226	0.0035009706946095465	49.35763446338952	0.08979241421007302
1.6558061643186601	0.004418631804110518	49.2056557539897	0.09132401862571246
1.6635343991329847	0.003823948309360241	49.24891120850451	0.09132400555282316
1.6718892694295433	0.004269744992627595	49.19469936451096	0.08979241588305556
1.6789603661013248	0.00338404901620826	49.278479213558995	0.09054598995517016
1.685223399005639	0.0030050297650704993	49.331489758078035	0.08979242230241226
1.6932756879403077	0.0043764852847172474	49.14713712538689	0.09212752300747559
1.7012665382665033	0.003857276738924692	49.233923686944806	0.08979242480643453
1.7091238011568612	0.00356290800947824	49.289854111612925	0.0897924343579846
1.7166797756741938	0.004492783797237738	49.18061843489447	0.09054596291450454
1.7241091398659072	0.0027958648564394514	49.35038432798086	0.09054596727309996
1.7321712945054983	0.004996520965611892	49.06398330211387	0.08979242108545601
1.7407440325181174	0.0038418493046377907	49.183001878128835	0.09054595399840605
1.747852641603639	0.003160254665519573	49.27125903349842	0.09132401150518607
1.7541908174096168	0.0033563804793617976	49.25065502921367	0.08979241177920563
1.7616607389045278	0.0038213192126833086	49.172649771368604	0.09054597122222698
1.7683929818025779	0.0029342631846242264	49.2730074235845	0.09054597048215414
1.775400029354727	0.00442009386437616	49.08586443051139	0.0897924432727488
1.7836405754454905	0.0033601076513248493	49.19240781104743	0.08979244397962213
1.7919706661290156	0.004280251009659068	49.1048076784821	0.08979243033090409
1.7988998917049894	0.0035566624868362796	49.192795702423595	0.09054597352465567
1.8057785907391626	0.0035666216809879404	49.181685237905434	0.09132400672376151
1.812957954011214	0.003806508494954202	49.1543097766841	0.09054599446009658
1.8215014517654367	0.004480911930805363	49.087004366449435	0.08979240985023881
1.829645176024009	0.0039429856806934074	49.12338396140676	0.09212752628681177
1.8387870653894254	0.004763286602980474	49.02892796783534	0.09132401912106694
1.847057816915071	0.0035995539769709786	49.13859637267026	0.09054599487316509
1.8539931522925395	0.003324199789633925	49.167741702874544	0.08979243186938754
1.8610077297734882	0.0035228429499893875	49.13181773302851	0.08979242088669331
1.8675626302903576	0.0034504080569992	49.144542211494155	0.08979243170832059
1.8752692037551753	0.0036095693670510844	49.139024210186825	0.08979241862551864
1.8823204054254612	0.0038211441450848155	49.101062048466844	0.09054596323666594
1.8898731063923626	0.003763271195015603	49.08084449801055	0.08979243359009963
1.8962952609526118	0.0029797460547982555	49.15698465678433	0.09054597558924478
1.9025771865032919	0.0030103791215651664	48.96383803961393	0.102309603928253
1.9081235614529342	0.002740203151348999	49.17840588376983	0.09054598748642634
1.9146699069050874	0.003533417525630659	49.059540569165975	0.09212754983077809
1.9216236473544481	0.0032714327742138245	49.10696569088713	0.08979242153030077
1.9284857034588745	0.003976969249016609	49.01307332654559	0.09054599640997442
1.9359055284540845	0.0028592005392143608	48.95792454966994	0.10390171616178032
1.941400222997407	0.002968603192172178	48.9272304714264	0.10078872737956454
1.947889067908704	0.003498910486827523	48.9894896584542	0.0905459754284009
1.9543007918542825	0.0028870864339139036	48.91583703627166	0.10078872280598501
1.9596507966234582	0.0026290534425685535	48.969093781405334	0.10078871773744269
1.9651257164233868	0.0027516910340516037	49.14078011138018	0.08979240302646177
1.9710374465174811	0.003421332215303528	49.05269480572865	0.0921275365275547
1.9776015259096726	0.0027130141655647166	49.01476285481042	0.10078869605199105
1.9835520252006713	0.0032926079129333586	49.08816788583671	0.08979242471358981
1.9901033495708242	0.003016640044438415	49.10566156972243	0.08979245002987854
1.9956198558198657	0.0031187074642121436	49.08192523081929	0.08979241420735938
3.1839317814239148	0.003687550764111191	47.515849075973144	0.10716768323575615
3.191753918345465	0.004162122496398083	47.251524659193194	0.16417130436859975
3.1991426868431687	0.003177282794014555	47.6088506197851	0.10546179444666733
3.2063367787112003	0.003896784612532935	47.51278803001419	0.11279725722765611
3.213020082171312	0.003774175670598602	47.52517911906931	0.11486315226820676
3.220257501895731	0.002895112547253403	47.61154799487445	0.121722153610695
3.226654137324739	0.0030271428115984478	47.48788374936052	0.14652150951573453
3.232344138365241	0.0032153342401058946	47.525247549224076	0.11931808173949282
3.2392200652567253	0.0033453167302450355	47.4712357610246	0.11703437206793853
3.2475676724914657	0.004990947532117288	47.08267130540885	0.174931685040662
3.256830324178282	0.00394473175049375	47.333971770499126	0.12172217697769373
3.2628128774660734	0.002737377163495296	47.505600825140775	0.11486315760162064
3.270211817508069	0.004327692230703498	47.27822394837233	0.11931808238454981
3.2774401745389135	0.0032359196690830523	47.36513608235299	0.1269266743669302
3.2847597695411146	0.004118697684791243	47.2713390188035	0.12172215479451516
3.2920927090152383	0.003085268409879577	47.445345490340216	0.11083000865257185
3.298452279016275	0.002892558524837874	47.45783418241665	0.11486316936517821
3.3043962952948878	0.0031468227395040895	47.40297230589481	0.11931805978022765
3.3109770082910166	0.003676825140866064	47.373411199718305	0.11279723176273311
3.3182340676496787	0.0033741439877680306	47.39894797436317	0.11703436842834151
3.3251246381628397	0.0033656631472278463	47.446111509304984	0.11279724838303685
3.332165427163126	0.0038356104835656603	47.392497880179675	0.12425523127028786
3.3390929409335444	0.0033056732530373574	47.521465581471155	0.11703437150337416
3.347507981358184	0.0043940668595395934	47.22984158775182	0.1465214907687664
3.354860081008069	0.003374219062922912	47.38807947026764	0.11931807901120302
3.361580281194122	0.003909756405796505	47.30356105879309	0.11703435980012153
3.5303803428090452	0.004260282803713848	46.94239696898828	0.1505201125827944
3.5386756590052952	0.004900501286770485	46.80170843485581	0.17493170403888955
3.5477626994727736	0.00383144548746185	46.96076089204327	0.15477813566742088
3.555292244631641	0.003397454731526383	46.94103526605417	0.1809143762698482
3.5602839404676665	0.002414913756865894	47.207448227821956	0.13921959882512044
3.5662828600133283	0.0034333557037835504	46.972870479043344	0.16417133921790383
3.5727473425204943	0.002543718841308148	47.193282420311455	0.12974686401451663
3.5787116510528563	0.003038211238826337	47.04562526865108	0.14652150820146678
3.585316491722777	0.0037360096365254467	46.957689042573875	0.1427611007288497
3.592185725033863	0.0033659010900321975	47.04594967974259	0.1327271242996248
3.5988091791585344	0.003664648300714821	47.0535743401332	0.12425523935733701
3.6068203977151256	0.004243339382961811	46.92872242031933	0.1465215290090288
3.6162002015273655	0.004734324994394031	46.86600060867373	0.15052011652718356
3.719065334214063	0.0032911585557429974	46.94507369074157	0.15477813704876894
3.7250985506704968	0.002960304347681472	46.885683463584485	0.18735684847621648
3.730165169593482	0.0029791592537528303	46.818951057526576	0.17472604024252197
3.7358892586682915	0.0019704260834353506	46.97592793434781	0.1809143811876164
3.7404511557794065	0.0027469810896908714	46.756353244943796	0.17472605683501852
3.7450620047069334	0.0020497910869560114	47.00035044281121	0.15052007171279547
3.748594630242768	0.0014356829554070351	47.200318499781105	0.13588013901588936
3.7522664577920892	0.0026741340237328485	46.83210051775794	0.16936385532833914
3.761850998441985	0.006554549902246867	46.51729023179219	0.18213172840628225
3.771878425731078	0.0030111927831803177	46.81999487916094	0.15477815380250196
3.8497541306735847	0.002940750608523925	46.67144068364416	0.17736651202188844
3.8597719134576796	0.005962705506231763	46.51024233926718	0.17820119061394032
3.8673877993989985	0.0022471622226629823	46.87350539318493	0.1693638237651193
3.8711855273571727	0.0017199627927301862	46.97114491369392	0.17493171491129805
3.874399129337628	0.0016179593791060755	46.947577673297566	0.17472601077489713
2.018506872975393	0.014925334125525254	48.8270904995764	0.11532708658021763
2.0467905058553972	0.010876945631534149	48.986021178799476	0.11263002463509028
2.0683439375828945	0.01035031401661521	48.99280820099641	0.11414044678522013
2.0897075364655477	0.011261528474046528	49.00197919333157	0.10923483209265587
2.1105105135783515	0.010734810001598637	48.944188806403744	0.11299568869556935
2.130910113752662	0.010241725003192557	48.90665461872766	0.11453175660115321
2.1509105563752082	0.009781249101760463	48.90786263950261	0.11336516380308738
2.171009134995125	0.009338434765566159	48.95036913047836	0.10861253166467108
2.1896650007129796	0.010064337230200317	48.851053318087594	0.11453175414487837
2.2175123892404422	0.015732094320799365	48.67367122359881	0.1115514429596252
2.2391498697666963	0.006984697367953013	48.94883227567933	0.11492724873974335
2.254934926787122	0.007697475185578453	48.87120341064019	0.11616889873615197
2.277275443202899	0.015537257282200038	48.60367400760812	0.11414044647651471
2.3054825622022443	0.01284743320925279	48.71840253531685	0.1129956778832323
2.328391269188647	0.011374601489718155	48.67956685668807	0.11573120492911289
2.3473467667114356	0.007000086626106967	48.847242215527615	0.11337024710720262
2.365364201369496	0.008954157236416379	48.69462229116968	0.11574904645060177
2.384954750739313	0.012838829341136988	48.50737618380157	0.11702283651209115
2.4113531622185347	0.012081671263272531	48.513953053260224	0.11492726686752107
2.44044818221107	0.015692682524364624	48.37936779008246	0.1126300164131012
2.4683628251579317	0.011183720177752647	48.48335422500732	0.11834044766463431
2.4910284730388152	0.013967442683692727	48.420925620294874	0.11702285614114785
2.5132667181525505	0.010085362569312346	48.537318840484616	0.11702282965428792
2.536404316739021	0.010065319774421573	48.496406211274476	0.1119098431007618
2.5573109861576158	0.012469975270845125	48.28817353576267	0.11574903037080146
2.577689329485178	0.008694986347054248	48.43550230345665	0.11616888769959823
2.5970463008977958	0.011379685967700219	48.30561263271696	0.11745706003546799
2.626095861504714	0.014737014117962065	48.18219496860599	0.11659347240678475
2.6485057884980887	0.01049685582438535	48.31004203791001	0.11789622824935005
2.680134016685839	0.019518721912371962	48.312376743540554	0.09385746617351892
4.303468809449941	0.0016176758075477683	46.55819326187798	0.12864954254453456
4.306847714647473	0.0010672468686260207	46.73002785503246	0.1290631757653731
4.309233454308747	0.0015284171814829222	46.56966727554871	0.12927144403334462
4.313119577771955	0.0027939728255401354	46.51656197419509	0.11127126918355441
4.339031191102413	0.0019503266855033178	46.47232579559452	0.12661538326318303
4.343445235637806	0.0017579481945985515	46.511473264001296	0.1258703920081121
4.345889232506914	0.0013500811386684935	46.59136335944635	0.128644634760886
4.348816033897702	0.0016820818106979185	46.49135295624292	0.12905316917838477
4.351967234833749	0.001269725039868933	46.589473333195166	0.1333531253191677
4.373997627082204	0.001294730553142369	46.56244379008823	0.12884213006039613
4.3762182707355	0.0013609024431034736	46.52345688608292	0.131122375469925
4.378966430666772	0.0014318649466899924	46.49291553658631	0.1292482803384015
4.381730034306787	0.0011784646419252802	46.55430993428746	0.1300717569532092
4.385038622309053	0.0021307055642605425	46.474846967945375	0.11252835773841577
4.406482603080959	0.0015068642933071088	46.44633513452686	0.12965639876805793
4.409576618174456	0.001819663017203444	46.36503961821719	0.12965640387135857
4.4148091264696285	0.0035197897773371657	46.35992615612512	0.10482958034866101
4.438523152597773	0.0022130319693363823	46.26398718280461	0.1296275593137849
4.444725626040738	0.004257608317034308	46.17566423983634	0.11016469030156671
4.465464357457523	0.001552533856301848	46.388984470637055	0.1299395549006077
4.469166436671456	0.0020446383255945904	46.26619977216165	0.13081402228365036
4.473578423821954	0.0024349603093249688	46.2876691027125	0.12169572150363508
5.028253391475145	0.059766974927070705	45.34087814204819	0.12919615213684021
5.107845999708786	0.04342552080558639	45.579596839485134	0.132058448336435
5.193348078049288	0.033698436070049076	45.426876703250045	0.1352492304255961
5.306090859746451	0.06138176823419441	45.05512239235142	0.1369699448392903
5.621333402846925	0.050772106172472034	45.077476914231205	0.17418677391539023