-2.0453232450424137	0.4136140458657998	50.695337732984925	0.1388011951228029
-1.5822123774019536	0.1423916133755411	50.200143475655146	0.1370679087417558
-1.3632208987127452	0.08599890710456697	49.940187669177064	0.137330279528225
-1.2183231858332246	0.06160205771223835	49.86912439178317	0.14070111220873752
-1.1098636666157207	0.04798833700194272	49.96861053784862	0.1371007120117333
-1.0231499899964558	0.039302667155134995	50.00270204272917	0.13652501724298774
-0.9509017717363729	0.03327927106952713	50.09610363876248	0.13699168011452703
-0.8889757947827124	0.028856777326194773	50.25783586371225	0.1378575873719632
-0.8347878820785222	0.025471816390246056	50.545191663946426	0.1356908167762725
-0.7866172962143457	0.022797610512999486	50.5987528171205	0.13526711612512507
-0.7432601848173844	0.020631567175093967	50.37840643729062	0.1379610870720435
-0.7038413625057831	0.018841409816837597	50.536187916333446	0.13645979595063398
-0.6677045422797967	0.01733710485148573	50.86231148709534	0.13481916644805844
-0.6343450101365484	0.01605524893256166	50.9442261837311	0.13758561414955425
-0.6033661489717782	0.014949896376756769	51.09034424300937	0.13525765377566948
-0.5744506656740798	0.01398693958883527	51.13087036381942	0.13424332759538235
-0.5473408123118162	0.013140528901062983	51.80533711691209	0.13553003790827406
-0.5218242590989295	0.012390712851590963	51.32243063006828	0.13526347121444326
-0.49772407378563244	0.011721848586980723	51.00313618915136	0.13519276518184192
-0.4748912355333403	0.01112149751071231	50.9164019518182	0.13477284900332073
-0.45319911690561254	0.010579646343671825	51.58185861780751	0.13633466062086785
-0.43253912675706274	0.010088141384283223	51.24032223892247	0.13734200970475605
-0.41281747668053953	0.00964027693767542	50.98931937057746	0.13677482551218856
-0.39395264833274396	0.009230488419610541	50.73966823061954	0.13683457561423665
-0.37587326814606503	0.0088541179186277	51.001593797631465	0.1367570943578071
-0.3585165369100305	0.008507237754742722	51.60683862987738	0.13799674979283438
-0.34182688610596557	0.008186512316493522	50.62966891018468	0.1367360953299455
-0.3257549544547791	0.007889091404345249	52.22006004292736	0.13747260096949293
-0.3102566321878054	0.0076125238385397935	51.36880125358699	0.13689594872464642
-0.29529237099727634	0.007354690550270386	51.584744757132725	0.13668888710786065
-0.2808266077948414	0.007113750698155594	50.88224834763434	0.13795816390684884
-0.2668271880970702	0.00688809647982279	51.10063454387504	0.14063302614628176
-0.25326498085879795	0.0066763179985097525	52.19087815301371	0.13911650486109267
-0.24011349250320743	0.00647717343381777	50.93060428527529	0.1389321167988974
-0.2273485944920811	0.006289565263626177	51.743798640922876	0.13778090959417993
-0.2149481977062476	0.0061125191276058055	51.7297507311925	0.1388382872439381
-0.202892062122083	0.005945167507721491	51.13666401173225	0.1398669219931282
-0.19116157948374243	0.00578673524463275	51.07587713230744	0.13963723185627822
-0.17973963540689203	0.005636528001401511	51.5498134137292	0.1380209139074202
-0.16861040647004474	0.005493921376153434	51.70852907123147	0.13953532922363848
-0.15775925573374208	0.0053583526090676395	51.614888764459536	0.143826653749482
-0.14717264038346237	0.005229313440307428	51.69671267406161	0.14062600275679016
-0.13683796136894524	0.005106343131854079	52.104786736060205	0.13839676801226833
-0.12674350591220018	0.004989023382104613	52.448795467348674	0.13926316273323558
-0.11687835225505255	0.00487697338687222	51.71880538463617	0.14172240720161774
-0.10723232795309962	0.00476984604207243	51.12846367102983	0.1391244507317411
-0.0977959025597232	0.0046673238481801755	51.58198235278223	0.14363169635880224
-0.08856015387725946	0.004569116034985563	52.207117519995684	0.13905298992545137
-0.07951673727868314	0.004474956012877085	51.58871028703644	0.1458225307332242
-0.07065779897513025	0.004384598514854643	51.56212165589851	0.15202411165833557
-0.06197596277190698	0.0042978177602165865	52.25504608508707	0.13881870961788292
-0.05346427993273695	0.004214405435173458	52.72654798307916	0.14832053830820655
-0.04511622106534069	0.00413416927038523	52.74004846461113	0.15426878774472502
-0.03692560787045923	0.00405693118680591	52.459990552240164	0.1448658689351463
-0.02888660528325343	0.003982526173724244	52.34054038610714	0.14457849611493384
-0.020993713993074647	0.003910801269015972	52.41253795093581	0.15051130549155667
-0.013241711816355528	0.0038416141755364033	52.14083273873352	0.1517354569983655
-0.005625657056909206	0.0037748325433135835	51.635225187397005	0.1514911094300126
0.0018591419895025996	0.0037103330208440566	51.491018937152134	0.15073954659146424
0.009217122145228296	0.0036480006857818287	51.71417817117461	0.152685053265217
0.016452514680853403	0.0035877280722309336	51.78628211004505	0.16350935126829616
0.023569337489495912	0.003529414746818218	51.91083678222766	0.15833350738901045
0.030571419286350987	0.003472966659950633	52.01796478962002	0.16123487978522588
0.037462391163048836	0.0034182958069263725	51.70234383484253	0.1642382943254463
0.04424572925811138	0.0033653195169967656	51.52738281609095	0.14972325099754902
0.05092474924327528	0.003313960168531097	51.1780847086189	0.15622102021080628
0.05750260145883945	0.003264144919017095	51.46198864557899	0.16581391337634732
0.06398230974682434	0.0032158051301244108	51.89184090945883	0.1552356458242083
0.07665871494643522	0.009369891743266436	52.30409758950489	0.15088388292364732
0.08897558287321822	0.003035962833377976	52.795914611521	0.1503038125169341
0.0950054571024041	0.002994101896469735	52.72877380717776	0.17018277430498807
0.10095275154980549	0.002953379675892138	52.76261752333033	0.15959467746447267
0.10681970185209688	0.0029137503023361887	52.516405993612665	0.15434976160250408
0.11547414631711156	0.005712521962639865	51.87172677899855	0.1691432425557754
0.12675149459734314	0.005566093975657348	51.303159217645145	0.17832385190852051
0.1377434018689293	0.005426985075387417	51.312924860243115	0.1659594294536521
0.1484639558713734	0.005294659956078627	51.286221358459684	0.15494352202954778
0.15633420338822146	0.0025997873728379824	51.327847077414496	0.16286587545458905
0.1640643580620269	0.005107844542821174	51.18604232707265	0.17071533536266525
0.17416174919854865	0.004990456563842743	51.35415265643797	0.16894564467685544
0.1864620474238583	0.007276645886133252	51.5417807646962	0.15636678435318022
0.20776105951638923	0.013856776887700662	51.45147753189409	0.16737114086944127
0.22806416176540267	0.0066119433872043965	51.707732123854385	0.1641102926272091
0.24746034111289072	0.012646284352177796	51.36652311740114	0.21777800233272737
0.26400295355184666	0.004057878838263376	51.90104867773288	0.1620044209917038
3.109841071201785	0.019951387609234286	47.102893985401074	0.1617854767165074
3.151721164264042	0.02108194454103275	47.017661350914224	0.1632284538677296
3.1834373093998516	0.010564121501433302	47.29328634352754	0.16296526013213616
3.206045439971397	0.016132383383285365	47.08854359112585	0.16322846088435486
3.2376939050826428	0.017565901971906567	47.03216592784505	0.16190676665181847
3.277710961464746	0.017868099818846715	46.94853147140848	0.1641742245223584
3.312766038970238	0.016936550866598035	46.93752819425134	0.16403674331808984
3.5759156374355676	0.004713259066711657	46.90191880633222	0.1628536986389842
3.5857859529174148	0.004667962828838459	46.77271838837653	0.17267640091742673
3.595705465626034	0.005510610773470101	46.76804155157977	0.1676756751895971
3.6082619034623953	0.007541041051530834	46.541328965437046	0.1736419926273428
3.6212978136299787	0.004692491848761453	46.789396243783635	0.1683677683900527
3.631131104180632	0.004478205801660494	46.86923878518761	0.16313479556223023
3.6391820864097677	0.004610405647949864	46.71615970592249	0.17413669847053811
3.654153572365763	0.010099230357342998	46.5511579061478	0.15984593352349535
3.7986786950888027	0.00501277148244413	46.53368789095076	0.17263982271418207
3.807142724026185	0.004661107365845102	46.553894628954325	0.17318496270218794
3.816311126016974	0.004955941019761872	46.521900432974924	0.17263981681246746
3.827665580750128	0.005731117739717967	46.44663308972841	0.1729111392433499
3.8418799743924628	0.008975245180243448	46.48170763526933	0.1562809189133221
3.949190962521786	0.008060631818665828	46.337584976119594	0.17438864990022487
3.9668228001208274	0.012983773236468684	46.40646338942561	0.15447350038343044
4.051046369303146	0.0033227394397870352	46.470015451936185	0.17329376326864232
4.0575871994269885	0.0030480441125020543	46.4956693030803	0.17329377072710625
4.074018799147819	0.010281769336924887	46.15100036439162	0.1587435923742994
4.188962995427072	0.040873151746502724	46.03190560925041	0.15766017755060735
4.274932446091775	0.00632493508845808	46.10588523402957	0.16357362310052925
4.363442709004659	0.030460743599929677	45.889121848789685	0.16020183106451621
4.4232607716521475	0.007429937598869963	45.77129445529903	0.1960404519879638