-1.5309727452349393	0.42999453552283484	51.93218177980619	0.11926664321613223
-0.9321497503920513	0.21660572811606726	52.04597148652257	0.09910508925673185
-0.7150926588340101	0.039421586703188946	52.34343801878048	0.11948097626836889
-0.6539094651770784	0.022827568137089745	52.52446343092126	0.11483975222148428
-0.5903182109255433	0.03943650226543223	52.40422129982868	0.11644117103939397
-0.5095787375077016	0.0409325620423679	51.861066010481466	0.2181633907395717
-0.4345790325664528	0.03444048223632162	51.985664131372985	0.1035142517592377
-0.38885598560692675	0.0123995569665434	51.905967428205614	0.11684387839724496
-0.3647390628499432	0.011729763220300685	51.77324965293991	0.12472183739443232
-0.3363622502633777	0.016481764024898215	51.58062905001041	0.12007821862489983
-0.3149244869056562	0.005229313440307428	51.80234243705075	0.11211503398839315
-0.27978040764484774	0.028936889438636017	51.289637283613565	0.11634894915423442
-0.23840964549732413	0.01315379554456393	51.349495362634386	0.11384352673143232
-0.21286806758753457	0.01240250781115569	51.236420724770866	0.13114884960395706
-0.18874556051526853	0.011732403807047915	51.33627274846288	0.11114259969620693
-0.1406673560418371	0.03500963177545566	50.938037197761425	0.1512123754728388
-0.09109313188603008	0.015616486249934225	51.28157990263562	0.11581381323559432
0.013831806673693103	0.08094729118430767	50.981485679230744	0.1089419451057693
0.0942174138174775	0.00611538815644389	51.54538417780346	0.11920696144778951
0.18742204728764378	0.026315893629923558	51.360853519056	0.10994437301148298
1.7731443618722136	0.006660401706364725	51.79197763045283	0.19273970371310795
1.7830217839247304	0.0032553148974487326	52.04465085717421	0.1118169077416045
1.7943904820806595	0.008049981737331246	51.52129541341738	0.13491517999009278
1.810199196592152	0.0077622241655519834	51.265288658869395	0.12100628049414375
1.8184702062070788	0.0005769540679189533	51.689600954478266	0.11623915306603116
1.8201593158017457	0.0011111146378028102	51.534027185131414	0.12996806498189262
1.8218037135282337	0.0005343730029926563	51.801271441010336	0.11738109464749101
1.8244673931808746	0.0021244221493334358	51.672144592420196	0.10456055035451171
1.8271148350955253	0.0005278777871832638	52.017754388629285	0.1127428719042866
1.8302706083850018	0.0005240558993148599	51.90310365746229	0.1167858224986385
1.8348135375352903	0.00014817216982583394	51.74847237747144	0.10702838184351353
1.837840493796499	0.002869289016104409	50.77923125358834	0.10638501193741312
1.8435414890003703	0.002831869921009024	50.247675234827156	0.14198673851052726
1.8491686157160283	0.00279541424474881	50.576866182515865	0.11536499078705167
1.8525955691310971	0.0006400252720667524	51.01218030151248	0.11638853034903818
1.854723763728203	0.00148609205926402	50.871708940235195	0.1267805571862355
1.8567007133393287	0.0004931142004040637	51.165981671836775	0.12152434554837921
1.859544400866836	0.0023445018985185557	50.89465275057509	0.1166230444702543
1.8620565856682367	0.00017395367394549343	51.52563621701025	0.11269346905512155
1.8730493171723877	0.010685169690034196	50.89748926283492	0.09881787047023684
1.8841014733266237	0.0004960323175943351	51.652751788508084	0.11926533169967989
1.897612666388557	0.012822346593193116	51.009659135373326	0.17125602055429454
1.9164938500867013	0.006199800378428117	51.623919336840416	0.11576643280870177
1.9227708378738486	0.0001210066785495821	52.53205195992135	0.11985058216373802
1.9234358651663748	0.0005436968625297074	52.25281887872258	0.11671011273616544
1.9292565283548762	0.005245372395456744	51.77129489136055	0.13017945765817718
1.9371127058157647	0.002634207552301482	52.102214353735874	0.11383515914295647
1.9408430674414838	0.0011027084843613453	52.33818091124274	0.11550746853802026
1.9441962518472964	0.002246045437360879	52.263848268079606	0.11092276886663166
1.9486652698920512	0.002223051478933971	52.155815345105886	0.16061772635649207
1.9530887684377667	0.0022005235521872727	52.3930203636958	0.11999750591664114
1.957467665425621	0.0021784476312660794	52.34056271046964	0.15738421444320716
1.961802851309174	0.0021568102475509896	52.56960701355808	0.12103037683696555
1.4473976321200626	0.0028201820809801866	49.84171192015215	0.0853884102135448
1.4526312145098226	0.0025117794533157083	49.8863501226014	0.0853884165090546
1.4574669965937006	0.0022123860965106118	49.93006930828507	0.08628275147138063
1.4636797336504639	0.0033911571448882677	49.737443527787555	0.08628275801800867
1.4699979557640594	0.003380792007387059	49.72574492734327	0.08720832590560855
1.4758998000237618	0.0026537373201054354	49.80568114700117	0.0901867743973445
1.4821941549181499	0.0033768587067466056	49.71899543820836	0.08628276225851222
1.4880365467209005	0.0030642087375446214	49.760828247778065	0.08538842335999927
1.4949006653139805	0.0035448476834453856	49.67827131133498	0.08720831471679523
1.5027813423301593	0.004139529038413505	49.60308170849618	0.08720830985367807
1.5111034829117893	0.0038287385913016395	49.640739794173356	0.08538840735185704
1.5180763171230212	0.003262700859393792	49.703560346414925	0.08538841563898898
1.5253206299401876	0.0038300770986614604	49.622267207981444	0.08628274054580586
1.532014844212328	0.00353716943826858	49.657549410277056	0.0853884120682834
1.5399644324633546	0.004606944853482161	49.5244603883624	0.08720830324460238
1.5485201339909536	0.003877917038934277	49.603382686273775	0.08538840124897262
1.5584951588666465	0.004689211601066494	49.51147135743428	0.08538840878052671
1.566525101265887	0.004510553268357073	49.520415002826034	0.08538840857865385
1.5749790122543643	0.003913185117299636	49.57830952494025	0.08538841588296657
1.582831662511219	0.00372064289338712	49.60172631249816	0.08538842832099976
1.5908372872192136	0.004026237923104567	49.56292490971522	0.086282747514709
1.5983086504673902	0.003287061969705909	49.65867795165748	0.085388413615047
1.6034884057676082	0.0022227098952491858	49.82412633005737	0.08628275414575275
1.6068731357204784	0.001418127430473607	50.02659628400842	0.08538841380469854
1.6097094998531365	0.0012440581558121767	50.085196960760406	0.08628275523749311
1.6122801871075756	0.0012691798416801445	50.0943375770188	0.08538841459207855
1.614460600070626	0.0009874943593788077	50.209052975307614	0.08538839905078204
1.6161829880023781	0.0008472319769023115	50.254866007111175	0.08538840240309883
1.618020636851136	0.0009153576366553475	50.19980215654631	0.08538841759948818
1.619762421264687	0.0010180581313683583	50.14696980823848	0.08628273394621862
1.6218300754620987	0.0009678545456441297	50.18661393488611	0.0872082970839591
1.6238367550590127	0.0009754352510252928	50.2187938811323	0.08538843073297887
1.625738297522308	0.001005644350660793	50.1969968908099	0.0862827395039141
1.6276046899038017	0.0007506258054226992	50.32036486637985	0.08628274950088931
1.6293055590279806	0.000954310417303477	50.20421556953143	0.08720832801623472
1.6310738204061275	0.000757977538483576	50.30246864330025	0.08628276412527099
1.6326726933528495	0.0008761408852415827	50.23959427887315	0.08628273370014294
1.6344243876742344	0.0009019951016087563	50.24384357447426	0.08538841189351078
1.6362392709347302	0.0008543459632951314	50.29427132088551	0.08433755314682205
1.6377347245257223	0.0007828882171459662	50.332686912511406	0.08384044402482072
1.6395794088446463	0.0008681244156242297	50.25019060942005	0.08538840861283695
1.6411212912242934	0.0007319634934017448	50.37655669273109	0.08433756022725368
1.6424760568968189	0.0007715035356991908	50.392214047786005	0.08384045870228936
1.6440450675600198	0.0007874005005193746	50.334687046809144	0.0853884322427625
1.646026285197941	0.0009840617439069313	50.18124127957174	0.08720829959220837
1.6477763295871874	0.000975830611112404	50.34219634561421	0.07690844801041419
1.6495761011071866	0.0007873667622361535	50.243325792851586	0.08538843091207012
1.6511084052575955	0.0007690431178724804	50.28829480128284	0.08364285282609668
1.652756455121086	0.0008154217741393066	50.27731361687674	0.08538839672165431
1.6544094986061773	0.0008473983920942653	50.32426531115544	0.08485318873274579
1.6559919765339786	0.0007268948010817844	50.37783099575823	0.0853884060748192
1.657518565162971	0.0008789638011936515	50.27933736172804	0.08538839255387061
1.659278493867028	0.0007866195949397964	50.31112674652947	0.08538843420100914
1.66075211659116	0.0006982315312701512	50.34363334088728	0.08628274655756243
1.6622758712704375	0.0008624991138334305	50.411774258138536	0.07735412754653931
1.6638190114617963	0.0007235220969203674	50.30347932529783	0.08538842117954344
1.6653840481924542	0.0007906858846396226	50.32716577347604	0.0811949607704929
1.6668207721284183	0.0007444440551765805	50.340551128177545	0.08289779716836881
1.6684293879793428	0.0008028201946927251	50.286195390185696	0.08538842484265236
1.670107851667485	0.0008213741580056264	50.31067689043732	0.08485320376290878
1.6716531256846985	0.000680923696361707	50.4050182831093	0.08538842619786058
1.6731552987185212	0.000838473780522729	50.336212851406074	0.0853884312495805
1.6745906915747095	0.0006749941990133062	50.41886926550647	0.08433757995107118
1.676176173192214	0.0007779515978811529	50.30304060566153	0.08538839852739843
1.6776441912613003	0.0007713367043026359	50.29625376631903	0.08538842800031794
1.679345773566104	0.0009034389214997825	50.237206021140054	0.08628275044071992
1.6811436262136301	0.0008522148299529795	50.45259732992472	0.07735414116288716
1.6827632405858008	0.000914757954353228	50.43479757298166	0.0773541073858773
1.6845287050631923	0.0008560699229154283	50.4607737914859	0.07690843552977772
1.6862218325228986	0.0006962731052075985	50.39646847913858	0.08289780554343283
1.6877213132429454	0.0008900808428439321	50.406789716310286	0.07690847970173097
1.6893735866449713	0.0007132441327933249	50.341809793083854	0.08538839774654776
1.6907048318025903	0.0006620224679122114	50.38926406517963	0.08538840841723262
1.69205516611807	0.0006599672648908064	50.4116202518693	0.08538841436050351
1.6935064675380078	0.0006885381586186678	50.40955083784221	0.0853884125574597
1.694717732323303	0.0006751128677814653	50.39896336885533	0.08720831827503824
1.6962111503937207	0.0008295260592410745	50.44094835127538	0.07921406750149237
1.6978010286746479	0.0006881109255537115	50.38324163923552	0.08245044810545261
1.6990434356785886	0.0006608262146736046	50.3144671480415	0.08433757985056106
1.7006305660137053	0.0008526608554011694	50.36682297493589	0.07690845278003751
1.7021691857483774	0.0006510596338033792	50.33077566134619	0.08485320992202647
1.7035445372525582	0.0007291865392338058	50.26916361296471	0.0862827506898797
1.704960506782956	0.0007130759629138057	50.27584412809588	0.08720830463429853
1.7062598311514832	0.0006387306101855133	50.34760922151283	0.08433756592206537
1.7077116655693676	0.0007793062759954801	50.405700882417534	0.07690845246471438
1.7092823256891705	0.0006973599051179358	50.282462854908076	0.08538842217791744
1.7105761998944244	0.0007310358731971623	50.25247100896072	0.08720829989904776
1.712141466207976	0.0007640277171863	50.22850083584528	0.08628273388638294
1.7137084548669905	0.0007796347226140554	50.21469587023624	0.08538842535090353
1.7151210025254289	0.0006233903758822056	50.31113353197272	0.0862827663952839
1.7165411305114258	0.0007636224868133847	50.23536141308519	0.08628274899983053
1.7178887524072788	0.000642461803905199	50.31988354943358	0.08628275307933732
1.7193578659630846	0.0007973449816019154	50.232970031048424	0.08628275966403359
1.720646202296671	0.0006444181670935276	50.35769440755192	0.08433755670550724
1.722007582879533	0.0006700185268492962	50.327739828816	0.08628275181406425
1.7233311918856244	0.0006440376836846371	50.385935372810884	0.08464024163722267
1.724717608009261	0.0007827920871782748	50.404460878228484	0.0788816647343195
1.7263564660444757	0.0008226400022912419	50.38935740935201	0.0777615998544523
1.7280199542790997	0.0007200187741246294	50.48445373610975	0.07690846082407671
1.7292805243988256	0.0005915853315538839	50.60427172633244	0.07612005072038217
1.7305327366008576	0.0007264615333200662	50.516673505375515	0.07690846780130647
1.7319832347126163	0.0005914356477592989	50.466798569242755	0.08485318106685048
1.7332370503440517	0.0007348230807070862	50.51317291460771	0.0769084686288618
1.7346319078911854	0.0006438243016339155	50.5285196087518	0.07781069417920365
1.7358781109556183	0.0006454685222596961	50.520766350000486	0.07735411940738895
1.7371717713570136	0.0005820926846286155	50.66350510457431	0.07387460171434602
1.7384130304192882	0.0006417119817265373	50.54340366063689	0.07690845255709816
1.7394893093211345	0.0005789947201518885	50.576337326870934	0.07663883394575302
1.7407009689987436	0.0005854327433400827	50.65322007160165	0.07387461447658658
1.741812901690232	0.0005770524363177911	50.66442228530229	0.07732705827971699
1.7434640524068599	0.0009474377256497188	50.721225509682455	0.07704656673174458
1.7452387244086116	0.0008343061516801645	50.72522661753553	0.07690846637135783
1.7468859973953526	0.000766515416742639	50.73948920899716	0.07775534925345087
1.7484253680168813	0.0008519344364936178	50.717277517676244	0.07690844261448959
1.7502609387286971	0.000878719553900382	50.70372369209598	0.07775535871176828
1.7519184503991558	0.000929172345751704	50.67082978986969	0.07819368927294916
1.7537594375498704	0.0008817142287817868	50.71165257439631	0.07690846463514417
1.7554281363545503	0.0007493624994311365	50.81025712920404	0.0769084466870628
1.75678908543715	0.0006395093865369287	50.88724262210425	0.07864231405256548
1.7581192651447293	0.0007789867082778926	50.82768727651714	0.0769084396429232
1.7596942681919419	0.0007838733886520158	50.8221416233767	0.07819368172568814
1.7617021483679676	0.0010761418847974355	50.65728260672514	0.07732704772098371
1.763567685816528	0.000805283631596852	50.70293679736709	0.07690845202159344
1.7652100611161392	0.0007489785090743312	50.70634905752283	0.07690845083306448
1.7665125678115048	0.0007727466974041928	50.70746157243872	0.07690845103215972
1.768053157881811	0.0006490550147308259	50.795895737013	0.07690845979645494
1.7693622524256185	0.0007267779054743351	50.74480340778433	0.07732704580352602
1.7711244734679326	0.000986560105460801	50.60752832001678	0.0781936677251618
1.773016258334618	0.0008680294958411643	50.6690587870371	0.07819368099982008
1.7745850566416237	0.000681919592439592	50.77780543284333	0.07690845989222818
1.7759955393999667	0.0008037738298051696	50.68544235134582	0.0769084472896467
1.7773422622597776	0.0005740077590303278	50.8110836099363	0.07732705376858383
1.778560450788323	0.00065567727153175	50.737301935852116	0.0777553653643822
1.7801303918947455	0.00092324864465744	50.58436498311027	0.07732705948649957
1.7816821192787764	0.0005808594502031637	50.79413975895929	0.07690845037318
1.7830802087254247	0.0008627510498104464	50.61428280180466	0.07775535683797961
1.7847316274284142	0.0007617852208629274	50.65185549621062	0.07864232957469232
1.7863374455996472	0.0007372295654959928	50.690351932643296	0.07732704184173458
1.787675235643788	0.0006379306004768177	50.789052358820655	0.0770465693711814
1.7891611953347233	0.0008445826534521084	50.68462645643433	0.076908443841115
1.7906502897763559	0.0007207177711475574	50.75790393041682	0.07732705213909272
1.7921159048067563	0.000754050882589342	50.73346296980533	0.07732705472025503
1.7936478668928328	0.0007768494572576875	50.67946241928168	0.07690846917454496
1.7950932701299849	0.0007854307247475709	50.628669854451026	0.07732705244263881
1.7965096043143476	0.0005613627284878957	50.77799369691324	0.07775536810877104
1.7978789888170248	0.0007824253774004091	50.64893700835924	0.07690846328971482
1.7994329897336339	0.0006721300671643674	50.700814767617175	0.07690845105481726
1.8007030540801747	0.0007082336466598062	50.672971160879634	0.07690844679135762
1.8024226464466049	0.000938916935406035	50.5802951518697	0.07690846810835728
1.80441166184708	0.0009614437731725759	50.58207510697807	0.07732705417422582
1.8061384259683024	0.0008527643483583139	50.61897516470895	0.07732705675130738
1.8079489967227336	0.0009319708639129559	50.56803500244441	0.07690846806114957
1.8095125989756122	0.0007322955989978478	50.65904517777289	0.07732703589813025
1.8111038465505847	0.0006983201291733778	50.66640664716674	0.07690845356137246
1.8124397477034189	0.0007595526889649476	50.5882208167249	0.07690846225048534
1.8139289957595357	0.0006908771045885212	50.61854410105491	0.07690846102656312
1.8153995968818684	0.0008037827676486174	50.62779956521177	0.07690843964469639
1.81687874697287	0.0006678632446877713	50.744865076844015	0.07775537376157488
1.818272073456651	0.0007157495072081521	50.68824698864068	0.07732703185306568
1.819609157308996	0.0006176421209503258	50.729047584979604	0.07746365877539124
1.8207757383269103	0.0006245937563216578	50.72085991001265	0.07775537033283485
1.8220727251755744	0.0005826780802164383	50.762830506008086	0.07732703953971984
1.8234000780624202	0.0007567861671789027	50.6674556801358	0.07732704962689205
1.824835217639799	0.0007040666798763197	50.712955500042845	0.0773270407557704
1.8262448512265081	0.0006970624785658979	50.7216634289411	0.0773270529855925
1.8278042992069354	0.0007482091673559773	50.693399285856344	0.07732704962689216
1.828990401280872	0.0005368659040289509	50.80862377536739	0.07690845998288844
1.8301133631517417	0.0006431371096098286	50.67760816099794	0.07910156215850526
1.8315638476951126	0.0007697510614527865	50.61623586828536	0.07732703333416228
1.8331359561336444	0.0008366941816037679	50.59615237526735	0.07732704811407724
1.834659781703157	0.0006577468283673683	50.6989363641497	0.07690846935867196
1.836056403652276	0.000723045377541954	50.63698813649475	0.07775535475215246
1.837540586353115	0.0007168975016796064	50.622529565061996	0.07732704310709132
1.8388307401369566	0.0006230160424497337	50.663928653264776	0.07690845582914903
1.8401445168294426	0.0007290780110897257	50.605033785752234	0.07690845916864669
1.8417989392170224	0.0008174358856217541	50.580139985925214	0.08005315038968643
1.843158291435979	0.0006886064872247519	50.71145960981377	0.077327047472558
1.8445677360219894	0.0006510605038394168	50.73360910773496	0.07819369563459057
1.8459094357691457	0.0006887717049170462	50.713124705959856	0.07775535716439368
1.8472416035926063	0.0005732684281281527	50.74131400966192	0.07732703673861592
1.8482214433968747	0.0005082240156579965	50.553357367936876	0.07735410687933712
1.8491614479296439	0.00044888642670426097	50.596287336018776	0.0773541217766545
1.8501566375667557	0.00044875290724545906	50.63279406716983	0.07515727141259507
1.8509996887815603	0.00044788263433537896	50.644187836148774	0.07407632566058103
1.8519016543486384	0.00045051479522213896	50.55966114658359	0.0772322269580447
1.8528035275485404	0.0004504687074463552	50.60700265248734	0.07449369908507551
1.8537248110597078	0.00044685427895825705	50.58718601668459	0.07612004964419235
1.8546246796238506	0.0005193661217830474	50.532028713533066	0.07735413445767071
1.8556180359327692	0.0004457933007865094	50.661383578910915	0.07428264293441925
1.8564840412784156	0.0004466672529088776	50.552524935460745	0.0773541387690144
1.8574379973383588	0.000450082533265454	50.5496015099611	0.07735411453375905
1.8582968754663016	0.0004404200047582763	50.63475530787311	0.0760189943103783
1.8591995872481883	0.00044038102037975284	50.63509493028634	0.07612005156556746
1.8600532444871638	0.00043951624951176535	50.60876016323151	0.07627244137689941
1.86093487666812	0.0004534492235262873	50.57058089349378	0.07663884651805655
1.861889558032147	0.0004489731185504336	50.56653515456934	0.07827850497525216
1.862793523656581	0.0005018737839936013	50.53711810593267	0.07690845043874649
1.863766658159088	0.000452234864217856	50.583184795613775	0.07735412839230142
1.8648326923134653	0.0005340918838029817	50.50880547511442	0.07827852063878599
1.8657478074326128	0.0004329284288528476	50.65504821130756	0.07538919493374574
1.8665955881361136	0.0004699560557133538	50.536830966101704	0.07690847321351865
1.8675344846207673	0.000435445363139162	50.580809403050125	0.07428262130159456
1.8684542150386305	0.00045595041239260585	50.53733885246527	0.0773541355882249
1.8693326589668129	0.00047128013646006897	50.42271836672117	0.08201804257096271
1.8702520072147484	0.00042931510944106655	50.53813271103195	0.07735410971023585
1.8711694134253294	0.00045140529781475836	50.489653869386444	0.07875791846399999
1.8720525878287628	0.0004751376174951614	50.48867444474787	0.07690846399660216
1.8730052174092264	0.0004333869983646018	50.59414696179191	0.07449371791317357
1.8739032905946786	0.00044687990654398876	50.52465950944091	0.07690845870350752
1.8747268672133253	0.0004232247471980944	50.54672394978071	0.07735411945457704
1.8756652258418465	0.00045265701527523645	50.51911740200712	0.07735414223421033
1.8765712799529581	0.0004920902743280978	50.498140804400194	0.07690843771763237
1.877478805437318	0.0004583255126276171	50.54279400579442	0.07781069270641713
1.8784849478762526	0.0005435255253951436	50.49449529886691	0.07690844958562892
1.8795004622581122	0.0004612101018699907	50.5691877778596	0.0773541198206557
1.8804169017020802	0.00048608458495479946	50.443240559481595	0.08143384863111844
1.8814029583709788	0.00044671601550381606	50.52059275920871	0.07690844213592389
1.8823104153981267	0.00044744385225524257	50.5073863954404	0.07735411524688873
1.8832375183200287	0.0005069604731169152	50.4889748886167	0.07690844034873902
1.8843345459654393	0.0005585632334734861	50.459993984034014	0.0773541213303712
1.8853167041484256	0.0004344643104572446	50.40232374512077	0.08538839887405299
1.886285130303181	0.0005322054847650508	50.43946879145106	0.07735415262093165
1.8873318274482556	0.0005489774251446883	50.404917043841294	0.0769084463774171
1.8883678216911328	0.0004502513912076509	50.500984102257036	0.07781068032925446
1.8893441782115834	0.0005505235654610886	50.41720070410004	0.07690845941429347
1.8904145005297572	0.0004970219055427879	50.46378934629345	0.07690846819835788
1.891379767978602	0.0004894145977269891	50.5467812771916	0.07707295185788891
1.8924288713531718	0.0005352729042752202	50.50147014555129	0.0778107151320602
1.8933929138419445	0.00047905898332108225	50.52531376810943	0.07690846663885813
1.8944371712433086	0.0005166578095188263	50.44491535035077	0.07690845485915165
1.895303323333368	0.00041733675224819394	50.34287590656557	0.08602449004286612
1.8962674443291216	0.0004349006095550161	50.295910447861026	0.08538841820720153
1.8971139113843092	0.0005335411610302281	50.35664658136024	0.07735413536453405
1.8980420027136213	0.0004051060318827364	50.371961994076884	0.08433758047565548
1.899012850992542	0.0004992606777423379	50.42393987901405	0.07990904760281091
1.9000197899248816	0.000476586339222997	50.51549762214836	0.07690845396030795
1.9009067050545265	0.0004302795994301951	50.35859592818411	0.08538841820720157
1.9017235471676097	0.00042788337588534807	50.53216985431853	0.07690846762706319
1.9025737181523155	0.0004175390441322666	50.58281469579326	0.07690844520239848
1.9034222281010218	0.0004357020129068346	50.56671230580862	0.0778107096641225
1.9043416844976087	0.0004466166835468337	50.36036957827699	0.0853884281063927
1.9052387252544747	0.0003968734137155705	50.58915757489905	0.07630302319525034
1.9060034503046215	0.00039460307245948805	50.37888552095451	0.08485320413400559
1.9067307343144566	0.0004229784354483985	50.49662627222427	0.07735410727861687
1.9076385215002702	0.00045576887014575515	50.49148366639594	0.07781070238670358
1.908522533248587	0.00039388387224808516	50.587357613532134	0.07663885472582459
1.909384470589764	0.0004929385727370371	50.469885122645444	0.07690845311819745
1.9102602688205519	0.00040398690191668517	50.590454565283416	0.07627244486582874
1.9110364128808237	0.0004009345515965712	50.62137538539962	0.07679914440385757
1.9119104403584972	0.00040167935868636306	50.70610750210308	0.07367733465303576
1.9127037687322515	0.0003924319751141517	50.643588309192424	0.07538921546653914
1.9134322913130963	0.0003995015304345016	50.5755308113898	0.07781069655974149
1.914281463837867	0.0004002635930640526	50.5786611525273	0.07735411635250154
1.9150781749124757	0.00038644326062718453	50.631163000413274	0.07604917690619332
1.915848837637647	0.0003865265612290558	50.598383626072234	0.07601900933663397
1.9166104643386987	0.0003873834917021555	50.564660611285646	0.07679913115935819
1.9173998553932943	0.0003951027403136865	50.537827873434686	0.0778107022250354
1.9182734090661822	0.00043328119994359525	50.521601518470646	0.07827853166328928
1.9190323249765158	0.0003852292442934416	50.664801114218115	0.07601899643036396
1.91985844666973	0.00042104341570623323	50.61175253776865	0.0773541428960279
1.920652601368322	0.0003815147308511578	50.66291656792641	0.07587037475366208
1.921521160252446	0.00046266736866911097	50.53505667813104	0.0773541298174858
1.9224591338391213	0.0005063224446147386	50.49487846397598	0.07690846370584144
1.9233875338691917	0.00042065674491983637	50.58216079145047	0.07690843865272028
1.924238586004715	0.0003836537008687388	50.644268142063254	0.07707295685495412
1.9250067211868942	0.0003784612848746126	50.66697372322593	0.07601900166332196
1.9257629849099749	0.0004176110698813031	50.55109585293094	0.0778106942048436
1.9266064007356343	0.00038831445245226333	50.561500622744745	0.07735412333704907
1.927430224855106	0.00044743623789383246	50.49833957908523	0.07690844071573859
1.9282166410403347	0.00038911796128483165	50.55962305741954	0.07735413353379432
1.9291015237864306	0.00045242579987312596	50.51699308306214	0.07735413508475716
1.9299786565268688	0.0004180400149860368	50.558096063190604	0.07781069389290025
1.9308362046549645	0.00047809021846903136	50.496251262966815	0.07690844152846354
1.9317365154230763	0.0004282047875201794	50.54002255360314	0.0773541308870318
1.9326098264800293	0.0004258658862381222	50.564275445161364	0.07781070422415497
1.9334164476843065	0.0003793209826102503	50.43320489583753	0.08538840148157241
1.9342363055011547	0.00039481048686939533	50.370498595897644	0.08538839784330061
1.9350678519132496	0.0004734544589370074	50.42557607766586	0.07781068542472386
1.9360019926271248	0.0004445604538355533	50.503619353316225	0.0769084500190342
1.9368140596349417	0.0004100474948590339	50.56575158801151	0.07690845071714533
1.937656767782513	0.00041071422364669617	50.5572433004925	0.07781070382724227
1.9384920087059838	0.0004281601936097963	50.54691716516696	0.07690844224966777
1.9393591333192919	0.0004360415599397382	50.53367647346566	0.07735410133189288
1.9401983752661132	0.0003981460200734449	50.56998313321213	0.07781070310334244
1.9409402690229631	0.00036990491564568124	50.61210464051862	0.07690843712871026
1.941737371208087	0.0003923937766997888	50.58851597078524	0.0769084381082083
1.942502660772216	0.0003620722665609354	50.66813791030417	0.0746225752673548
1.943233417155865	0.00039537329940390333	50.55102545552659	0.07690845510876976
1.9440522507059461	0.0003888675507273571	50.563184948158536	0.0769084418666194
1.9447574005236443	0.00037026275147282017	50.441741417642874	0.08464025224507658
1.9455618865642113	0.00039182392589200523	50.55408437200138	0.07735411217479007
1.94629468199987	0.00040764092649166	50.50299668209233	0.07781071660566732
1.9471192104837216	0.00037111485867890936	50.54841085213042	0.07707295072969493
1.947906489870402	0.0003961381680515413	50.562009293838365	0.0769084632005899
1.9486595697241353	0.00037265102037918846	50.62253023891669	0.07690845894114948
1.9494312617364244	0.0003869259286066593	50.61445965378172	0.07690844019181432
1.9501731840256238	0.00035786361773592864	50.65329224344326	0.07735413384263283
1.9509336880025205	0.00040968904013957496	50.58841369122635	0.07735412911452519
1.9516985230654489	0.00036156182734363917	50.46772394191285	0.08571419456574587
1.952471901838407	0.00039835236302128847	50.58397817591964	0.07781069027176778
1.953249546165351	0.000371553421261731	50.46935993526436	0.08485318523724773
1.9540286156313782	0.00038214784032543673	50.62665362923177	0.07690844253837852
1.9547444645682803	0.0003555218096387485	50.50393831823971	0.08433757055396325
1.9554942069449897	0.00042855562410226206	50.57619886432971	0.07690846478836116
1.9563084703582694	0.0003605445658863061	50.66372225769872	0.07587038201453683
1.9570736904792285	0.00040044338796559476	50.578513612539446	0.07690843184476977
1.9578724445625209	0.00041226382838697843	50.38725850481982	0.08660467180534852
1.9587240395370051	0.00044208917545986387	50.527326042326465	0.07735410501235572
1.9596212146159886	0.0004647989076735266	50.49372720744188	0.07690848452360802
1.9604901925498102	0.000406319456650646	50.42418753611018	0.0815997641960261
1.9612633137450797	0.00037929528175886665	50.38452539084651	0.08538840126738619
1.9620861858539451	0.00044351574063533974	50.515424805390424	0.07690846838433141
1.962991616210213	0.0004012283058519099	50.374782152534934	0.08538842856153978
1.963752042956745	0.0003922681148225763	50.41237402929643	0.08271389303062403
1.9645454885971285	0.0004355158496962485	50.458824110589305	0.07663881543832962
1.9653978230934495	0.0003695312215782628	50.32077804588539	0.08538842688231583
1.966191007703703	0.0004325001537338055	50.3926467784274	0.07781070994970082
1.9670647092768612	0.0004739744778123238	50.39471742378004	0.07690846327570537
1.9679516514223419	0.00042052682883601117	50.478656394309354	0.07735411793925492
1.968736107687832	0.0003428898458518794	50.44321071603861	0.08571418217361805
1.969519149562174	0.0004183326466330204	50.55103302844547	0.07690845986662215
1.970338742333772	0.0003775518898040168	50.40374665772496	0.08720833077496436
1.9711256686311815	0.0004431755853121172	50.51149629129635	0.07690846925683308
1.972003013767811	0.0004179726174306606	50.52163894008408	0.07690843518888747
1.972838155505236	0.0004050386921740108	50.5181894680599	0.07735414452276368
1.9735855867517371	0.0004029966455881271	50.514849394929755	0.07690844860656212
1.9744539528644067	0.00040286310263562075	50.52062924696275	0.07735411896803758
1.9751235320601797	0.00037810791403873677	50.381641927098336	0.08720831799045767
1.9759580532689343	0.00044897758800023724	50.48502930197235	0.0778107056895731
1.9768711067885676	0.0003518841490032835	50.57368530449763	0.07781069929915509
1.9774929688082874	0.00033604525170527683	50.61531373614572	0.0763761380809874
1.978295002541884	0.0004585475896875688	50.46995063595536	0.0782449373151727
1.9791845650063087	0.0004303785682636187	50.52466337723542	0.07735411558545471
1.9800126522727421	0.00040304275853427196	50.532883895868665	0.077354116056262
1.98080608039021	0.0003844414862766504	50.55879053906175	0.07690845182609891
1.9815187963259173	0.00033228396519323366	50.66347001072232	0.07612004370447202
1.9822923352713893	0.0004266503841398072	50.535324963656514	0.07690846552268957
1.9831461151236713	0.00045411220163610143	50.462130954699504	0.07793977544765049
1.9839141357014711	0.0003370260147648129	50.60120537325612	0.07663883942264493
1.984658502301549	0.00034759823526287533	50.5869010671428	0.0769084525316521
1.9853204018354653	0.00033200739192543524	50.62919304221741	0.07612006537244702
1.9860492893144734	0.0003824430493914057	50.52099661867184	0.07690844320198485
1.9868630973636476	0.00044567451640711733	50.4190997114373	0.07735410303264412
1.987671475449216	0.0003334714678081358	50.514632958624766	0.07690844914501054
1.9883925296370777	0.00039729113656804054	50.42071978654137	0.0769084375463543
1.9891370558063393	0.0003661021199984367	50.45356739833875	0.07735411511236526
1.989904931371237	0.000371287122082847	50.458722753207965	0.07690846782870073
1.9906067640448966	0.000325402898158165	50.67021494437063	0.07234260410601537
1.9913074643659543	0.00039786289957615355	50.47914980941666	0.07690843176857072
1.9920379872843401	0.0003372282098937264	50.5535895073812	0.07735413285946362
1.9927286589060367	0.0003766061456447463	50.52092737030322	0.0769084649046248
1.9934722215044818	0.0003624658355013926	50.55752310480799	0.07690847201461182
1.994193982410452	0.00032465098885054496	50.6193544417375	0.07707296016519555
1.9948709869567753	0.00035233184508321976	50.558297694894826	0.0769084650343195
1.9955738004560606	0.0004029275328241596	50.47025062685476	0.07781069475715525
1.9963546495631135	0.00034091554382599813	50.406582871993116	0.08289780787458717
1.9970295717560338	0.00033209959589210745	50.56979181078243	0.07577183982132178
1.9976678046591763	0.0003220645378353535	50.56225374715678	0.0772322324568048
1.99840042421776	0.00039268855737303854	50.46599311937585	0.07781069981827758
1.999111510339289	0.000327339479025761	50.565229002842486	0.07627242528480467
1.9997758310088647	0.00034014073848902525	50.52792367208242	0.0769084623648409
2.000496053145767	0.00037815106376698433	50.501082937480476	0.07781070062822418
2.0012100323253135	0.0003415446039907012	50.556706234309885	0.07735412115195206
2.001968217840271	0.00037687138330577815	50.483479851549056	0.07781070062822416
2.002638254468237	0.00032469204071702737	50.65164089620069	0.07292990641457588
2.003306002383999	0.00034366991820676226	50.53164588721535	0.0769084492335596
2.0039601786491463	0.0003249599031985203	50.56404026966839	0.07690845948580209
2.0046446895283196	0.0003338433387576628	50.56106596709716	0.07690844420548829
2.005321869543546	0.0003283202195081735	50.579268470522166	0.07690846829125847
2.005946791563062	0.0003147342023231294	50.69463189283964	0.07390989388223365
2.0065683213405237	0.0003167784186850128	50.65721272720454	0.07407630738157152
2.0072263226384344	0.0003175441008310396	50.57301216186027	0.07515728681055084
2.007860946933393	0.0003183238726102887	50.52224477805155	0.07690844168617897
2.0085219604314117	0.0003643982951214687	50.50176139667782	0.07690846940117668
2.0091881677055206	0.00033222844813826657	50.550182824359446	0.07781070818801639
2.0099127630537037	0.00035890162616428016	50.51316723591294	0.07690846176638637
2.010622560403699	0.00034719539056201335	50.52316579397244	0.07781069924659745
2.0113015932142657	0.00033801748093696227	50.563037768943566	0.07690845182649812
2.0119598580881997	0.00031471774995612547	50.65720832417419	0.07449369988425386
2.01262327623537	0.00036097325082580343	50.5076012836838	0.07735412472672143
2.013323749375938	0.0003112751173709854	50.66646475621458	0.07367734217184245
2.013917651418158	0.0003133021998652648	50.69320990199235	0.07556013056199873
2.014507068712115	0.0003073667209671373	50.67248183579529	0.07612006634045017
2.015257081272977	0.00038996335042992624	50.47119409784077	0.0773541320714333
2.0159618659983076	0.00030694906488759816	50.5769398919403	0.07591259293993421
2.0165667993095084	0.0003083499718567612	50.56347299268941	0.07601899087459808
2.017175759469384	0.00030548377818924666	50.57737454246368	0.07562681871746554
2.0177948050885517	0.00032510164912751195	50.53279283013157	0.07690844692013198
2.0185003403163044	0.0003409542991023693	50.53140458255102	0.076908445198268
2.0191114438566977	0.0003344166018154052	50.55039759410701	0.07781072269962808
2.01977250376376	0.0003085019176307374	50.660663954129	0.0742826301897098
2.0204530940444387	0.0003490880159927678	50.52352994719262	0.07690846346134393
2.021178446094301	0.0003732264367263278	50.49631775564785	0.07690844420217766
2.021901384798036	0.0003479258117875145	50.554685039376295	0.07690846104241468
2.0226062952005694	0.00035757806188360517	50.53964324274153	0.07707293759484789
2.0233172632272316	0.00035219325439837205	50.490455206526605	0.07690844364376183
2.024054622781353	0.0003785494775150126	50.44360745617473	0.07735412908412367
2.0248361748467296	0.0004035782878857103	50.45591033685537	0.07735412012004796
2.025549473902622	0.0003247204359666299	50.563486207499665	0.07707294803180072
2.0261638590633284	0.00031353215007605075	50.5353932979111	0.07690845716813037
2.026872602219343	0.0003719354815227605	50.41793870945412	0.07781069350457388
2.0276170250048775	0.00037189257177642213	50.400915022047826	0.07781069732168401
2.0282925596416232	0.0003072538940338066	50.48186321636485	0.07781069321793206
2.028861614729096	0.0002997430331575302	50.5053931499886	0.07827852355953205
2.029581349093389	0.0003418272529870874	50.472573837042745	0.07735413951818414
2.0302018720414887	0.000302362748549729	50.56321369037589	0.0758703560071594
2.030835662462657	0.00034320018855647083	50.48927507353295	0.07663883594092472
2.0314803057928525	0.00030912860439280125	50.51406108405657	0.07735412521144105
2.032174553935911	0.00036271941779420744	50.44299958069725	0.07690843740897733
2.0327855149024687	0.0003334440839060804	50.477503543502486	0.07690846261803075
2.033503469650028	0.0003440288210743207	50.47693617057875	0.07781068630755689
2.0342600253486047	0.00036624736049111097	50.4719808921474	0.07735413814745104
2.0348937674256353	0.00029502431201996007	50.39749844258796	0.08538841970884749
2.0355440863900283	0.0003569994371096943	50.48828632891782	0.07690845413176109
2.0362330385469463	0.0003447853972260853	50.50510742945279	0.07690845341446231
2.0369139216124017	0.00032331143529052114	50.36182863139165	0.0853884125491898
2.0375612248407347	0.00031412046802508546	50.55344998007662	0.07663883214198237
2.0381971288075045	0.00034149029172386925	50.508155036598325	0.07690844915407744
2.038878415178128	0.0003334296863104177	50.502115638447755	0.07690843987530831
2.0395320472698932	0.00030345021653558306	50.50981907099383	0.07735412865816245
2.040238944157883	0.00039759459635999635	50.37513901638101	0.0769084790232792
2.0409009047216715	0.0002921240077226926	50.340412394552196	0.08433755428787255
2.0415089265384117	0.0003130042026324374	50.2903039847164	0.08538840687545561
2.0421103525479696	0.00029533366986255366	50.324331562870924	0.08485319085031802
2.0427683215512884	0.0003212771962073953	50.43906311240197	0.07781069665905775
2.0434436257790276	0.000367749082506196	50.2105021272781	0.08538843177455625
2.0441613460241195	0.0003356888767005723	50.3363327022647	0.08080294487183458
2.0447910921913275	0.00033748663928852296	50.25331361704904	0.08538842927295869
2.0454529978558655	0.00030960433100359427	50.474184078732016	0.07690844339084399
2.0461013713207246	0.00033248470481013893	50.45864261674657	0.07735413691575395
2.046781748550927	0.0003620911243031894	50.411895884330924	0.07781069877175706
2.047441764644378	0.00029910870060405564	50.46746807132599	0.07735411554492991
2.048088311447673	0.00029753029136397554	50.28611460474184	0.08538840119793724
2.0487542684424715	0.00039496748973090516	50.33123188122211	0.07690846636455421
2.0493954755662536	0.0002915509236672824	50.309048770942205	0.08628275135551734
2.050021068229107	0.00030636486468643486	50.385479179325934	0.08245046748576118
2.0506390002189656	0.00031381694522080025	50.304616155458575	0.08538841984647483
2.0512920595122885	0.00034034824125382104	50.40403161093155	0.07690846879350333
2.0520182783159884	0.00035550492964445216	50.21016350835837	0.08538839159417559
2.0527287067910365	0.00040314416580394195	50.3086980973592	0.07806181019663318
2.0534905917484787	0.00029273273657896045	50.31926752442905	0.08485319173054032
2.0540678373685815	0.0003381798544451718	50.35156088954109	0.08064756509917397
2.05481175451943	0.00034652936380469675	50.42700821408667	0.07690847603385821
2.0553961643140832	0.00028364936366812835	50.36586940003541	0.08384043907677799
2.0560087268037215	0.0003383413268067997	50.23174048000893	0.08538843241515874
2.0566804378715435	0.0002839230540207484	50.295053140953385	0.08516709658301752
2.0572157278579093	0.00028801282405799603	50.310171838111096	0.0833608485701237
2.0578478968592613	0.0003391280564023657	50.19456096974304	0.08628276164441673
2.0584404124535576	0.0002927355422673261	50.29734586066121	0.08538839496160154
2.0591172162016473	0.00030775008004756946	50.32667901900192	0.08628273788341316
2.059701382544497	0.0003349249522486238	50.31919149366982	0.08538840838663235
2.0603630034306786	0.00030466483040865347	50.34940272799595	0.08245047908233097
2.0609432968212156	0.00031086036069776407	50.22912348421568	0.08538843030518094
2.0617348562948123	0.000458576520562093	50.05555391715764	0.08628275202820483
2.0626028124115967	0.00036777305160869947	50.173409077187856	0.08628275333070339
2.0633443023287406	0.0004120129527380476	50.14251710396809	0.0853884184375646
2.0641457018933878	0.00038176109655876716	50.339685472445396	0.0769084637538422
2.064842034857663	0.00032171415697748864	50.2332804939467	0.08538842747683263
2.0654054868813345	0.0002973359019322625	50.26319090332505	0.0848531822686812
2.0662009211615215	0.0003946352681758295	50.1108881008178	0.08538841188576055
2.066822325898369	0.00029148227828138115	50.208298473452174	0.08816652478653823
2.0674753629116225	0.0003381967442077567	50.165887383007146	0.08538840511042706
2.0682280651845018	0.00036682744784514803	50.1360179206233	0.08538839545333683
2.06885630303956	0.00033226072496516783	50.175938097054726	0.08628273782541912
2.0695375782167273	0.0003080056800916591	50.20489972635323	0.0853884132604366
2.0702888718183328	0.0004081694811791271	50.07142057569323	0.08538841692014779
2.0710539192126456	0.0003999256063411045	50.062900686328604	0.08628274953344335
2.0718659116942595	0.00040132469264764014	50.069530895902524	0.08538841434119517
2.072731009466408	0.00045942695702557394	50.015748647823045	0.0853884174206203
2.0735804928208212	0.0004697519351370061	50.01099395043826	0.08538841117533987
2.0745339130449	0.000423396033376613	50.049067103525815	0.08628275024291789
2.0753713652507955	0.00042151594915181847	50.049559434258626	0.08538841019869019
2.076140270125303	0.00038411230747104557	50.083458592114134	0.08538841672770182
2.0770350784478353	0.00047822431602424624	49.974067409570665	0.08628275424282617
2.0780539528423407	0.0004665248993852724	49.98954888681758	0.08538841506718564
2.0789311065029388	0.00046769509042655883	49.98803764930591	0.08538841062335659
2.079750646717306	0.00041886751239031053	50.03518295169163	0.08538841442784584
2.0806548800518687	0.0003832947262674614	50.07296542397052	0.0853884136183772
2.081692583597672	0.0006850318891241113	49.814163416506695	0.08628274763543803
2.082871168041735	0.0005215358727976329	49.931808111790254	0.08628275265313338
2.0839954339469307	0.0006114942439361672	49.867194421839464	0.08538842150953577
2.0851053478459898	0.0005048084105400731	49.949529177349376	0.08538841871213607
2.0861771324302616	0.0005217339825486607	49.92730378202663	0.08628275272950328
2.0874254217409627	0.000670354520349463	49.810472812442406	0.0872083135900376
2.088635032623616	0.0006581658549541979	49.82847598184488	0.08538841533473711
2.0901438671024426	0.0007695696326266632	49.758669982244605	0.0853884145606446
2.0914936583848656	0.0006697453610057327	49.81772761595279	0.08538841654804567
2.092990566822201	0.0007338783378752896	49.77647970462584	0.0853884196972082
2.094430381286224	0.0007599738300149089	49.75950734520892	0.08538842054681076
2.095945645010435	0.0007238258284779031	49.77309973934934	0.08628275652292167
2.0974718265772783	0.0008684776853610874	49.693151897894765	0.08628276195639391
2.0991740812289876	0.000745671989921846	49.758015611546064	0.08628275378144856
2.1009098374650907	0.0009484450238806724	49.65247525142588	0.08628274797519507
2.102704656391758	0.0010189966704955828	49.62584130327911	0.0853884227436939
2.104861225221023	0.0009652159851950797	49.65110923175628	0.08571419463483622
2.1065496774588324	0.0008832056961006927	49.67832215977087	0.0862827625982646
2.1087848705095276	0.0013773906713261414	49.48891381868653	0.08538839307475571
2.11161321331727	0.0013988051502292942	49.47923784357102	0.08538841046763448
2.113970622689684	0.0008847987495943388	49.66383406642359	0.0872083291398097
2.11566387165807	0.000869229244276618	49.675665221678216	0.0862827571087855
2.1175476375628755	0.001069759836633597	49.57712809608839	0.08720830783014934
2.119660757739907	0.0011015749492841588	49.57408349404003	0.0853884036772418
2.1223505964087215	0.0014807143764188685	49.43649822388418	0.08628277134456552
2.12547272967511	0.0014596747026597839	49.445835640838425	0.08538840754686017
2.1281099517209077	0.001630896282042232	49.39062746721015	0.086282748516126
2.1316915982868894	0.0014057303628450786	49.45990364827922	0.08538841307776102
2.1343880837683837	0.0017417569504199798	49.365826181612775	0.08538840116422451
2.1377756539918416	0.001361281644592331	49.46522307619405	0.08628276214890018
2.140905484472846	0.001545559652433589	49.22664974311978	0.09867239362211146
2.143478206037786	0.0015218719469810918	49.4148071839673	0.08538844187861394
2.1465718708461674	0.00146860598666032	49.41997313895071	0.08628274967505518
2.1490664276670453	0.0009405252193619009	49.615909775129914	0.08538840786095843
2.1508307032402874	0.0008669284692359135	49.64295486995828	0.08628275680152883
2.1530171147654995	0.001214637308009353	49.49977790230154	0.0853884230965877
2.1551996598593233	0.0008578081269237815	49.64822006633392	0.08538842026754848
2.1568704299138233	0.0008611317044153982	49.64475887962268	0.08538842021843018
2.1582015538523214	0.0006166044509813514	49.776159498923036	0.08720832004691266
2.1596189240275843	0.0007842447356772446	49.68181915366237	0.08538842307771959
2.161024692290911	0.0006147939721523948	49.77983603118092	0.08628274828827324
2.1623065688290772	0.0006186456608429511	49.781602658554256	0.08538841940947184
2.1633778560432813	0.000515861430960799	49.859160022287526	0.08538841779890002
2.164470783878193	0.00046557933222745175	49.896224797256636	0.08628274772931027
2.165314422544876	0.0004780882289974827	49.89046940913223	0.08538841587827302
2.1662945863231204	0.00045931141331731685	49.90122303668497	0.08628275353503387
2.167085573398131	0.0003766049767566462	49.993119117337955	0.0853884141192422
2.1678381309485433	0.00034928351901730384	50.025591205300344	0.08538841299283524
2.1685017784972844	0.0003478911941383322	50.02120561916784	0.08628275113770942
2.169227877225125	0.0003713215976528149	49.99838199754831	0.08538841519327729
2.170009264618307	0.0004708077640398318	49.895682675395314	0.08538841755034059
2.171001107543886	0.0004061061860650264	49.9412605816672	0.0881665126346571
2.171691494164393	0.00038073268390384306	49.98573625875635	0.08538840974962536
2.1726769546902114	0.000526627926558243	49.84296591557781	0.08538840847943714
2.173706868301564	0.00046427002968845696	49.89580396786271	0.08538841019878059
2.174534466003517	0.000396462009894924	49.96386463058626	0.08538841572654096
2.1752133422468605	0.0002985737029917518	50.08833795349871	0.08538844191443264
2.17582781691869	0.00033827109929102263	50.02391961962119	0.08720831557345579
2.1765198552680713	0.00041573563823921785	49.94202548434392	0.08628275207840336
2.177454044170757	0.00043587896082842545	49.92939612513187	0.08538841375481715
2.1783820295742675	0.000437047756820861	49.933413371161535	0.08485319908082632
2.1791831741552006	0.0004031364744709598	49.9549919842154	0.08538841986399061
2.179895830572569	0.00040749597359459835	49.94766019820593	0.08538841816098698
2.180764342086132	0.0003603351669619878	49.99737155307308	0.08538841476306001
2.18158944766329	0.00046842175745291295	49.87050782970279	0.08720832538641089
2.1824512548641515	0.0004175828495382643	49.932183955809506	0.08538841149212593
2.1832341405229316	0.0003865233510109586	49.95307151785505	0.08720832106253418
2.1840661741914245	0.00044006673197520535	49.90782166388667	0.08538841856928331
2.1849222583159644	0.0003738577326413668	49.9782383179537	0.0853884107480202
2.1856486879333676	0.0003451578738498088	50.012285760325796	0.08538841786640823
2.186420066145697	0.00042820888764439035	49.9182392769655	0.0853884188997843
2.187275640612323	0.00045204560106575764	49.887990189386	0.08628275156823291
2.1881615519924154	0.00040597092873564846	49.94002235338764	0.08538841719292999
2.1889629024074004	0.00042202144277992196	49.92228576627427	0.08538841137378769
2.189852742228825	0.00043383325295948333	49.90359380701558	0.08628275312475672
2.190644450736154	0.0004146765272207775	49.92808011087833	0.08538841201495875
2.1917206222072494	0.0005561478629349061	49.78713901007947	0.08720831219808486
2.1926007721813123	0.00046197650408749176	49.87959076673617	0.08538842165928943
2.193608879722806	0.00041388249450995655	49.927434469364854	0.08538841129260086
2.1944601320884987	0.0004798270777165125	49.857272207008144	0.08628275500323933
2.1953428283244945	0.0003613602704468134	49.98091449298492	0.0862827550989582
2.1959939996549087	0.00037371964710673105	49.9755256781345	0.08538841383631252
2.196802770442318	0.00043177465627640844	49.920656857549744	0.08628275001776552
2.197663052739956	0.0004313218151659535	49.92934405578392	0.08720831836971074
2.198525642377474	0.0004292635610643354	49.9538649012916	0.08538841134525396
2.1992592995071067	0.0002768898210007243	50.13724774431451	0.08538841185535234
2.1998862502788903	0.00036798793123605725	50.00152683457587	0.0862827560171674
2.20061362562946	0.000384524134994714	49.99387875270564	0.08538841895839787
2.201282437661491	0.0002592738678263848	50.18499924172255	0.08538840308148804
2.2017656686833025	0.0002379006950643737	50.23701972922509	0.08538842948270212
2.2022865099373687	0.0002598671802168818	50.17180920987465	0.08720829780392646
2.2028075210531686	0.000292496155639737	50.100799811095584	0.08720832038048001
2.203377058540079	0.0002604045130073234	50.29345045895593	0.07837049538996807
2.203823915769937	0.0002118312660397571	50.24104477567455	0.08720833339456084
2.2043668146096715	0.00030489321445115674	50.10778676006531	0.08538841560846167
2.204959587344959	0.00025787770084386943	50.20852154643423	0.08538841012223831
2.2054150771409855	0.00022131353732904487	50.29824233075019	0.08538843349650761
2.2058495968049687	0.00023133891801775783	50.3672713372284	0.08275160466288022
2.2063561187685385	0.00025941165917760803	50.43456794261093	0.07690847122104202
2.2068022822604734	0.00020094574452423182	50.36992077215068	0.08538842203538884
2.207210273891869	0.00021607902482707168	50.51063599847185	0.07690844946805439
2.207719136415162	0.0002464340434424551	50.45637142343867	0.07781069269796909
2.208116074790115	0.0001979864638293816	50.386455004651154	0.0857141992272463
2.208576883859072	0.00027532055525815707	50.40235320583208	0.07707294189109636
2.209127176185987	0.00025033005419847215	50.427660732621256	0.07690844437707038
2.209631454817962	0.00027816900330429633	50.36555253511471	0.07718524034150259
2.210177291810135	0.00025479804125261757	50.39463085239001	0.07690845830897503
2.2107091934094587	0.0002447432066577308	50.39249524120407	0.07690843920139954
2.2111828327152967	0.00024019420590814806	50.399653345287554	0.0773541329223115
2.21166295563561	0.00023409585890937526	50.439313734525086	0.07827853953051775
2.21213400271452	0.00022451948186211215	50.29684352668117	0.08628274726810779
2.2125245996759704	0.00023634852077755408	50.44659320331867	0.07690844941987524
2.2130241757686564	0.00023181268849536618	50.35974226483477	0.08103443304768047
2.2135177569963043	0.00022341804732320172	50.44607648083337	0.07690847215035596
2.213931870262278	0.0002487363735559473	50.33066620380147	0.07901479558426762
2.2144097381422094	0.00019513799373008494	50.29721494933112	0.08516709590328492
2.214853884602891	0.0002632635211249986	50.319800286115395	0.07690844147063496
2.215388574734572	0.00023710828900876365	50.38393315481534	0.07690844736276481
2.2158494382713263	0.00023339061128416897	50.39434533857674	0.07690846514296158
2.2162682609831794	0.000195074226679178	50.462861758574306	0.07663884450508532
2.2166559277916758	0.0002029729624099946	50.25670822135277	0.08538842208111629
2.2170486258914375	0.00019280366575881517	50.290746442504044	0.08538841081091265
2.217505430113178	0.0002524530715790541	50.35507531434029	0.07735414776840374
2.2179893485166824	0.0002502557289796168	50.36815453010817	0.07690843152178757
2.2184650719663592	0.00020174637445393733	50.31022886391116	0.08464025279825498
2.2188829108243215	0.0002011699133823114	50.45563325957266	0.0773541208494221
2.2192629021297607	0.0002105469198155567	50.42524169539234	0.07690844076569123
2.21969295380166	0.00019277851029219506	50.283746851139085	0.08485318784947762
2.2201035115171335	0.00023111562525982094	50.37113870108998	0.07690846199657782
2.220547971827699	0.00020421000382497536	50.26576171438766	0.08628276480161218
2.2209379292465474	0.00019146537708213384	50.49468945119722	0.07663883089539039
2.221361002431398	0.00024223596600181377	50.398182869945245	0.07735413521498492
2.2218436849281433	0.00023930791344422265	50.41593492012115	0.07781069684364561
2.222321278346463	0.0002356299642854566	50.40143718139678	0.07735412225410797
2.2227900086177357	0.00022324692300933245	50.4043254595162	0.07690846393508595
2.2232400594640938	0.0002366465369629106	50.356108447730975	0.07690847104609884
2.223696452729527	0.00022883324410861736	50.36996093925899	0.07690845215247157
2.2241742810437417	0.00021498006058690448	50.42131864884742	0.07735413599177986
2.2245776063655303	0.0002140255629870702	50.43750577795784	0.07690845876305107
2.2250092176493927	0.0001930727306574242	50.32345247904689	0.08433757333539244
2.225414782632953	0.00023094357663927737	50.38707524809583	0.07735412402770896
2.2258847038095046	0.0002419838960074721	50.35082054975674	0.07735412615837194
2.2263488540242324	0.00022556026282108085	50.189499836783355	0.08628275142288708
2.2268042469135194	0.0002091756580202163	50.39501629991251	0.07690844720763784
2.2272148932298155	0.00021760721758742275	50.37288478887936	0.07690845747747084
2.2276596346736897	0.0002447449515443781	50.26958486432341	0.07955636742710122
2.228124888024139	0.00019244136404397282	50.2889220854099	0.08384046096569336
2.2285253108797223	0.00022368459146161697	50.29289497887765	0.08103443029759179
2.2290113096998896	0.00022081896337650047	50.22340946273653	0.08538840598823232
2.22936313240658	0.00019973346911361564	50.322946048711046	0.08289779410511475
2.2298265653705895	0.00024203508604777072	50.36428558149849	0.07690846006060632
2.2302656612425675	0.00018665183342100175	50.27946173829089	0.08628275221167694
2.230679004469012	0.00022108925492281706	50.20507706098017	0.08538843613766572
2.2311291381139258	0.0002558111651000123	50.15146367417548	0.08628273955514358
2.2316010911459783	0.00019610696883507622	50.324589177627644	0.08384045178166859
2.232012423794826	0.00019258175035653243	50.318336793103164	0.08538840364753686
2.2324515404375367	0.00025985236457649825	50.18169982002301	0.08628274082959748
2.2329324272661664	0.00022957228548677806	50.241159704564964	0.08538842988584032
2.233391329299785	0.00019936900043764628	50.35689843173097	0.08336083937261123
2.233764754406815	0.00019254540749392347	50.35919653492552	0.08485319789693091
2.234150413074204	0.0001934822234291155	50.324477126471365	0.08538840071672461
2.234605079763452	0.00026852609432669164	50.14468781679818	0.08628274213429414
2.23509022124684	0.0002111176759143852	50.23138752471954	0.08538842219084082
2.235516668471827	0.00024366969324203034	50.15668137001143	0.08538840882059802
2.23599785189473	0.00023347268023982885	50.16098045361576	0.08538842813936331
2.2364946622122304	0.0002846211937908822	50.073691250063995	0.08538841646897653
2.2370451928563195	0.00024208001538463488	50.15028100492319	0.08628273803878363
2.2375723138359254	0.0002579054626203002	50.139874844632544	0.08538841251288053
2.2380856232336104	0.0002660167499744408	50.11955159167316	0.08628275022909918
2.238680916941324	0.00031132849585665693	50.02928973023026	0.08628275942819905
2.2392184662235435	0.0002532801763050188	50.114289751247426	0.08538844129574506
2.2397196279043996	0.0002584561096202544	50.10767270224602	0.08538841441078165
2.2402478838759867	0.00028435662146795944	50.07386874443844	0.08538841775244133
2.240815497841404	0.00022326110448720883	50.18794787121216	0.08538841002250562
2.241220378874403	0.00020888519572322028	50.209470110434374	0.08538839664058347
2.2416589978568657	0.00023262652181759447	50.150859104401434	0.08538839372006568
2.2421377775445546	0.00024904576162510124	50.10801259377274	0.08538841097284752
2.242724650319662	0.00034283529339980314	49.95997600873332	0.08538841713440423
2.243320130898481	0.0002237848663909437	50.14599385642427	0.08628274047247975
2.243779026946317	0.0002448560631411623	50.1185394881784	0.08538840603262755
2.2442973212498574	0.00030913180966480236	50.02308133623056	0.08538841183814272
2.2448805645213943	0.0002590052226837652	50.09137352402285	0.0862827502941822
2.245439281616237	0.0002745019613804522	50.05971153454689	0.08628275668945279
2.2460181200219242	0.0002895857034479965	50.030297761089706	0.08628275595921
2.2465890117137546	0.000294946333247799	50.02580714176417	0.08538841044014635
2.2473081997742614	0.00038616308618358666	49.9111082721479	0.08538841640149146
2.2479067339695673	0.00027366225217414635	50.062729885119595	0.08538841856068416
2.2485615984838265	0.000352545966116751	49.948003179635265	0.0862827551838248
2.249159835743476	0.0002739438656750218	50.0603283694272	0.08538841612571839
2.249854839933361	0.00036218153796466646	49.935550630424444	0.08538841988138246
2.2504392077528284	0.00027847277967057353	50.047091231963684	0.08538841401323945
2.251073931930563	0.0003380829054818759	49.960578005197675	0.085388416903097
2.2517006375262625	0.00029965136958228297	50.01109024122412	0.08538841585201626
2.2523391877045658	0.0003225814463850135	49.965270151562436	0.08720832116920163
2.2530729625521175	0.00041253242439624125	49.85643124639909	0.08720832918230158
2.253732089802564	0.00032507811739727546	49.971635307167574	0.08538841533330774
2.2545107317484563	0.0003699463637265295	49.915785519113825	0.08538841093711365
2.2552879801735637	0.00035732707420022594	49.9306854030246	0.08538842311972131
2.255926197972176	0.0003406479124788981	49.95102019792398	0.0853884097642511
2.2566483327327536	0.0003811021570921184	49.89435276092104	0.08628274971036429
2.257320263390863	0.0003283543473067444	49.963614688150926	0.08538841155572509
2.2581784570928987	0.00046360985727953336	49.81146809146807	0.08538842100743199
2.2591053856505177	0.0004835387361467026	49.79118414432156	0.08538842305666781
2.2601854669601265	0.0005216341162854708	49.75852711414732	0.08538842126336076
2.2610581528371636	0.00042688132331303525	49.845736704283865	0.08538841657891565
2.261913155649956	0.00043885763141888903	49.83359719669418	0.08538841318716753
2.2627595645463225	0.0004227923183575507	49.84363680834624	0.08628275662630089
2.263593976060659	0.0004143899622192358	49.85671187387128	0.0853884132148818
2.2644164560754634	0.00040878453605352246	49.861342339181334	0.0853884066964086
2.2653789768246284	0.0005037501507036845	49.76290071620988	0.08628275795756393
2.2664387880058126	0.000551197770174614	49.728114314261965	0.08538840779860497
2.2674310436237164	0.0005666979745087154	49.71708653353288	0.08538841343899284
2.268757353640005	0.000636912414127252	49.66118382701069	0.08628275539548937
2.2700735068546214	0.0007814940215587067	49.579412818242076	0.08538842413057614
2.2715029278105074	0.0006467898503325801	49.66260546597961	0.08538841312828781
2.27302828273673	0.0007772079461267992	49.58396730843546	0.08538839909884267
2.274429854770956	0.0006734066944352887	49.643764750899095	0.08538842339259321
2.2758638165422482	0.0007382720409629745	49.599830696388565	0.0853884009394824
2.2773418677229182	0.0006933093863523204	49.61670980834073	0.08628275324814628
2.278966131325542	0.0009271783779450084	49.49181210138515	0.0853884000896745
2.2807395972587603	0.0008331826800753401	49.53350996036815	0.08538840809421325
2.2823651051531133	0.0008611315513541015	49.51409046035829	0.08628275413701268
2.284185982679837	0.000969079735358891	49.45794355259617	0.08720832390584216
2.2859907376520106	0.0007543532699273717	49.5797159896944	0.08538841519288629
2.287656814746639	0.0009832373064054569	49.45963593521408	0.08628273266378814
2.289854713793525	0.0010659677324738456	49.420856061513945	0.08628276263772856
2.2915558866480197	0.0009485675747510301	49.474316193630244	0.0853884270543035
2.2934894748101318	0.0008332343195141089	49.5148979920432	0.08720831806498122
2.295213712309188	0.0009223257470901886	49.47951908369923	0.08538839807402358
2.297140062036628	0.001148523317191409	49.38458286022848	0.08538840144448152
2.3000260337054383	0.001230704933332004	49.17380956528107	0.09867238372568367
2.3020398531405277	0.001018790075160225	49.444008083671974	0.08538840450422053
2.303980245115458	0.0010431729862880636	49.43657927451291	0.08538839913163244
2.3061460691180935	0.0011124381618171574	49.23576608707021	0.09688584226533835
2.30867639403263	0.0011321010291884218	49.40760573763557	0.08538841031520626
2.310641919734161	0.001169096233893023	49.219940301860255	0.09688583717922908
2.3132355227719	0.001447129169537292	49.290438731873344	0.08687409826869863
2.316040070667417	0.0012867549750810307	49.17560313100949	0.09867236703530873
2.3186065936221008	0.0013065318858432808	49.27651111758647	0.0909916394174356
2.3217716859640296	0.0018317963980337502	49.02892626099661	0.09867237886039694
2.3247005084193644	0.0010329396782827018	49.29021894695827	0.09688582953006158
2.3275864864815894	0.0016195440613335126	49.089335628999905	0.09867240303640722
2.329989933933052	0.0012223904555931943	49.22339102907272	0.09688583560310188
2.332731640006945	0.001298561381451708	49.19604399821611	0.09688584926475975
2.335518134369483	0.0015320514429640576	49.110187252045485	0.09867239577655118
2.3381142620130326	0.0009762385145124766	49.31023418733094	0.09688583201869735
2.340615793645851	0.0016335159802087665	49.073216177723026	0.09867235863280502
2.3442341175384165	0.0016858732761798883	49.052893097859034	0.0986723816600818
2.346947436672292	0.0011246046960050919	49.232833311185374	0.09688583694060639
2.349352301225868	0.001244422763922237	49.18456810802388	0.09688584950511014
2.3520733328559	0.0016241941317698687	49.05501104915488	0.09867237209517422
2.3552822556084063	0.0015423952785154431	49.08078267143401	0.09688584827223369
2.3581175139202326	0.0014396566566621165	49.105677377646884	0.09688586293011694
2.3612850031965795	0.0013200833799425953	49.13761820146203	0.09688582988956845
2.364005901792077	0.001970359392531735	48.94976830186782	0.09867238181610345
2.375169662224505	0.004014707026647766	48.68775265416797	0.11351545298819285
2.3816138894098735	0.003296137268008837	48.77442005186865	0.11245777557984737
2.388905538064643	0.0038897167967416172	48.74535409756404	0.10804198935181616
2.3963879595838247	0.0031858932478305495	48.793399061673924	0.10991505151262651
2.4036056965998016	0.004386886166423392	48.64006224208865	0.11039388647403336
2.4121596985280034	0.0036866758373882333	48.736487538482926	0.10713281404251908
2.4202031337747245	0.00422239567511554	48.66672671836875	0.10713282369714222
2.4306616478978924	0.007066296691072633	48.391196858846754	0.11087873604175598
2.4439805720262155	0.005710655006330105	48.45831147707953	0.11186706253975698
2.45367352337231	0.004467600174176583	48.52842274018592	0.11298312188425493
2.466633770687226	0.008130734096196671	48.28712094668222	0.11298310906881685
2.489505866374345	0.013370120156518523	48.07010951086353	0.11039391944833123
2.51838346695152	0.01876501728273776	47.89543276997465	0.11405486630202753
2.558024232769233	0.01712806107618727	47.94770998045963	0.11186706266380261
2.59751321657155	0.01884737054900671	47.71123971622713	0.11406288787306888
2.623779248741714	0.010569216751008553	47.80356754895816	0.11353920857054126
2.644102825580685	0.010806496705598322	47.9387676274189	0.09825940308217718
3.1512047796325318	0.011694396508161918	48.01148789330859	0.11898854565223095
3.180148454792457	0.01721756442310284	47.74205988147277	0.11817890852566523
3.204020577353777	0.00466929906602418	47.724497263811415	0.11334230394264048
3.211063225225314	0.003807756870947639	47.66578586905655	0.11187447084804851
3.2188064901301257	0.003069107846976956	47.77251993081089	0.11121010862696855
3.2237681605002955	0.0024653183945414887	47.88327607847536	0.11263451519904959
3.228971403525919	0.0024359578712603207	47.926460376823044	0.1126345316064278
3.2337453146465345	0.003243334191191701	47.78639342801317	0.1108821775465976
3.23945927108863	0.0020120235297304725	47.9192334618833	0.1126345139844277
3.2455139627533587	0.0036977293704375702	47.62678834520531	0.11334232325361177
3.2516950345414335	0.0027563671586761933	47.728507405298124	0.11479677072253805
3.2564350454713606	0.0023746224722075893	47.793454250584716	0.11263451738411064
3.2613322421374598	0.002434983356787748	47.785030956341785	0.11228533058298039
3.2671183408815496	0.003003438020424996	47.68637147231127	0.11479676554995931
3.2735588367988058	0.003720142266840146	47.62251105592712	0.11187450209732586
3.280720292995346	0.002661327653804033	47.766511242761936	0.11228535522940646
3.286149968097275	0.002956786667252473	47.720242564060314	0.1140629645321522
3.291391311994473	0.002515563020539023	47.81304329368345	0.11088217342164677
3.2963612683699948	0.0026474007810892352	47.782199576174335	0.11055706139568655
3.3012841671381485	0.002538250454327722	47.76925942052178	0.11263451971658733
3.307495975540564	0.003205954354619698	47.66528749462576	0.1122853323802243
3.3140539087946133	0.0033119322632600423	47.6385114461187	0.11370100271476523
3.319838783994058	0.0025080845738706175	47.7571158152788	0.11298683939166314
3.3256699572504314	0.0035242922564560648	47.7177541307473	0.10312957903847583
3.7087375240817035	0.002452217084332848	47.42254130318318	0.11259481445151065
3.7140662295588376	0.0022383383562673063	47.297013098823015	0.12785127910212435
3.717590984462527	0.0015207068987363383	47.5656533931044	0.11259483228737828
3.7216944585034764	0.002591032770983402	47.32750906410149	0.11052038237092146
3.7265919720383245	0.0024428073696914224	47.306583338724806	0.11533133798626206
3.7312454495679503	0.002180994844523075	47.2258216209583	0.12785127276887698
3.7361847572257982	0.0038172330146582474	47.247903076333095	0.10110757017879762
3.8140454478384083	0.004384251690455319	46.90612178916996	0.13199782074497135
3.8203604384464134	0.0020404597870264736	47.39175702963837	0.11283646275518401
3.8241751299140248	0.002070200507975079	47.25972227772557	0.12699140040219647
3.8292081152799566	0.0023521234574474304	47.19207668272163	0.12772911957947747
3.8338724031665468	0.0022804535428712245	47.17446223242236	0.1273588350420988
3.838372127097352	0.0023030022866101624	47.1426069615636	0.12626487613137993
3.8434727017914048	0.002754102927376992	47.05567324900665	0.12662673980463882
3.847708516783382	0.001825763393557401	47.288075148979104	0.12151116684536192
3.8532119203615043	0.003828048075311297	47.206172473903145	0.09910279895460329
3.912359422196487	0.002408406977366952	47.03049466781858	0.12769634189001433
3.918294530055878	0.00273974755063561	46.998420769771904	0.1239397188868637
3.9231838640879166	0.0021407267155477082	47.09302197146581	0.12733094530700811
3.9283729770755693	0.0026768922419383406	47.04035146260872	0.12459927289672248
3.9338488059134544	0.0031794100308806003	46.93754854558808	0.12994816079736654
3.9385545433091718	0.0018285788197592182	47.194420042029265	0.1266084344369349
3.9426136531749867	0.002155759165069972	47.11887978888359	0.12843547593009133
3.9462662393377883	0.0019400608497268518	47.24790904502604	0.11784455997185396
3.9940847935626076	0.0019470159378246993	47.14118570204191	0.12638003958761362
3.9988154082564282	0.0028490911560047753	46.97062037663624	0.12800726427062478
4.005325834382956	0.002602855161668894	47.02371793639423	0.12759519003341815
4.009346678686249	0.0025011886353288955	47.05514606470304	0.12578403753775133
4.019306585408602	0.006012477091358512	46.89186569183866	0.1037310587135504
4.064442511179533	0.0029968784452642293	46.913937124763606	0.12662651547931725
4.069614675281866	0.002920837100081387	46.936468671032664	0.12501934075063767
4.077132748227121	0.0035750890602121656	46.801291661203514	0.1285322686298641
4.085164338768689	0.004161887039066365	46.74807922506366	0.1250193684587029
4.123321117746425	0.002963463439672944	46.73724075576729	0.1272503746840323
4.130654168141457	0.004452998914306513	46.53340728157492	0.13073343540287458
4.151013131443379	0.023007503570036794	46.6601219830591	0.09508654816155028
4.257978685091981	0.022316346428754484	46.67322014257199	0.11323835999869462
4.352131514003566	0.03434344314602632	46.46390556013411	0.1088284105722284
4.430739002020573	0.028376013953154373	46.293294505536984	0.12988837633149636
4.635756329230181	0.11872880303266257	45.82037667997784	0.12297926112385772
4.817191765491167	0.04984118163019869	45.72928801191789	0.12166396262770762
5.028758521694153	0.19633024018998735	44.89243685369364	0.16536907692588923