-2.284162336632442	0.4136140458657998	51.28624990445239	0.11780574030068434
-1.821051468991982	0.1423916133755411	51.02948000739592	0.11833777991850863
-1.6020599903027737	0.08599890710456697	51.401072958226564	0.11400114145385054
-1.4571622774232527	0.06160205771223835	51.871539276660066	0.11333235571508951
-1.3487028297139485	0.0479883449034013	52.32442140527603	0.10956060101247196
-1.261989081586484	0.039302667155134995	52.49146094765326	0.11216640234078032
-1.189740863326401	0.03327927106952713	52.551556375077745	0.11040917018735781
-1.1278148863727406	0.028856777326194773	52.505204921131615	0.11527806936344195
-1.073627011624517	0.02547181861640249	52.546721767524005	0.1096778698515857
-1.025456387804374	0.022797610512999486	51.99198805288851	0.14823469817666068
-0.9820992764074127	0.020631567175093967	51.994279572816886	0.12514199403216417
-0.9426804540958114	0.018841409816837597	51.852645805258966	0.12676193935476007
-0.906543633869825	0.01733710485148573	51.83945921195389	0.13010629686651679
-0.8731841017265767	0.01605524893256166	52.03653859881111	0.11198368383026164
-0.8422052405618065	0.014949896376756769	52.00054249151957	0.12391372322129965
-0.813289778106273	0.013986940260080525	52.0941482989331	0.11659112062548681
-0.7861799039018444	0.013140528901062983	52.145064767280395	0.11250373066501587
-0.7606633506889577	0.012390712851590963	52.06402876722564	0.11439580678743722
-0.7365631653756607	0.011721848586980723	52.02806314383988	0.1113427609266538
-0.7137303271233685	0.01112149751071231	52.01941636137124	0.10881653173207703
-0.6920382084956408	0.010579646343671825	51.92379245874006	0.11139453939712447
-0.671378218347091	0.010088141384283223	52.01341451003782	0.10630381075506351
-0.6516565826357004	0.009640277256546289	52.01709489471903	0.10753671224150012
-0.6327917399227722	0.009230488419610541	52.11740569774081	0.10419760500994779
-0.6147123597360933	0.0088541179186277	52.01204533076823	0.10953161286639872
-0.5973556285000587	0.008507237754742722	52.07707305646785	0.10510895893378172
-0.5806659776959938	0.008186512316493522	51.81329433257846	0.11251653825712195
-0.5645940460448073	0.007889091404345249	51.793198128451294	0.11046055214442736
-0.5490957237778337	0.0076125238385397935	51.64092957730771	0.11731680945321599
-0.5341314735466468	0.007354690735864665	52.00676697610775	0.10681961019057654
-0.5196656993848696	0.007113750698155594	52.126595813238666	0.11542127977981873
-0.5056662796870984	0.00688809647982279	52.3848784468691	0.11628187391055414
-0.4921040724488262	0.0066763179985097525	52.59228475275892	0.12160355053993693
-0.47895259374497556	0.006477173577766164	52.794563204554024	0.10829511954312966
-0.46618768608210936	0.006289565263626177	52.291979984458465	0.12248633394970194
-0.4537872892962759	0.0061125191276058055	51.95965740660183	0.12691926794197284
-0.44173115371211125	0.005945167507721491	51.95598353864843	0.10814049916032667
-0.4300006710737707	0.00578673524463275	52.00802457051377	0.10603143411635998
-0.4185787269969203	0.005636528001401511	51.874942223715664	0.10923883900901
-0.407449498060073	0.005493921376153434	51.805478625023284	0.11792089991659917
-0.39659835530833737	0.00535835270758173	51.93170468803529	0.11067290504963193
-0.3860117319734906	0.005229313440307428	52.05127611338562	0.11007188253004975
-0.37567705295897347	0.005106343131854079	51.894395349304745	0.12001907139725486
-0.36558259750222843	0.004989023382104613	51.79338371927571	0.11223428810185902
-0.3557174438450808	0.00487697338687222	51.50802723512461	0.1221291469460473
-0.34607141954312787	0.00476984604207243	51.61747773919969	0.11223389716743676
-0.33663499414975145	0.0046673238481801755	51.7541405445683	0.11994064293953872
-0.3273992522758007	0.00456911610661642	51.98075915248309	0.1188782065169478
-0.3183558288687114	0.004474956012877085	51.971956347268346	0.11414003814422409
-0.3094968905651585	0.004384598514854643	51.483584010230224	0.11369211571479881
-0.30081505436193523	0.0042978177602165865	50.93215672302309	0.11610895738929938
-0.2923033715227652	0.004214405435173458	50.83208103991785	0.11465152058240284
-0.28395531265536894	0.00413416927038523	51.48015630897036	0.10618412265691787
-0.2757646994604875	0.00405693118680591	51.90022749419967	0.10710551036285093
-0.26772570280770774	0.003982526228143557	52.12324888409702	0.10704229499125184
-0.2598328055831029	0.003910801269015972	52.15220495852846	0.10526531157866241
-0.2520808034063838	0.0038416141755364033	52.11510836999129	0.10438906082079875
-0.24446474864693746	0.0037748325433135835	51.88604337101626	0.11055494829453
-0.23697995512935233	0.0037103330680788	51.77693954399389	0.11007991410229459
-0.22962196944479996	0.0036480006857818287	51.65209706654416	0.10773773061844766
-0.22238657690917485	0.0035877280722309336	51.97993336105139	0.1098158625229109
-0.21526975410053234	0.003529414746818218	52.45298700900541	0.10511677569648444
-0.20826767230367726	0.003472966659950633	52.72941866473415	0.11120785820914253
-0.20137670042697942	0.0034182958069263725	52.560188123861366	0.11448825630740891
-0.19459336233191687	0.0033653195169967656	52.536032116721614	0.1062296249953412
-0.1879143472849381	0.003313960206212785	52.362363169852486	0.11007025501793619
-0.1813364901311888	0.003264144919017095	52.23690653525607	0.116888735212612
-0.1748567818432039	0.0032158051301244108	52.0526349889135	0.1265136596335116
-0.16847233179988813	0.003168876206727715	51.93646006957519	0.1413997717251566
-0.1621803750922341	0.0031232972365986367	52.09629717201572	0.11577153497383262
-0.1559782791020567	0.0030790108617516467	52.134967901733205	0.13261243620572616
-0.14986350871681003	0.003035962833377976	52.47178080531033	0.11329098779554957
-0.14383363894918338	0.002994101927228503	52.59441872373886	0.11575987210257802
-0.13788634004022277	0.002953379675892138	52.643845542996594	0.1293017778101478
-0.13201938973793137	0.0029137503023361887	52.91591392881451	0.11470060755405888
-0.1262306416881579	0.0028751703657999683	52.69470957822678	0.12178961117269514
-0.1205180342955049	0.0028375986977163432	52.44781642973717	0.1334679309702128
-0.11487959883988785	0.002800996335826257	52.48653321780061	0.1254026486302013
-0.1093134298329187	0.0027653262211020076	52.79468539147105	0.11874566536132632
-0.1038176982492417	0.002730553185471562	52.87278849822819	0.12684948101246263
-0.09839063961583716	0.0026966437828511353	52.92910606899669	0.12218240937520511
-0.09303056674917864	0.0026635662824151017	52.64251674118259	0.12045975259081644
-0.08773584231729725	0.0026312904176931575	52.36803671453959	0.12022851439629113
-0.08250489207579159	0.002599787396028553	52.137137473238724	0.1139962968646044
-0.07733619416108484	0.0025690297646820503	51.822318598089225	0.11224532843507651
-0.07222829180328949	0.0025389914222800286	51.73793991955215	0.11709943079209499
-0.06717976773118639	0.002509647407211563	51.81942839614456	0.11219438734972896
-0.062189253576609316	0.002480973899653178	51.766035314093564	0.11281738057893315
-0.057255438615666954	0.0024529482189574975	51.84573807850253	0.10849581225581549
-0.052377045370953335	0.0024255486354398384	51.87286490555016	0.10698780690863141
-0.047552842552628705	0.0023987544002335662	51.96307996944904	0.11978265607081949
-0.042781635917962024	0.0023725456519647086	52.37099823548741	0.11319497795526297
-0.03806228068694817	0.002346903445418572	52.7386271621369	0.1085612151492102
-0.03339365854540988	0.0023218095885392236	52.74250948502588	0.1209947791407149
-0.028774686899124213	0.002297246659901119	52.95671671526003	0.116295795653456
-0.02420432753059021	0.002273198021521308	52.955224161574456	0.11701344585615435
-0.019681564532453066	0.002249647671324263	52.64190282066312	0.12081498713879504
-0.015205416762988033	0.0022265802812992887	52.39752044693093	0.12036628660414088
-0.010774929824625579	0.0022039811290681323	52.240958646587714	0.1134423887367501
-0.006389188020687442	0.0021818361336218652	52.071433694381696	0.12259466641188192
-0.0020472933982355057	0.002160131724913173	52.07705654606856	0.11783565904691286
0.0022516252973290296	0.0021388548681869233	51.85231587125499	0.13931383610753675
0.006508404202128282	0.0021179930840185476	52.02433605907766	0.11513746001330948
0.010723864541618333	0.002097534328681027	51.976504422899986	0.11564026216578764
0.014898800731001804	0.0020774670347383875	51.793028880935225	0.12801212974058576
0.019033987558946808	0.002057780058697504	51.713430649453926	0.11697924121344547
0.023130168749643132	0.00203846271881463	51.50678305732259	0.12527736966117803
0.027188076263842675	0.0020195046876675003	51.5420523743212	0.11069801733189506
0.031208418724481657	0.0020008960327429857	51.11410494376939	0.140383730944517
0.03519188820937891	0.0019826271707895156	51.27761189429834	0.11025715378179497
0.03913914911606231	0.001964688905598093	50.996836144673374	0.11865801292315785
0.043050856645513225	0.0019470723308170823	51.10058055627404	0.11865121283539164
0.04692764842599417	0.0019297688571656589	51.559721440950455	0.10863844803584023
0.0507701365851434	0.0019127702361086548	51.83656747995601	0.11170097867679585
0.054578925670950906	0.0018960684693201462	52.10667305174111	0.1171196350360292
0.058354601637927495	0.0018796558479698083	52.479733844727605	0.11322714380025811
0.062097738066344665	0.0018635249159360127	52.54109185507427	0.11409996283835783
0.06580888554902509	0.0018476685064108672	52.341142389062924	0.10918170042192901
0.06948858891978582	0.0018320796591091227	51.87644361688598	0.11877819999314446
0.07313737925656316	0.0018167516470691196	51.85842056224407	0.11862331713522717
0.07675576628649161	0.0018016780003698907	52.21071552973056	0.11641122195478835
0.08034425513319998	0.0017868524284467763	52.53186302455051	0.11847653413223085
0.08390333583861953	0.0017722688572399791	52.80343885440763	0.11416834123690481
0.08743348911410898	0.0017579213987773915	52.76286738192673	0.12709398663515317
0.09093517622681113	0.0017438043858591414	52.882810549908584	0.11874033647506838
0.09440885515014552	0.0017299123004056892	52.75378344073146	0.11971432961327105
0.0978549729347129	0.0017162397991176504	52.50414345950307	0.11597568323971683
0.10127395844088072	0.0017027817364554125	52.18121299350548	0.11488097162662414
0.10466623807164177	0.0016895330970162967	51.835218571639786	0.11667534837604102
0.10803222579753036	0.0016764890302344636	51.43331224278138	0.12025824793542993
0.11137232851658663	0.0016636448246955596	51.554786182973075	0.11811433337415622
0.11468693641101446	0.0016509959406150595	51.60393112578624	0.12095184271872232
0.11797643815870973	0.0016385379470302342	51.76102902722764	0.11733967156913827
0.12124121123005727	0.0016262665550710613	51.90079565852309	0.1216694867185776
0.1244816270513438	0.0016141775944538076	52.07743532964968	0.11190657090096158
0.12769804161607434	0.0016022670446676508	52.07584327801149	0.11351533242256477
0.13089081021145943	0.001590530976439226	52.04612262436738	0.1241724617170677
0.13406028032855188	0.00157896557503676	52.10118067879323	0.1176606157970917
0.13720678488111693	0.0015675671614200823	52.024012703716494	0.12511062890285032
0.14033065658972654	0.0015563321366048402	52.1260879734518	0.11106609317683534
0.14343221872708156	0.0015452570124835547	51.89338451093319	0.12906718326479602
0.14651178997518666	0.0015343383914575303	51.98404532362149	0.115803828073535
0.1495696754576289	0.0015235729954013325	51.84763579863191	0.12407742967607685
0.15260618069289822	0.0015129576135424763	51.837544050843846	0.12228904177936518
0.15562160481975373	0.0015024891241930752	51.75602536902147	0.12077928277565696
0.15861623410312387	0.0014921645146002524	51.63810092557964	0.13992465216824143
0.1615903555820165	0.0014819808312310156	51.85925066877493	0.11559656573285101
0.16454424822992808	0.0014719352082756074	51.74989379170971	0.1219137531089906
0.16747818754494137	0.0014620248497707203	51.68806352738236	0.1255509623185111
0.17039243697257167	0.0014522470564527074	51.760737214180146	0.12166846366034068
0.1732872611678986	0.001442599178979891	51.77551047038005	0.1129695388755693
0.17616291951441587	0.0014330786381397166	51.59363299507901	0.1337676440752819
0.17901965989875424	0.0014236829434069172	51.70781744275807	0.11590486608193197
0.18185773169828656	0.0014144096481893123	51.83564586393484	0.10924181246500167
0.18467737732533518	0.001405256376182291	51.725983840779385	0.12080502065358621
0.1874788365815938	0.0013962208055094763	51.75853760320441	0.11688462658336023
0.1902623384429808	0.0013873006936105496	51.664820202697435	0.12054778120322793
0.1930281136993084	0.001378493834973703	51.7251865763019	0.12248926674328232
0.1957763867046982	0.0013697980863425646	51.68934753100392	0.12994095162347905
0.19850737960914777	0.0013612113518441952	51.78836048974968	0.12186762376684757
0.20122130433824081	0.0013527316068241723	51.895593354319075	0.12120547361479757
0.20391837490390097	0.001344356857851462	51.939721228671665	0.12472663971265216
0.20659880134298703	0.0013360851607110912	52.04457243825432	0.11816220892620964
0.2092627838788904	0.0013279146370454725	52.170006318487424	0.11630311656642368
0.2119105249971054	0.001319843435938421	52.23830951661894	0.1147838448043622
0.21454222153525448	0.0013118697572533145	52.322164277229746	0.10811198328008208
0.21715806871724652	0.0013039918382592984	52.19238682241267	0.11266287370046796
0.21975825245446146	0.0012962079757472022	51.92226858515257	0.11677851187970893
0.22234296112192753	0.0012885164895698282	51.635155354171154	0.12776693538419934
0.22491237973976563	0.001280915739359654	51.600480467396544	0.11606380936596927
0.22746668435982265	0.0012734041400497644	51.43832873686406	0.12405330366336409
0.2300060536272308	0.001265980126779848	51.60090590927768	0.11533651216829342
0.2325306611850837	0.0012586421765354637	51.69695729423231	0.11964247064375681
0.23504067953043806	0.0012513887960367903	51.85214374484305	0.12066302425206209
0.23753627261397503	0.0012442185422863895	52.04024152231155	0.1113653423985207
0.24001760712769227	0.0012371299891742757	52.11429815476001	0.12351191345547684
0.2424848469120855	0.0012301217430260324	52.30404037121536	0.12310547883828737
0.24493814755272192	0.001223192457086805	52.63617873549282	0.11324242084916553
0.24737766747116685	0.001216340799317319	52.808024655605685	0.11539486586218235
0.249803560621644	0.0012095654724917772	52.46755392958577	0.11245930122064422
0.2522159801852121	0.0012028652031633488	52.11863163997731	0.10931275466977157
0.25461507144694695	0.0011962387607847283	51.657495052967356	0.11290387274431474
0.2570009826352574	0.0011896849269913082	51.70592966602245	0.11839759439263202
0.2593738577760373	0.0011832025148836975	51.817938704052445	0.12372182947189464
0.2617338403007826	0.0011767903585397136	51.917690783881966	0.12889971429081498
0.2640810660736831	0.0011704473313782068	52.12366693302284	0.1312828325925837
0.26641567399080046	0.0011641723168246746	52.37318532341101	0.11380583886360199
0.26873780071086717	0.0011579642222219644	52.367798687510096	0.12085830729668548
0.2710475755540376	0.0011518219918494339	52.28925173128254	0.13618802163746035
0.27334513092800516	0.0011457445785627723	52.531441466369365	0.11744701237063551
0.27563059544270796	0.0011397309617546185	52.372018286585224	0.1324771274762381
0.2779040973777428	0.0011337801377224361	52.405828022990036	0.13376948309299713
0.2801657579578084	0.0011278911368028677	52.251489062584994	0.1477699637683677
0.28241570155688955	0.0011220629962341766	52.25914597011203	0.13878899010766826
0.28465405061723137	0.0011162947731415658	52.34699049036302	0.1253841078115126
0.2868809207244297	0.00111058555672218	52.11468621778345	0.16030387978910474
0.28909643065140744	0.0011049344419716424	52.19887217281166	0.13498930865863384
0.2913006957160328	0.0010993405464448398	52.020465585144365	0.1542122471261188
0.29349383111903216	0.0010938030013716792	52.078871070331815	0.13980544690016208
0.29567594545135956	0.001088320967672607	52.08581673082596	0.13718483869089076
0.2978471505323823	0.0010828936107725794	52.03789105562451	0.13023666922224628
0.30108374189229614	0.0021497066287152924	51.7540093784724	0.1407821119674124
0.3064250272047391	0.0031851447176325627	51.699424353686005	0.1289468154372082
0.31065125687631157	0.001051433197140125	51.71138263352883	0.14117301110290975
0.31379415607191274	0.0020877033180183	51.64847082286228	0.13355460486874093
0.31794961945633404	0.0020678227927389183	51.63890526992316	0.12500083472554818
0.32206569786660766	0.0020483173311412386	51.53669411630052	0.13224782719427453
0.32512735664690395	0.0010169640136104912	51.54500099574539	0.14274705055090808
0.3301826396172439	0.004020779838543399	51.24758886517773	0.12703003396497198
0.338150655672547	0.003947683055217187	51.29457176967761	0.1297516757459731
0.3440321739221801	0.0019472905828487735	51.49925255219428	0.13533913723556046
0.34983510402971074	0.0038428889017261478	51.597036440971856	0.1272140251286701
0.354612343446599	0.0009502121918573105	52.12768682837796	0.12396816353937395
0.3565086215030001	0.0009460722855493691	52.090079237144394	0.13401559984938313
0.35839665714758284	0.0009419682933899576	52.30493322011159	0.12842745599588434
0.3612134072098534	0.00187175727725324	52.2761898621182	0.13484020145887776
0.3640120060378652	0.0009298672151469474	52.6865566929472	0.12618098892380672
0.3658677709182162	0.0009259023171027102	52.62862817342922	0.14153205737819163
0.36771563836479426	0.0009219710905890746	52.81466603358553	0.1360411570541292
0.36955567667207145	0.0009180731055991672	52.79555260379456	0.13581854593042036
0.3713879532643227	0.0009142079394166898	52.77686082713517	0.14141989985558787
0.37321253064065263	0.0009103751849930292	52.830747879129476	0.12604051923939386
0.3750294745797659	0.0009065744335221149	52.75515039013367	0.12250388780302186
0.3768388486872779	0.0009028052858402908	52.649044650192856	0.12951209218728515
0.3786407171168249	0.000899067346621172	52.552381644043344	0.13037264524632478
0.3804351392187666	0.0008953602353559769	52.36451565698271	0.1596339025379743
0.38222217760790667	0.0008916835695111468	52.407497046376406	0.13878550388297128
0.3840018941238018	0.000888036972855697	52.35164446826003	0.1394184282982075
0.3857743458898396	0.000884420083383411	52.32902876557318	0.13599150582125127
0.3884195335919304	0.0017580993117916014	52.21938394245056	0.1259085086910316
0.3927926902807721	0.0026107272744235613	51.943105463258306	0.1428386541631066
0.403112022967572	0.00764827382646225	51.5811809519969	0.14104537758997562
0.4123607301906329	0.0016638041657480928	51.873053101932996	0.1292810479226098
0.4156756555742156	0.001651152863110336	51.45743392771963	0.22608675504636566
0.4189654687985307	0.0016386925101554315	51.867178685597516	0.12715361401449568
0.4230429987151869	0.002435068585004071	51.570112906458654	0.14315666649463396
0.4278860318891444	0.002408064773726243	51.53575162184892	0.13802773855201342
0.432675652679934	0.002381653315854985	51.520699817839656	0.13864993114678573
0.4428754318997641	0.007754566237391482	51.28502224566582	0.1310727986254699
0.4543542381226424	0.003776145397090017	51.35651248244999	0.14281882061428808
0.46332372273589084	0.0051785390933655525	51.230712015821034	0.14650344395815976
0.4735592318842501	0.005057917601572769	51.23703143758862	0.13925681131022927
0.48917153065397434	0.01045568932247992	50.912001251553185	0.168150547811573
0.5035682150007468	0.004045907758923886	51.27395849789686	0.1317594785917874
0.5082629733622628	0.000667067786395305	51.72475005689228	0.1309599445879803
0.530370901034682	0.006973562955887754	51.02281542607827	0.1407997199428083
0.57031748085506	0.03180373678595128	50.86334379611706	0.12798014367644903
0.629677001480913	0.02774077755387706	50.85769381676211	0.1670782763281161
0.6617517886183133	0.005153162507831075	51.42332028275408	0.13884515789939428
0.6782974660020449	0.011273933908734565	51.19608876754503	0.15342393699311055
0.6911821918865502	0.0017510991664349718	51.839956140362276	0.12647680766746525
0.6933655684662783	0.00043557944117162783	52.12049521969152	0.13555189573700582
0.6951044004582079	0.0013015168532052451	51.84811184623633	0.13407309951256954
0.6989915034076764	0.0025798395051310355	51.659910635355416	0.1385911450310233
0.7041207729861756	0.002549549329484464	51.340158802354466	0.21687684234687069
0.7079283569467798	0.0012636472006906953	51.73036210101116	0.14354251848150096
0.7142010742709726	0.004982107723285415	51.27285510632475	0.1838791649975017
0.719974980806567	0.0008193849007508415	51.86446723743661	0.14042093406468745
0.7220186270236308	0.0012233073061586966	51.83258591099661	0.1304978499467299
0.7268844955055465	0.003629033320755272	51.381123337254564	0.17531509249694524
0.7340825799878277	0.0035693807021725797	51.50596696987121	0.14141444350389742
0.7434981219945667	0.005821381734905156	51.45387040220106	0.13974746230622084
0.7549875575473841	0.0056693940471109995	51.52864390832725	0.14865552738157498
0.7628530513531524	0.0022270560166470815	51.848633360299374	0.1412685036795915
0.7694833490947997	0.004386628327188113	51.760509248629695	0.1398172260899174
0.7756536975052162	0.0018019770217267373	52.11649298859269	0.13780213582923131
0.7778107046498086	0.00035860986896781916	52.532228177582994	0.13237479281268885
0.7796000624762602	0.001428541530540111	52.20161298448323	0.14641633334759968
0.7813820783879935	0.0003556729716442486	52.542593211694026	0.13724384413492788
0.7824477887078727	0.0007096025194781492	52.453793902720896	0.13590404885390173
0.783864679886898	0.0007072912047798872	52.414779760268374	0.13047489664121367
0.7859813867568799	0.0014077046539820069	52.06177811012047	0.13966458192096884
0.7880878272931924	0.000700446726901155	52.157255414721384	0.13371928872503755
0.7901840999538032	0.0013941478496809687	51.7474239567388	0.1549365417790104
0.7922703030730844	0.000693733448249618	51.826687247790275	0.13658148313568247
0.7943465325431822	0.0013808496704791895	51.49673345913568	0.15481620153313042
0.7964128834012825	0.0006871476318694153	51.61065764283746	0.13696376371353755
0.798469449206447	0.001367802785961235	51.306226728834815	0.14666844745015542
0.8011964751129534	0.001359240974955908	51.481123632341024	0.1394642003770803
0.8039064842495924	0.0013507856831212314	51.61418368100959	0.14322340855023052
0.8072703868372519	0.002010545034616385	51.587850994529404	0.16744725317406062
0.8102757815482058	0.0009983398687390178	52.13507467731007	0.12850494311452965
0.812267885327387	0.0009937709820026586	51.99793944451358	0.16786256534203128
0.8139210198064817	0.0006599969334977468	52.36156446297001	0.13833872503576222
0.8178630566231222	0.003270166650401401	52.020381259432234	0.13494565981174605
0.8217696336859976	0.0006481765334891902	52.283757964136875	0.1376465988124556
0.8269243335004361	0.004483701005128624	51.61694918475758	0.17254084922527405
0.8335983400120617	0.0022076623027701015	51.762378229307735	0.13964858341247335
0.8423404097550702	0.00649100325378688	51.35429372048983	0.13955564385048672
0.8551321680414941	0.006302604693615768	51.530915917799724	0.1342315472333338
0.8628661189323807	0.0014741335390939104	51.940593600281474	0.1396117404669455
0.8649250175962491	0.0005868646087880508	52.15539689278184	0.14271161915135916
0.8669742018409212	0.0014602551425123094	51.89940794820729	0.15350069539272126
0.8698849360303282	0.0014505009252223783	52.02373869259676	0.13946125707516083
0.8719109046141376	0.0005775000589602371	52.357809805456796	0.12907917047745424
0.8730643713560262	0.0005759682796724962	52.28403305336273	0.14960050001771086
0.8742147830831033	0.000574444604201273	52.409015932992325	0.13262686364436668
0.8750755961389609	0.0002866535639554426	52.58150609452262	0.13269156744530067
0.8759347065690821	0.0005721741471443733	52.3826734341036	0.13697718685965887
0.87707754982544	0.000570670453745173	52.40010270270759	0.12608861189689224
0.8782173938002604	0.0005691746428680772	52.28578242517855	0.13281970302785273
0.8790703174969365	0.00028402896049980754	52.433993219194285	0.12556075915710696
0.879921569605661	0.0005669455722961342	52.16085028290585	0.13762625778508064
0.8816190845484722	0.0011294677857036572	51.919509024032145	0.13374544476201475
0.8833099900764103	0.0005625394023415003	51.977961096167505	0.13425501329147455
0.8841529807466146	0.00028072426996522925	52.17796708477406	0.13730621829485298
0.8852744285670076	0.0008400009321641833	51.96922597638284	0.1345351796779637
0.8863929881478518	0.00027928007581744815	52.21031119223848	0.1403135291655387
0.8872300210587574	0.0005574846533479414	52.229602909568975	0.12491421248267776
0.8886215012816474	0.0008335519950410229	52.11550790608083	0.139381693285284
0.8897314840371502	0.0002771414327435437	52.438298638996145	0.13352853643092016
0.8905621137389099	0.000553223759677937	52.106786067789805	0.18391988363626163
0.8916671541805137	0.0005518178990066964	52.351220763815405	0.13920271007754248
0.8930445123998645	0.0008251058840078148	52.34142443414714	0.12218498230330695
0.8941432626855448	0.0002743403441882932	52.34761618253932	0.1427412275009967
0.8946915969540556	0.00027399418439900416	52.44194267428152	0.12327358329613776
0.8952392397761422	0.00027364889707048846	52.42786764994344	0.12589732613995389
0.8960594117622345	0.0005462651889680139	52.08537342960497	0.13452442102494538
0.8968780373535128	0.00027261823673456335	52.21331735974579	0.12572411368799838
0.8974229317400841	0.0002722764064721736	51.818365257535014	0.2076103133013581
0.8979671437281804	0.00027193543211006805	52.07781811527581	0.13370865745685664
0.8985106742159541	0.000271595310943853	51.684662101031435	0.20836987939165075
0.899053525311815	0.0002712560395227304	51.984103489055684	0.12598931598260588
0.899595699115767	0.0002709176144143889	51.995089940030546	0.12883436138583482
0.9001371965098703	0.0002705800329584913	51.73935866748767	0.15584298579339093
0.9006780195819784	0.00027024329175370034	51.80943579059642	0.14258008244487128
0.9014879937048961	0.000539479496885717	51.59431218506698	0.1377276734004095
0.9022964600099537	0.00026923807814276454	51.71847171478421	0.1304600362959797
0.9028346025048857	0.0002689046667659365	51.77466210329419	0.12333240835712843
0.903372079002452	0.00026857208012874627	51.35668428029518	0.20123471532019854
0.9039088915487838	0.00026824031492793057	51.766079193296434	0.13287686876702945
0.9047128676965026	0.0005354884030105967	51.7765438439853	0.12962651454398455
0.9057825263220285	0.0005341711286567917	51.91680146004075	0.13804646508068258
0.906583044612076	0.0002665937092434766	52.29678842028703	0.13542769058188323
0.9071159048875035	0.00026626681104442533	52.2945479794009	0.15570507932925548
0.9076481125641491	0.000265940713308459	52.58378455131802	0.11949511139058641
0.908179668447433	0.0002656154135832203	52.61236929563199	0.11967953516209717
0.9089757845835151	0.0005302579065932059	52.244073429272326	0.12416229031127833
0.9097704440090151	0.00026464427160407747	52.12227792874273	0.13754871148596196
0.9105636518482767	0.0005283227177776495	51.88392462751041	0.13243753648160672
0.9113554139838009	0.00026368020512610954	52.175828526388706	0.12338550737020636
0.9118824543583126	0.0002633604086976754	52.0476185439142	0.14846494187246187
0.91240885591534	0.00026304138704011355	52.34661977044705	0.11745246165264692
0.9129346205931006	0.000262723137104445	52.26070476070299	0.12139556956905664
0.9134597491492595	0.0002624056565663418	52.1027210953328	0.13336401173412596
0.9139842435113141	0.0002620889424033548	52.117100859650954	0.13153271947964823
0.9145081052092374	0.00026177299184386964	51.87520472063677	0.16378790258448606
0.915031336157081	0.0002614578018950654	52.05427632443698	0.14116174845029783
0.9155539370941119	0.0002611433702816123	52.2087572134761	0.1303971783015725
0.9163366612699901	0.0005213462766542395	52.21722141109026	0.12773488427072763
0.917117977675941	0.00026020459655770687	52.44341768167662	0.13231902801946666
0.9178978905933872	0.000519475472679921	52.44737570587928	0.13217267176890748
0.9186764058274965	0.0002592725481764076	52.599263896594856	0.13478231566949264
0.9191946414920757	0.0002589633475036737	52.56785301383481	0.14227571056187419
0.9199708373283932	0.0005170018536266991	52.425173847521364	0.1352379584822015
0.9210036122348708	0.0005157738569795839	52.448659707017306	0.12769742667278527
0.9220339367825963	0.000514551680277468	52.34267351860127	0.13786434145601456
0.9228050792997631	0.00025681942101977957	52.52299965905154	0.1407881885875977
0.9235748547954872	0.0005127292371251393	52.2973540609547	0.14990033825841417
0.92459910468076	0.0005115214297668794	52.42594558539374	0.13439796971599816
0.9253657096717622	0.00025530965113759285	52.57850962910087	0.13478347972521035
0.9261309642359887	0.000509720350749152	52.399742186132286	0.12701210108226768
0.9276574393562824	0.0010158638214693406	52.11803354771336	0.13131479096389892
0.9291785679492051	0.0005061559769282676	52.15799390050193	0.1300213353650011
0.9304421181142486	0.000757028236234545	51.86991125103403	0.1425387086443327
0.9314503181041176	0.00025175761967781847	52.12323010372164	0.1275887793335855
0.9322049348263142	0.0005026411064293801	51.56439420899956	0.2169202849461778
0.9332090553216834	0.0005014803060014195	51.98147391861931	0.13151979029937846
0.9344609500493137	0.0007500552349470306	51.97457636267637	0.13989242494736012
0.9359584756156016	0.0007474733633901879	51.95515540699467	0.17201658069245523
0.9374508553066956	0.0007449092054992559	52.38814465544459	0.12623170589487234
0.9384429337554403	0.0002477365059735515	52.64676776130337	0.1338306175538332
0.9394327507504967	0.0007415175697961354	52.47638061836159	0.13820055977883922
0.9404203173125589	0.00024661110237728356	52.68903402474312	0.14088324992941562
0.9411595210165666	0.0004923834154311944	52.47275459456658	0.1420213324549322
0.9421431730263266	0.0004912694573314681	52.44662571406852	0.13429284566716465
0.9428794527640241	0.0002452186454295616	52.47077210456812	0.1402461358671962
0.9436144863645992	0.0004896079388503128	52.52771472844278	0.13750645034374756
0.9448367844783117	0.0007323478519962263	52.73350465404135	0.13249424500095128
0.9458121523471152	0.00024356831377208302	53.167682079276844	0.13351891332682708
0.946785334335225	0.0007290693857812614	52.71806023150191	0.15901846709934378
0.9482410306673859	0.0007266297348359368	52.63534943520011	0.1388306723282038
0.9494503949330149	0.0004830727531576658	52.53336955819239	0.14018882518941797
0.9504154673497209	0.00048200047937527673	52.63114989952471	0.1349233136253435
0.9513783999738799	0.0004809329552897764	52.520700221058625	0.17915054627362026
0.9523392022733481	0.00047987014941233366	52.797712161484796	0.14229977538096963
0.9535372236562649	0.000717822344359138	52.82466407906173	0.14262499931533507
0.9549705007172427	0.000715457261446469	52.71731415530839	0.20829349944518552
0.9563990631715791	0.0007131077123156261	52.93088479757225	0.13824964853104715
0.9573488339586365	0.00023718330036133384	53.02856097306002	0.14162623651340903
0.9590059517254832	0.0014176800912141206	52.2523182298772	0.1948060048612206
0.9608920901251159	0.00047051215512535524	52.51644832565124	0.13412353805787774
0.9618320963843334	0.00046949485906369446	52.31101572391043	0.1458951259007788
0.9625357685001787	0.00023436738447568705	52.4656724385888	0.14273352926519334
0.9634722274841878	0.00070158770415127	52.072277954742894	0.17610790742406496
0.9644066718953797	0.00023335992146628648	52.48393411135378	0.13625729088256955
0.964873141037502	0.00023310940766064066	52.51358962626698	0.13271244086693895
0.9655719066674482	0.00046546928762653716	52.36879660469239	0.12648465052639327
0.9669660745041571	0.0009279548771569694	52.20178004239837	0.12709416543264518
0.9683557809423824	0.00046249512204286794	52.33638040618359	0.12838758850492338
0.9695104823156797	0.0006919006112225893	52.175432498149675	0.12987637085150258
0.9704320379419247	0.0002301446607483218	52.23458855220845	0.1385152360547422
0.9711219238836359	0.0004595587226436044	51.86579585615923	0.1676367000662239
0.9720400699223057	0.000458588191502535	51.89953534323897	0.13253799563193777
0.973870559764701	0.0013699781244270633	51.44125823324635	0.13284904087667943
0.9761478753430965	0.0009085421029332693	51.58035910537846	0.12249280451138307
0.9775085546805948	0.0004528500112181853	51.69516752513008	0.13788628073645534
0.9788649842965325	0.0009028756673774091	51.322647858122295	0.22099701728294818
0.9806669919015323	0.0008991371486128394	51.75933652616207	0.13521411056758734
0.9820136077941819	0.00044817675698836565	51.964524519706096	0.13755072090356163
0.9838026249106835	0.001339003053304083	51.762004232683076	0.13221973425323735
0.9858064994216273	0.0006664195011390049	51.80894340674478	0.14126967514442412
0.9878011701573683	0.0013267314436586197	51.6631674793901	0.13911818698173173
0.9917632364685802	0.002629365446673004	51.43360253889089	0.14280728813682927
0.9969903839207908	0.0025979082194724024	51.24785263198142	0.16715486267199944
1.0012987894149386	0.0017148421093709826	51.413865462794874	0.14024600609032958
1.0049276258340742	0.0019131447285685452	51.16320102248819	0.177188486673746
1.0087371581665079	0.0018964364462756757	51.30124489854032	0.138593345713591
1.0160502687600326	0.005387112202017205	51.250788818423274	0.12415479532664475
1.024056680568086	0.0026443541207460354	51.37609350394142	0.14259096170325156
1.0358951509415415	0.003167070810330363	51.55757266747089	0.1319031364917768
1.0406199624288843	0.0015664010530251763	51.69327110758344	0.14173560775506386
1.0470337720926257	0.004823243397064148	51.56384231273515	0.13737768124302704
1.0565746861468004	0.004718438125608424	51.37879788803728	0.14049538188049585
1.0638737676118515	0.0025982875354516317	51.379483002346056	0.13683404715994613
1.0670174257708507	0.0005527602070103709	51.65175790466718	0.14039127122718753
1.067937717104532	0.00036772674744021516	51.6850597751083	0.1431435541476413
1.0697724696871653	0.0014647059951371658	51.43794854587149	0.1285302180066181
1.0715995037035664	0.0003646392661591048	51.71958014368624	0.13355481804168004
1.0726920461532063	0.0007274462124890242	51.60869311134698	0.13895322045769837
1.0741445070199782	0.0007250173944048119	51.60971929668744	0.15342636306270682
1.0750498344331585	0.00018087690053088763	52.04063404215029	0.1348605103425061
1.0755921265771125	0.00036130237046934284	51.99344474948897	0.1277516826942648
1.0763141306773831	0.00036070221300552296	52.00377242389668	0.12971959306749448
1.0770349367234588	0.00036010404584957954	51.82331681370111	0.13820601349854905
1.0777545481494595	0.0003595078595606464	51.59349240313044	0.13408315453810288
1.078472969442996	0.0003589136438733526	51.39594151873576	0.13046445809596002
1.0791902041341674	0.00035832138936394114	51.04230945994811	0.1508475888884801
1.0799062562693302	0.0003577310862294898	51.26261784699692	0.13027796363404426
1.0806211297415977	0.00035714272484170024	51.4981752541935	0.13284692480979682
1.0811565137126147	0.00017835136114423858	51.835518471781256	0.13449790379297272
1.081691238492404	0.00035626380257417287	51.80832456421223	0.14479021952984575
1.0824031822140359	0.00035568025384315	52.138656415535564	0.12932296411832403
1.0832914737790391	0.000532430251066657	52.350748917702155	0.13108713424583496
1.0843550309707095	0.0005311279614136006	52.0927278389954	0.20276239850145183
1.0854159898581048	0.0005298320269544727	52.352335454655126	0.13033665555606433
1.0861218586455077	0.0001763238594152288	52.708486475644165	0.11466021718880196
1.0864743631930713	0.00017618080039194476	52.50831295301805	0.13586121147540528
1.0870025842542193	0.00035193329307352874	52.310520172019956	0.13963554671363593
1.0878815275005844	0.0005268326341359926	52.268112198643536	0.11953109655931662
1.088583403573747	0.0001753272973585768	52.266130633972125	0.13270432087559128
1.0889339166101528	0.00017518585022292422	52.171366177912375	0.14069559614242028
1.0892841469804815	0.000175044631131215	52.04844075613112	0.14843893452632143
1.0896340954008974	0.00017490363942744474	51.99898317420558	0.1390443150972393
1.0901584894892828	0.000349385154755275	51.746861285470075	0.131259680261112
1.0908566983623535	0.00034882390464061595	51.52652773341557	0.13680901145726582
1.0913796191672318	0.00017420207456097587	51.59496040789209	0.14353749218951994
1.09172788356826	0.00017406243644688523	51.677163444055104	0.13968343137850397
1.0920758691760588	0.0001739230219138898	51.74248050277831	0.13076012832623257
1.0925973249526084	0.0003474286370103298	51.68772392604603	0.1283974060262398
1.0932916270578517	0.0003468736501787129	51.71088621713516	0.12946493831861788
1.093811625992062	0.0001732292862022949	51.88972382364634	0.1408203152515068
1.0943310031832456	0.000346044486725566	51.9556417750822	0.1454364522657473
1.0950225412720827	0.0003454939098014121	52.29356769582648	0.14133675269321477
1.096057788115616	0.0006893426431873614	52.63069119616545	0.12400707354566087
1.0970905731912122	0.0003438526409895533	52.8171230798633	0.13760382596062903
1.0976060460115211	0.00017172237875618263	53.11597069016318	0.12969054582317371
1.098806442224838	0.0010274903458814487	52.87236984966378	0.13264514409728984
1.1005155586851287	0.0006823031471687056	52.82684752196887	0.13684756931756858
1.1013676012101001	0.00017024146214807286	53.01559547759132	0.13578610540643793
1.1020480338565155	0.0005099248334489255	52.71090881933955	0.13251145357273855
1.1035751203351372	0.0010162699213358284	52.420686670838585	0.12589374429653538
1.1050968560942664	0.0005063576090027655	52.394900641896825	0.12922403387235104
1.1061083923445942	0.000505179599455122	52.28330540094294	0.13896408942597607
1.1071175781341467	0.0005040070582209055	52.19195319408066	0.13985685670676662
1.1082920052223604	0.0006701946057308995	52.18343958023776	0.1576645704430005
1.1092961354533477	0.0003343234209551323	52.759434219333556	0.13120992508219956
1.109964268078278	0.00033380948246279586	52.86696707233796	0.1508063529619638
1.1106313744051381	0.0003332971216484954	53.07617785747132	0.14309838187786222
1.1124606506213803	0.0014935329235726104	52.783938336848514	0.12203499565223996
1.114447476184202	0.0004955719541163891	52.34099268135577	0.14156198346569634
1.115437490858612	0.0004944435383963172	52.06299110399574	0.14200675689994996
1.1165896627597096	0.0006575113747966645	51.76370934534309	0.22060191236343596
1.117902698638132	0.0006555264722001599	52.16871100997044	0.13673641304070813
1.1193751342713936	0.0008166346664038746	52.02860091917495	0.19278236675399577
1.1210053400819509	0.0008135750210535568	52.39132329782115	0.13401215211489195
1.1227915269772608	0.0009722829393665742	52.412951260846675	0.1432797542970341
1.1244089828347412	0.000645779047880021	52.43987210507108	0.14176881566856428
1.1256986242040639	0.0006438642456086352	52.333525221132746	0.15234466049126602
1.1271449079260107	0.0008021545259977918	52.311102424017776	0.13628156734041935
1.1282664747470257	0.0003200342528423131	52.46436143152083	0.13327590220497962
1.129225517787278	0.0006386566158484143	52.167582641843985	0.14437878191828898
1.130182447777988	0.00031862547046980694	52.24887135897659	0.13890311317953805
1.1314550831743109	0.00031769315258723145	52.148170847123744	0.1367804228234575
1.131931361547827	0.00015867246926978013	52.26514680514252	0.13729074035884198
1.1324071184087503	0.0003169974868179368	51.829196030852586	0.22934547369869132
1.1330406509385837	0.00031653539987234184	52.31599569722632	0.13109674483791273
1.133831269424948	0.00047393952304145074	52.34885940635968	0.13815816303297926
1.1344627296013676	0.00015775030669096184	52.80000099875397	0.12330244252201802
1.1349357227591017	0.0003151571865055037	52.62950469134448	0.14465331888079594
1.1354082013370612	0.0001574072532330789	52.736501595050214	0.13306440449607998
1.135880166687976	0.0003144725706606985	52.576039275621646	0.1253023833713088
1.1365086567184093	0.0003140178102548537	52.39329582492749	0.13183617030476752
1.1371362387761565	0.00031356436304380434	52.32264438856491	0.12802973291011793
1.137762915131318	0.00031311222359994297	52.20748431933757	0.1397690372304639
1.1383886885105838	0.00031266138619005237	52.18820106783763	0.15149909520350477
1.1391696393920068	0.00046814949277982753	52.24824569882487	0.12855804938713858
1.1397933905203086	0.00015582586678130985	52.52866089818168	0.13087056138462497
1.1402606168375162	0.0003113166300806086	52.39844871257929	0.13392477883526885
1.1408828040700125	0.00031087094504961776	52.52705316268067	0.12749312725399847
1.1415041014391036	0.00031042653412628583	52.4595320691943	0.13064106716595006
1.141969491697802	0.00015504702950788464	52.47057443847202	0.13841276962321575
1.1422794752693528	0.00015493640207515387	52.217229665316864	0.19086461820367057
1.142589237513021	0.0001548259324794233	52.38478236865639	0.13535347649904547
1.142898778975018	0.00015471562030101337	52.23009239530561	0.14061463294725177
1.1432080999698409	0.00015460546520368868	51.65316716979174	0.22611761369142405
1.1435172010415333	0.00015449546677027284	51.724997412904635	0.14164134290250688
1.143826082042655	0.0001543856248303507	51.47724062385209	0.1385404066418433
1.1441347435160771	0.00015427593896853278	51.29269590828593	0.13533851873511651
1.1447514092794917	0.0004621711022884523	51.25650963102273	0.13383384918844346
1.1453672005885212	0.00015383874958666035	52.0790500726284	0.12177814661004928
1.1456747693164568	0.00015372983906677897	52.13780884806269	0.142655465085737
1.145982120148475	0.0001536210827257154	52.486051996855366	0.1256043095367246
1.146442738944762	0.00030691647286497224	52.549355373682445	0.1314879643495224
1.147056138602747	0.00030648328852005136	52.804410943909666	0.14153917925231949
1.1478216717152523	0.0004589152870742356	52.884109199795745	0.12842089827018588
1.1484331280669777	0.00015275654032615346	53.02153158521029	0.12113383036224791
1.149043724816783	0.0004576257690766846	52.39866233208703	0.148197165600107
1.1496534642269611	0.0001523279079641921	52.43433327863149	0.12769111639169303
1.1501102078217238	0.00030433558057475763	52.03303646255959	0.12925518539908828
1.1507184527226484	0.00030390964608494704	51.8567113263304	0.13777141565276296
1.1513258471722896	0.0003034849020086444	52.14643942072332	0.12773241928547144
1.1519323930942564	0.0003030613436774489	52.267638950619734	0.1349480604252392
1.1525380933066747	0.0003026389658187113	52.410520848188106	0.14262154327028312
1.1531429498271724	0.0003022177637393067	52.411740202837485	0.16736406504288512
1.1537469651151429	0.0003017977324583808	52.41053989500246	0.1297565236712004
1.1543501415073048	0.0003013788671010758	52.08531383883182	0.14809327245959425
1.154801974704287	0.00015053274014187597	52.15150913549138	0.13848342179336864
1.1554036886595902	0.00045097296542707764	51.77604038034031	0.12801989033193986
1.1560045700204196	0.00015011647983029786	51.773620026766324	0.1349438518960617
1.1563046991879786	0.00015001277423035372	51.646888196090316	0.13920655404247553
1.156904336228647	0.0004494173766618534	51.35048584241126	0.137300015973505
1.1575031464826977	0.00014959938059594236	51.62047274772304	0.1409634489361658
1.1579517127975074	0.00029888988966648674	51.5129837236022	0.1409020193604508
1.1585490815369792	0.0002984790515255403	51.49019656418866	0.15119768261195232
1.1589965695117184	0.00014908583166376598	51.836230868159966	0.12718669913173397
1.159443596767781	0.00029786490768081235	51.66445678554828	0.1392137038495409
1.160484874739377	0.0007428789824465	51.690341650574716	0.13739132248680405
1.1619680969901507	0.0007403461958918045	52.00620868003774	0.14561298424959335
1.1630033468870775	0.0002954333986697363	52.343035777866874	0.1332345396732843
1.16374130297781	0.0004423977337839002	51.80320710813681	0.21719338416628126
1.1647723395626473	0.0005884649405247688	51.8254850614786	0.1401061429152435
1.165507298456054	0.00014686748007736717	51.98702788889011	0.1435744791871823
1.1660943714225014	0.00044000724263965746	51.72738826428072	0.1277775121886727
1.167850843610978	0.001314693778341083	51.65280256760701	0.14015799899259077
1.1696002405306507	0.0004364695552284314	52.13927846291473	0.1392768954956062
1.1704723035385185	0.000435594004022175	52.247099891650166	0.14110384929042483
1.1713426188810965	0.0004347219585401535	52.393811085047005	0.13759974829092808
1.1726448305095483	0.0008668408348463976	52.41786153427198	0.13951552318339963
1.174375060937385	0.0008633942087841207	52.61156735153716	0.14629720578009012
1.1758116725860417	0.0005736952585968661	52.841459076182296	0.14203054485596597
1.1771005724547665	0.0007149939611112661	52.734187900828616	0.15834587467559516
1.1781004121122434	0.00028533991360151395	53.020452631814	0.14248287692417266
1.1800932124935546	0.0017042016262815898	52.711007774934366	0.13742888646163584
1.1834883104990026	0.001690930965855324	52.71066570968538	0.1522526451481924
1.1862974241668758	0.0011200192954835678	52.908137516739686	0.14192739063913726
1.1899223168891893	0.002499097097248449	52.85992028811412	0.1323062219524646
1.1948919683453214	0.002470662813476954	52.86650399597298	0.1526330074333472
1.1998053946349667	0.002442868291094512	53.025684480059724	0.14287682956072217
1.2025112458814948	0.00026974393684678274	53.53903267377864	0.14088916067979831
1.209601270273212	0.006767088366833741	52.369260376110645	0.12788498631232276
1.2185316055823388	0.002209786202794942	51.79356262673759	0.14293889290671558
1.221640152130174	0.0009034223484519273	51.85676694584791	0.12750036560025613
1.222671409403952	0.00012875423785638622	52.14067920616197	0.14009117823464645
1.2234432486274942	0.0006426280787978321	51.8451793108136	0.13784005168471802
1.2242137184754174	0.0001282978041505909	52.41307066482929	0.14202964397087608
1.224598441447991	0.00025636840183860637	52.16969313522267	0.20265748012857326
1.2251108758045455	0.00025606608507307776	52.582293809082095	0.1370498014085894
1.226133934208373	0.0007663907564778876	52.65071292661976	0.1433864977970402
1.2276640171659179	0.0007636954006438886	52.69695462549654	0.15838129753607758
1.2288080521267093	0.00038084314635606454	52.76212089384064	0.13846793358780582
1.2302022367902974	0.0010123267013731616	52.32472249839759	0.13254516381514886
1.2317180783395654	0.0005043997409343169	52.175765637976866	0.1411479365694151
1.2327257080137672	0.000503230812898712	52.204452807499536	0.13338572300123744
1.233856503877295	0.0006274027852048238	52.03628692153131	0.1623476710809396
1.2349843630809438	0.0005006204313678861	52.317361085597604	0.1263494494199053
1.2357346453414915	0.0002498781558899278	52.42635246190068	0.1354082538534664
1.2363588918080364	0.00037427886582391183	52.38348677760344	0.1395387820421681
1.2371068051959648	0.0003736348620716536	52.25801410114123	0.1920113330675007
1.2379777459793386	0.0004971817597809595	52.53302799995601	0.12828667328418522
1.2385987789438508	0.0001241178268190979	52.748365821279265	0.14012407461728424
1.2389709729068814	0.00024802300476381374	52.5124465982357	0.15431143451644247
1.2393428481697168	0.00012390535995257553	52.70716102945934	0.14291418691870525
1.2397144051854412	0.00024759879818090166	52.39389396163702	0.17863764846403163
1.2400856447746935	0.0001236936192513027	52.654980067137195	0.14176029599471504
1.2407036728331542	0.0004940708829000222	52.16865985071741	0.1339607738553523
1.2413208227407941	0.00012334232173524714	52.242223459625365	0.13842842608179368
1.2418139120195122	0.00036960708238997547	51.86006698984687	0.1333747644369322
1.2423064420282428	0.00012306271715271832	51.89916383764485	0.14079782328563242
1.2425524976948816	0.0001229930139814166	51.67832124669264	0.2089750353855511
1.2427984142173152	0.0001229233896738322	51.92570723194518	0.14346161844102262
1.243167027832115	0.00024563820192814744	51.570560018205306	0.20246928676495737
1.2436580266584392	0.0002453606485125966	51.86373841915393	0.1370177739273937
1.244270995433129	0.00036752188145482145	51.758017854802034	0.14097290687461256
1.2450054178950838	0.0003669009013569786	51.82673256655906	0.13620096325364303
1.246104728090115	0.0007319467118801478	51.73095847717356	0.13237364039793564
1.247322929116749	0.0004865976464926226	51.88830926062548	0.12701767231515493
1.2480522129972487	0.00024289060941035267	52.046798354574186	0.14100672989021015
1.248537722631347	0.00024261922710140253	52.57135843084443	0.12733096290165394
1.2490226902875976	0.00024234845044719853	52.790570058779885	0.17164029445477516
1.2495071169043368	0.00024207827757330734	53.2094995795601	0.13772852923797158
1.249991003777389	0.00024180870641234926	52.77543603824238	0.1422061689650829
1.250595105191541	0.000362208878336576	52.21120843119998	0.12548358087967199
1.2510777819979124	0.00012060218046983157	52.31848816466088	0.13131087925570903
1.251439438018349	0.00024100358312269637	52.33371781301593	0.13736320823195722
1.251921177801055	0.00024073639887315835	52.677696921390435	0.1259766253420975
1.2524023839866276	0.0002404698062863111	52.71241910095084	0.17548541050943778
1.2527629389115185	0.00012013512454141042	53.25644006080638	0.13598134988290844
1.2536030716836344	0.0007194177031348631	52.73877458241319	0.12991609421630868
1.2546808597420347	0.0003588172693489341	52.40551980454493	0.1430241185492799
1.2553979020466628	0.00035822533255901775	52.21518905709771	0.13245932516372472
1.2562329578127336	0.00047671627111496855	51.89522522957404	0.14444012300401304
1.2568284447201505	0.00011901576627621132	52.187286821755464	0.1268375956799958
1.2571853453435815	0.00023783600000876797	51.768976468952125	0.16685677214603006
1.2576607570271467	0.00023757578913123	51.8806875739755	0.12852706482027587
1.2583729001837691	0.00047437307731186974	51.648709969903926	0.12943342737818564
1.2593206115234095	0.0004733390356682416	51.71602085063962	0.1339907734715224
1.260030040400318	0.00023628322895024854	51.90594690576601	0.1394761033693064
1.2608562452472223	0.0005895853734786023	51.83209574040126	0.1336012801907631
1.2620338181135389	0.000587988900668659	51.97094103149607	0.13622460117993068
1.2639113183496349	0.00011709049001754196	52.595326772911015	0.13777575020516805
1.2649638563488768	0.0009344564638685334	52.06932526392784	0.19798443893045964
1.2663632839229073	0.00046572510496667663	52.70065913391993	0.1345654772032699
1.2678742590167311	0.0010442420853159482	52.405486388674056	0.13271974616076504
1.269495605370023	0.0005779727205063201	52.3094373739832	0.13791708063174873
1.2703040142822377	0.0002307591461041049	52.41061802626935	0.1422242174128078
1.2707652875134188	0.00023051418211373872	52.296042279969214	0.14823669399148376
1.2712260713364398	0.00023026973765834173	52.199498298892465	0.13513186882982453
1.271801364529371	0.00034494736520479334	51.90078732616875	0.13446218206618346
1.272490711846604	0.00034440027116629685	51.606263326311904	0.14162370870391058
1.272949669573145	0.00011467883497284415	51.69378660522105	0.13694280057739922
1.2732935699807493	0.00022917612268165917	51.42081921150281	0.1335297185856291
1.2744379415052294	0.0009142921423280052	51.395255542744984	0.1241117094939208
1.2755793055616362	0.00022797311422992524	51.93817949076625	0.13080055582297734
1.276262686941655	0.0004552293412833431	51.912688346405396	0.13884816409847495
1.277172192631227	0.0004542769910738356	52.06033285736691	0.15162003619056466
1.2780797975586324	0.00045332861726667074	52.18192750205457	0.13751652840640008
1.2789855097362277	0.0004523841949216102	51.88645493228263	0.19147326626139743
1.2796635564342067	0.0002258392282691534	52.24863448729482	0.13558407556139407
1.2802277878463946	0.000338319015790368	52.059800428738	0.14323473568381073
1.2810164822901031	0.00045027356507087855	51.96049475257814	0.14101812550848264
1.2819160970077261	0.0004493418160142335	51.85459277219984	0.1897828584669673
1.2824774113876298	0.00011219035712327058	52.43310528753669	0.13880566114504475
1.2828138521211865	0.00022420695753985788	52.161878429671695	0.17887219008429023
1.283262034689285	0.00022397570012693457	52.39771403354669	0.14059789618673088
1.2837097552193812	0.000223744919281614	52.34954858722451	0.16991765511730234
1.2841570146631374	0.00022351461353227077	52.621723223127006	0.12791054087027598
1.2849386121066702	0.0005577817930952209	52.23004607747706	0.13094413178052075
1.2856074349864242	0.00011138469163731689	52.33148760590582	0.14291755672822998
1.2860527453897541	0.00033381162058705483	52.10588330201335	0.12455177894849773
1.2864975995997951	0.00011115662250247748	52.17339128999606	0.1364340413010057
1.287053027395336	0.0004440582118735456	51.872462661086324	0.13401134591196942
1.287829434832939	0.00033244879392993357	51.99194734135679	0.12708086811478433
1.288272473797462	0.00011070327474483162	52.113017010313314	0.1434659775195825
1.2890467062426154	0.0006630365749993696	51.75363591928532	0.13435206827669002
1.2903707589887015	0.0006610182244235689	51.634582490648775	0.15504527660260067
1.2913611561909966	0.0003297562535929026	51.9004881819127	0.1338708057719988
1.292020168413764	0.00032925625045000844	51.91809898527019	0.13363179980729717
1.2930068155761272	0.0006570181645753359	51.844263994616846	0.12443002681975471
1.2938819574663585	0.00021856518258602902	51.98177246993025	0.13967262294978575
1.2942096815697814	0.00010920015637594899	52.169707127151156	0.12747552279442229
1.294537158473623	0.00021823569150299617	51.944819809292234	0.13651162974382927
1.2949734107453443	0.0002180165820768807	51.897203987477646	0.1362243931079631
1.295409225156758	0.0002177979122234809	51.947415103293665	0.12759445392647584
1.2958446026669057	0.0002175796805807215	51.889424344686326	0.13252489819515825
1.2962795441508912	0.00021736188583267144	51.67896866135384	0.18520048479918474
1.2967140504811918	0.00021714452666866325	51.813230516046495	0.14276121615255208
1.2971481226084818	0.0002169276017429012	51.86205294667308	0.13640371802862336
1.297473392105765	0.00010838259616106121	52.0366999813144	0.14056765952364325
1.2977984182519793	0.00021660302586463354	51.94154212286104	0.13798724306048105
1.2983395884707427	0.00032449993048637096	51.97338600546991	0.13999375444446333
1.298988103914669	0.0003240157286832467	52.17895814144549	0.13143469078503442
1.2999590649045876	0.0006465842586499877	52.24584657059122	0.1298942135430317
1.3010353705396815	0.0004299892149116943	52.36403664312103	0.13375675754283106
1.3015725246615635	0.00010736442862213404	52.67898131106992	0.13030221449424412
1.302001770248847	0.000321775094351178	52.37674772884787	0.1354905009557377
1.3024305919996166	0.00010715251029650925	52.53530363919691	0.14170051187345203
1.3027519305534165	0.00021414651294945208	52.45299422456736	0.1353432023571836
1.3030730315215926	0.00010699411980420524	52.630914558672345	0.13653229600960917
1.3036076729462263	0.00042744993978261067	52.390121267774255	0.13419687405881617
1.3042483750442415	0.00021340990008372377	52.620645317904774	0.1378547379709889
1.3051011767757281	0.0006389737476542381	52.4833980404275	0.12888870861666527
1.3059523071856798	0.00021257423768961917	52.696776357421165	0.13722832524562764
1.3087070172916682	0.0008449206248721485	52.489854960985255	0.13949557486696956
1.3104987724343093	0.0009466221860885823	52.56569114364854	0.13702359161075295
1.3119688051069398	0.0005241241137818111	52.724452586494714	0.14261266935285905
1.3130157902981927	0.0005228620916202602	52.78319523538299	0.1412788139523518
1.314060257484301	0.0005216061324650825	52.55492076865787	0.21555471145042276
1.3149981351293034	0.00041638473356951715	52.96130139490353	0.13350700514749989
1.3170750845107464	0.0016575927555436767	52.60503447661602	0.15805983576009688
1.3195543832352945	0.0008240784278109378	52.96469028697606	0.1391741112271844
1.321507172604201	0.001128024297530961	53.010638564823296	0.1356842549087009
1.3233491189587894	0.0007147955875130768	53.173879675434854	0.13878332630610074
1.3280211267209217	0.0039398203778556315	52.86008396581066	0.1358362751679597
1.3479624678603808	0.015727441498006665	52.557093774027265	0.15093257330861257
1.3783304279189168	0.014665271864696778	52.767012295627154	0.1415172644507547
1.4714986692147949	0.0004355976448869632	52.20158797938612	0.1433800589704299
1.4749695437741217	0.0030249116078239894	51.68013995970057	0.1441055119929134
1.4784128989359286	0.00042871758072982985	52.06193637481196	0.13476244242550706
1.4805512140300012	0.0017064476496092777	51.65564395383073	0.14265079018642773
1.4828205382651929	0.0005658513945889282	51.829306463270164	0.14265691324347912
1.4858513890219023	0.002458383300691091	51.51079894468088	0.15341232165279048
1.4885123224099017	0.00020943143774477873	52.16732601301303	0.13965563982719986
1.5007641341456595	0.01187700273266611	51.69936190327553	0.12555340440532647
1.5238912761372612	0.011261071459878183	52.201526389032324	0.14268509736372278
1.5353223257513229	0.00031338674271180625	53.299136883416395	0.13429017030902818
1.5381336872342442	0.002490916938763997	52.81853053416939	0.1369429832081503
1.543087164211529	0.0024626674430818234	52.60867951489365	0.17365728950620987
1.5465212853652084	0.000977308417061995	52.9581410828404	0.13293546614866789
1.558212368042897	0.010583774451413827	52.32226247983547	0.1356097696485991
1.5888566601128404	0.01972542093545733	51.758681906218506	0.16232882906693516
1.6266172849934837	0.018082798996812987	51.49425070800934	0.14040065522676892
1.329332418585073	0.0012816171617256013	51.72124840486884	0.10793077947455061
1.3316828124980165	0.0012571695551524776	51.75134562929756	0.10622714752675144
1.3345980540444393	0.001542291929364417	51.52758356710274	0.10875533081921934
1.3377853415968135	0.0016223814740859057	51.447985695582645	0.10854348885635465
1.340915086264237	0.0015102142937519934	51.47869102712654	0.10940246615931895
1.3442171274753507	0.002094879150898058	51.376271975804805	0.10813129625993145
1.348854060238753	0.002010043081331703	51.39115968165632	0.10854348656142061
1.3526838888891244	0.0022453222760890064	51.3140574737964	0.10875532802947757
1.3566930672041009	0.0018676993799800156	51.3739189124833	0.10854348947000202
1.360801425614521	0.002046835579384839	51.32895563142885	0.10854348444017743
1.3652006089998838	0.002408728709977359	51.254998510252236	0.10833550280659154
1.3700832488364256	0.0023611682045940846	51.20988572634183	0.10941494988787553
1.3746893765112613	0.002191092440165776	51.21597206337046	0.10854348340123231
1.3794311764698202	0.002595823339956514	51.12781162912356	0.10833550286950669
1.3845033450778064	0.0026233386032471777	51.11709101355863	0.10854031994804558
1.390585377271383	0.0030504350391476484	50.95037371783371	0.10877867180692463
1.3963461075792247	0.0030490813024410947	50.909428337810226	0.1088022182496308
1.4024656882303608	0.0033468479689677194	50.86438207037664	0.10857804540607405
1.4091208959928212	0.0029146015030174616	50.91950068866605	0.1083581344031426
1.4150601651125767	0.003408265677361067	50.8360905732007	0.10903079886649483
1.4218237547948378	0.00312565047419827	50.88089105680011	0.1079307759212788
1.428695991310793	0.0037796262745426524	50.78112887235186	0.10880221370366965
1.435583422152891	0.002817226449860397	50.931062838152464	0.10793078386000886
1.4414229018940088	0.0032250360591367993	50.85457656283883	0.10880221650507498
1.4481129507384092	0.003589463870576145	50.81008220637363	0.10814241151862573
1.4548637190085303	0.00292119567705127	50.89229002950084	0.10814241697938726
1.460410291643951	0.0032602342457131567	50.90057470131925	0.10814241992332799
1.467311329951402	0.002845988076914881	51.0832120439774	0.10835814203856488
1.4713062376584378	0.0012365561016829216	51.521233295810624	0.10814241865135019
1.4734399933309048	0.0011058198445825327	51.553256947739314	0.10999122812827006
1.4754949842538896	0.0010916078681676307	51.601032995687895	0.10834677639726716
1.4779517828487474	0.0012177784363928555	51.67264220206005	0.10875532650242363
1.4805085507648788	0.0012817391933304593	51.652282317519536	0.10833550318990007
1.4828099284369125	0.0010132524069226016	51.72554273202103	0.1087553285964891
1.4850991750927298	0.0013139970107889582	51.58100293800669	0.10941495101451071
1.4872889175020136	0.0009468502498958627	51.707300148544896	0.10897112069562907
1.4894676744469704	0.0011476003992711935	51.633099332579945	0.10875532899378346
1.4917810827145563	0.0012038619065050532	51.63167810803938	0.10833550691972275
1.4940650025829723	0.0011975475112391489	51.63438314703038	0.10941495204004395
1.4965528971327229	0.0011598684149736538	51.64418795407422	0.10854348660974455
1.498791471780229	0.0012135606122209216	51.59166853538105	0.10875532689899564
1.501330467448348	0.0011065108182836386	51.58814446111076	0.10941495020100536
1.5033085250790739	0.0010087083349962502	51.6159739869174	0.10875532995732305
1.5057374639397303	0.0015247525551352046	51.41576039496345	0.10875532480035326
1.5084597142188907	0.0012101796815119515	51.49897656814367	0.10833550962869923
1.511105366730095	0.0013734792869865933	51.41781212081908	0.10897111936763108
1.5139292775258573	0.001438649852878419	51.378407805776035	0.11011278022894132
1.5169475018157426	0.001387819990725161	51.4201223055724	0.10964318185446913
1.5199935945356875	0.0014820065856014535	51.4374259754989	0.10833550566521158
1.5221729810885505	0.0010482012330239588	51.594967738617534	0.10854348458669998
1.524919641338289	0.0014556621720691252	51.44840295378532	0.10854032506781391
1.5271926685986872	0.0011415273564668485	51.54371849452948	0.10854348671445778
1.5295872536968689	0.0011685936206459104	51.502551943534	0.1101127783151007
1.5319844985683913	0.0012616393653312177	51.48077573023323	0.10833550381469048
1.5346950995649686	0.001379325375568027	51.42735020199227	0.10941495073708665
1.5369707415597265	0.0008054747126767617	51.74408482582618	0.10653063316572546
1.5388430189880975	0.001022717824522184	51.586482245785476	0.10919096597946669
1.5409424348063523	0.0011229673680486687	51.55256786925934	0.10854032117617854
1.5428623876674392	0.00088393932476337	51.64067770108127	0.10897112232015732
1.5449609002782083	0.0013440382968189645	51.453619155459286	0.10854032418947264
1.5478630097353216	0.0011995991746403996	51.46091419919631	0.10875532568828652
1.550146585833622	0.0014038027822986983	51.36271437138462	0.10875532541192323
1.5527073595090128	0.0010583295345220362	51.49721634214205	0.1083355052306324
1.5547949062093178	0.0010502581546826858	51.51090258465839	0.10793078101405355
1.5575846178442785	0.0017804078986641842	51.29140094593585	0.10854032507649646
1.5610452680994327	0.0018297804738879634	51.288737795040696	0.10897112137950976
1.5649471685949676	0.0019319670409003943	51.24939778293491	0.10833550426633996
1.5691130529318962	0.0021541637185342275	51.145800406079	0.10833550656599865
1.5735264475191395	0.0022414421398221007	51.07361828571658	0.10897112593225454
1.5777618843629704	0.0021315833792132487	51.087396437791824	0.10941494571313178
1.5823728036858251	0.002439493279186929	51.01938001350286	0.10987575260368755
1.5865900896015337	0.0013520790725193416	51.05386939802957	0.10860894776475334
1.588579529297539	0.0009841284115105508	50.943371095478156	0.10889840354967922
1.590405333198561	0.0008599152758554989	51.002881954502186	0.10840444131363776
1.5921300163441183	0.0007918910190642211	51.041694728247286	0.10816514043346714
1.5939190795617046	0.0010090701491267176	50.93114171149901	0.10864880938966387
1.5958044207078037	0.001018331391313051	50.942454326161375	0.10840442985458337
1.5978987341158428	0.0009659490285304646	50.98655830982255	0.10840443646971402
1.59971017553718	0.0008173689760075012	51.059583534805064	0.10840443538935907
1.6016674439601861	0.0011580002629810958	50.882125179738956	0.10864880150454366
1.6037176775323954	0.0009289979239075095	50.9691820720088	0.107966722238363
1.605470397173719	0.0009105907976101802	50.97162175392903	0.1079307778243424
1.6075187214374143	0.0009938847954875693	50.9242971752698	0.10840443949822397
1.6096709985498034	0.0011553405196049584	50.864402505837916	0.10793077552695068
1.6114866940008994	0.0006666443702086296	50.87751915056127	0.10688418915330407
1.6127917224022228	0.00074461119914831	50.756438864861614	0.10793078909240436
1.6143332649613973	0.0006649017375979209	50.86326057165466	0.10706760991324064
1.6156141512384534	0.0006876900201079543	50.813867941081355	0.10793078816988952
1.6169484063084163	0.0006518208696555538	50.83104188978764	0.10755210831017464
1.618348470923024	0.0007675013940272395	50.72425728618944	0.10844008440999489
1.6199014022473424	0.0007325206700471176	50.751646332494936	0.10773882621489993
1.6214436601673567	0.0007414896673438129	50.730810899485235	0.10818259790942869
1.6228447023759933	0.0007262920778398784	50.59746109800179	0.11297504453331729
1.6241569606343977	0.0006410910398313064	50.81684693024121	0.10737041516250126
1.6255671123827924	0.0007039324234192857	50.755571513241	0.10818260243243503
1.6269904633177819	0.0007320795921020878	50.745876509815226	0.10818259727831842
1.6285254950762889	0.000759839606716159	50.72950684721637	0.10870335994149807
1.6299946434357728	0.0007396332190523419	50.73964511074544	0.10818260440388457
1.6314487922847813	0.0007220911178226453	50.73901369174433	0.10818260629133895
1.6327403548284096	0.0007211989389786976	50.731082263909	0.10818259790942872
1.634392460173588	0.0008095155343650135	50.682075622905785	0.10793077484193474
1.6357897115120077	0.0006241470988297587	50.79350580779093	0.10823398729121494
1.6371948751234073	0.0007844798365591192	50.692093498876496	0.10793078773821581
1.6389165699673554	0.0008937065620447445	50.64300669331245	0.10779030425127319
1.6405773633717302	0.0007759342932405894	50.69287102036079	0.10793076939954067
1.642109311193414	0.0007278637394138386	50.719081425918944	0.10793077198630999
1.6434722212525956	0.0006864944726543234	50.73613545261407	0.10844007405756038
1.6450573016690184	0.0008616857413139432	50.642197779100286	0.10793078027842497
1.6467505922875374	0.000854695613828525	50.64126899737153	0.10818262233705479
1.6482609560000532	0.0006390983062296447	50.60644416773563	0.11372865732848436
1.649546911862411	0.0006131176535700364	50.61345349970092	0.11412855023693555
1.650833875201992	0.0006281173130337894	50.60112246341118	0.1141285420309934
1.6522630999325025	0.0008223687289282261	50.65204086760963	0.10818259364837825
1.653818860366681	0.0007025372961896342	50.718929747684975	0.1081826054075942
1.6550742162777856	0.000624393017343555	50.589934354655895	0.11520678625766519
1.6562785154851005	0.0006179198665985597	50.603317621915465	0.11412853663382456
1.6578459826456273	0.0008095012791938163	50.664115862979564	0.10793079110796455
1.6591698903295276	0.0007068940246158696	50.60052817999451	0.1127134377425173
1.6606823631287637	0.0006727368376206063	50.59057519390768	0.11412853844632223
1.6620842747074909	0.0007911072631030607	50.51317141858646	0.11465904279774745
1.663721911600747	0.0008592479937576753	50.47198534042082	0.11465903295257611
1.6653975312782	0.0007398008936380423	50.70326279783442	0.10818260647267763
1.6666963360563838	0.0006739064283824516	50.565880506046284	0.11412855164761182
1.6684389707150655	0.000871878112452953	50.442412621584324	0.11412854309771141
1.669749421911017	0.0006852827318547943	50.54027895847455	0.11465903482781176
1.671214098227024	0.0006589109077183705	50.56123927123172	0.11412855170123158
1.6725322096053568	0.0006123581898777897	50.5870811702304	0.11465903836786459
1.6738645562730372	0.0007539913849695068	50.501972821091115	0.11412852854976958
1.6755946026143091	0.0009166208013421819	50.41855375465708	0.11412854036186404
1.6770600818811994	0.0007315047479235973	50.517078589302486	0.11412855317321056
1.6786378055448956	0.0007232195760083411	50.51686090935806	0.11465905114589867
1.6801514475246588	0.0008396979653619125	50.45715838813881	0.11412852734090749
1.6818745693871395	0.0008609721555936414	50.44237545547473	0.11412854288269697
1.6836332014286335	0.0008107204507530278	50.457992880252775	0.11465903844295285
1.685287125073599	0.0009074843185859963	50.40795226208882	0.11412854377693456
1.6868419278230269	0.0007240562766857311	50.51414833705774	0.11372864460530649
1.6882567811786318	0.0005762591817336301	50.60106309446011	0.11412854563103572
1.6895901550229577	0.0008018731202054133	50.457031447028314	0.11412853974508337
1.6914250890702724	0.0009133439091814347	50.394156387413304	0.11465904474823362
1.6931106796272004	0.0009708228170979345	50.36588519398825	0.11465904205354688
1.6952280270255657	0.0010918787001267672	50.31838660240595	0.1141285400697715
1.6972012799606258	0.0009217847974822845	50.39073185941732	0.11412854352935373
1.699189246201166	0.0009734460831766782	50.36602363150393	0.114128539959671
1.701450425908204	0.0011565110466765075	50.29100020489633	0.1141285428924854
1.7035999279307552	0.0012603506013649584	50.264341837519	0.11372865670664785
1.706147179142701	0.0010700554514527496	50.327151583743195	0.11412854420028833
1.7084272111632683	0.0013168917236454664	50.24118552783057	0.1146590460287979
1.7111763907581163	0.001365022269577217	50.236447593607096	0.11465904068186664
1.7134801465832232	0.000984561349694248	50.37344762349602	0.11465904006259324
1.7155338170341536	0.0011651384221885355	50.28817770755446	0.11465904108108246
1.7180513177424872	0.001190296048196743	50.26965557141764	0.11412854310806818
1.7203189863024073	0.0011615818722020917	50.27716148378779	0.11412853975700589
1.7223386080995613	0.0008994873210219484	50.389452299303144	0.1141285379850484
1.7240303788203775	0.0009051226357546078	50.397116729923404	0.11372865674639716
1.7265678478576725	0.0013709592918717025	50.20560651770705	0.114659041282488
1.7290865653586185	0.0012456842717808799	50.257530266402846	0.1141285410362117
1.7313593475904743	0.0012950552458186207	50.236927873516095	0.11412854297962627
1.7340607666451595	0.0011303606623082917	50.27737722924421	0.11412854688560553
1.7363373246849394	0.0012319641333117454	50.22430133592586	0.11412854258189759
1.7388531336145812	0.0014131354710146047	50.1606124578917	0.11465904170706134
1.7422972587655041	0.0016529856015305763	50.101927257143075	0.11412853848222534
1.7447982232383026	0.0012207706580109313	50.22499582197249	0.11520677575810986
1.747317568090413	0.0010627170795995632	50.28589422421203	0.1146590418068333
1.7494837542504242	0.001164608014587463	50.247443867753894	0.11412854179291443
1.7519590149692081	0.0013083279931839363	50.20506869588744	0.11412853662110173
1.7545318773352816	0.001337489812237711	50.20817551123571	0.11412853720486935
1.7576853517990443	0.0015691485094842929	50.12293677678188	0.11520677400190872
1.7602078063640862	0.0010848539440205223	50.2810838606822	0.1142379709214832
1.7626247182412322	0.0015068386531294547	50.12033712525056	0.11412854614681994
1.7654619902560913	0.0012064760477645345	50.20925990237976	0.11412854137366851
1.768123194488502	0.001402623745207174	50.136560768670314	0.1141285442873163
1.7706278464776124	0.001099239717540352	50.24703765475832	0.11412854221508398
1.7728933247976715	0.001205955455985028	50.216412282849696	0.11412854127663725
1.7757834205779226	0.0015879683501784307	50.10739537160423	0.11412855094025062
1.7783894736744548	0.001184522517673888	50.21381455289162	0.11465904144243602
1.781234449138837	0.0014872184841132627	50.102869095908964	0.11412853946375542
1.7842058139910708	0.0014125882852595363	50.11182792128094	0.11465904956013914
1.786605607038205	0.0013266131282218562	50.14267844182355	0.11412854078298021
1.7895091568543677	0.0014486780562074206	50.10296985601152	0.11412853862493377
1.7926274289613067	0.001685253071036615	50.02992786822718	0.11465903405669936
1.7963063625850728	0.0016796289429013432	50.02655506484987	0.1146590444178942
1.7992193832984122	0.001552337919547758	50.06222063444139	0.11412853731156271
1.802473980013245	0.0016169809331949376	50.0390473423476	0.11465903699659422
1.805497493555879	0.0014619254583462808	50.09410926740283	0.11412853528008235
1.8082327061633696	0.001480330903344417	50.08974945537015	0.11465904333599064
1.8113891660063202	0.0016156591185142754	50.043309457005094	0.11465905199028573
1.8146118171665668	0.001447214465601306	50.08327167928774	0.11412853974397515
1.8177616697267023	0.0018178194399335122	49.97492397648459	0.11412854469230233
1.821017097241666	0.0014033010383461583	50.08416732448811	0.1141285463444865
1.8239227155419184	0.0015551864462122	50.0368093670552	0.11412853670702651
1.8270220032431193	0.00158175016172172	50.03085289626813	0.11412854480766009
1.8306061348771296	0.001727530432294422	49.998295447430536	0.11412853714686227
1.8337969842838737	0.0016920298121593578	50.00576865404354	0.1146590408863333
1.8369770783916695	0.001388654575711775	50.07725686789609	0.11520677126829854
1.839778193074516	0.0016105881837640325	50.00969915358494	0.11465904251280501
1.8436335922927347	0.0019230206118732726	49.92706668572359	0.11465904165530424
1.8471357262209371	0.0016309161728461255	50.00004455291717	0.11412854681784064
1.8504263304074178	0.0019485462763577162	49.92443317810986	0.1141285379850592
1.8547568509643264	0.002201811144245978	49.88211797328179	0.11465903934998291
1.8588155327995823	0.001927635122246382	49.953861725478276	0.11465902828151096
1.8628734895867354	0.0019509826274933517	49.927687858229135	0.11465904234448879
1.8672194554736683	0.0022723336682260215	49.8370588910409	0.11465904972940419
1.8711161151525098	0.0016322564538327434	49.98080217878452	0.11412854330188565
1.8744889937839793	0.001753820565317939	49.949172217713325	0.1141285446302922
1.8777432972021282	0.0015747745803850238	49.99842224760992	0.11412853827720645
1.8810582242072311	0.0017529374003054303	49.94893625592851	0.11520678066092417
1.8847603238672217	0.0022062125480185714	49.86483199674849	0.11412854484125447
1.8890880397672716	0.0018283760773664917	49.9157285315114	0.11465905432287413
1.892806541828455	0.001854065950331019	49.890197223420785	0.11465905575672805
1.8973249014109166	0.002512316873848521	49.75119684223891	0.11465902514607275
1.901981337205015	0.0026411219562601593	49.72705191064523	0.11412854391869262
1.906906835376599	0.0018128181303969774	49.903205817483276	0.1141285354362203
1.9103192340038142	0.0022717450418917907	49.81956532609237	0.11412854853105843
1.9152861826611491	0.0019637027310076185	49.88878503780577	0.11412854210464549
1.9196281886543372	0.0022384446557166216	49.798086940100426	0.11520677319274951
1.9234517825145112	0.0018681455745349703	49.874264948325674	0.11520677368786238
1.9276764864579083	0.0025503412525478583	49.77204495637245	0.11412852348581146
1.9321936253335583	0.0018422276280166063	49.9106859977739	0.11412852946086667
1.9367811625172402	0.0025962844845807114	49.72877860952809	0.11412855447951836
1.9412985971529977	0.0022236298818699147	49.78138729532071	0.11465903351429321
1.9458523392275706	0.0023094228259899034	49.7834963563571	0.11465902757447677
1.950944140989631	0.0026164855761209517	49.72728346029891	0.11465905770368122
1.9550408483992439	0.0015439451451117472	49.93257460764377	0.11412852801293571
1.9585496917512721	0.0017633190437382864	49.85506396298476	0.11412854926050148
1.9619025150060174	0.0018436420976302014	49.83860275000101	0.11465903215602793
1.9660429389743659	0.00232366117346627	49.75185346277418	0.11412853560754369
1.9705114307544604	0.0020582676867452695	49.62082633956633	0.12408315593167513
1.9747886157566874	0.002148032594804982	49.78553129403764	0.11412853908307946
1.9788491837360522	0.002101519572198918	49.76700162724218	0.11520675764790704
1.9832387619843692	0.0024284201551735066	49.69413036956837	0.11412854056362702
1.98828405305461	0.002423011728749957	49.70406114690245	0.11412852427897531
1.9932506602193774	0.0023370473854587093	49.74571868855536	0.11412855814894733
1.9970196094743466	0.001674455654648825	49.899807048004874	0.11412853726598118
2.0010468489752604	0.0022938598599692712	49.753162390429395	0.11465903846020806
2.0057537433425	0.002376277857346293	49.730501521505325	0.11412852435691606
2.0102033650950277	0.001989797108361288	49.78653615022062	0.11412853162519321
2.0142074947352917	0.0019548895792068466	49.774695094643995	0.11412855481145263
2.018233802775881	0.0021692922939535544	49.70865021713868	0.1141285247630528
2.0224947232981085	0.0024476955689825717	49.61161051104959	0.11603542285679908
2.0271638427111336	0.0020165879527357807	49.619323082825275	0.120102258079083
2.0315004533397802	0.0022085040942841556	49.686633194682166	0.11520678307212201
2.0357278578568927	0.0023489907653763895	49.66411020312747	0.11465904846808722
2.040553385335836	0.00206796638374645	49.722372943413674	0.11412853628515186
2.0442223876568946	0.0017859954605046484	49.604391365776735	0.12296750631362563
2.0477922878809274	0.0019143751067604983	49.75171437988583	0.11412854184932152
2.051925823737287	0.0020440866107018702	49.73983910701902	0.11465905776187078
2.0556895495089718	0.0017697145769116315	49.60483068400646	0.12408314127201994
2.059370308552279	0.0022226577659573525	49.62989641329915	0.115432705560875
2.063821798801052	0.0021744700784677956	49.65223130548777	0.11412853909931112
2.067947829464683	0.0018376716304410693	49.543544652388896	0.12296750012637105
2.072147028990763	0.0020994968151025837	49.47260953483458	0.12408314589932853
2.0758467700402603	0.001730526638997393	49.5821505480798	0.12296750855262001
2.0792502188605857	0.0017658325123119077	49.657935704321666	0.11925963492662639
2.082962129615079	0.0018831247587121791	49.64551523634128	0.1186303654895379
2.0867887322174186	0.00238992376540654	49.436148809254604	0.1252514173083822
2.0912864111369194	0.0015407124756438794	49.63331335318427	0.12408314106271769
2.0951417203817684	0.002068508934122891	49.53073464900316	0.12296752743534152
2.098534928712196	0.001528062546680364	49.66966266695933	0.12296750773003969
2.1024065329806403	0.002089391302700947	49.478429026652385	0.1252514029640975
2.105654335482848	0.0015365096046733235	49.59189629323856	0.12296750369274483
2.109114727117875	0.0017099425974014856	49.530212178974566	0.12296751174744786
2.1124266299841388	0.0017450809953255511	49.517945748515515	0.12296751713896342
2.115589917577953	0.0015054641369477947	49.56455824615783	0.1252514123041982
2.118510274255603	0.0014777821549749653	49.627482192640386	0.12135924355156696
2.1216069687718955	0.0015062799914856025	49.607130467609664	0.12296751009177163
2.125638257798647	0.002031674075497989	49.48846778091351	0.12296749321745622
2.1291297088089163	0.0020513385500918455	49.46300453192572	0.1229675080958451
2.1334337683036226	0.001902633082593478	49.454775191825604	0.12525141020478983
2.1365847994865996	0.0013315945551906384	49.611223967892265	0.12408313854494629
2.138922230008184	0.001362700983406453	49.608458130198045	0.12408315349195877
2.1501490088413444	0.005722519304832981	49.4306464658583	0.13616434605283462
2.1603607962511013	0.004658067527219136	49.574532117055085	0.13250708567121233
2.171382466610174	0.0063575875588099155	49.391073291732454	0.1350490571037518
2.1817282945019283	0.004434434882582717	49.55408334311623	0.13347458959107966
2.1915796617278342	0.005201835492365088	49.50080838786004	0.13409394973366048
2.2039808840246886	0.006740307244132499	49.35505529379995	0.13651159984168404
2.2159031209713342	0.00573814734294419	49.41119215998695	0.13378255976815248
2.2299256570367065	0.007143349139564371	49.29207284640303	0.1327969602503677
2.244507982422273	0.007674874255713114	49.28575941328313	0.13018875688312462
2.2584825851450034	0.0059456541557731946	49.34985730812388	0.13250705937751658
2.269707669587378	0.006518082675200743	49.30378077796818	0.13104372791505628
2.28133999591674	0.0042305446141485	49.47453801728136	0.13131155575769263
2.2922083525045194	0.005501408275369545	49.29971515030087	0.13582111109610454
2.3013142365147514	0.004713685255497313	49.374851870718715	0.13409397336465909
2.3102562643170534	0.0052772092278632575	49.27929090741518	0.13686288785197523
2.3215199909022965	0.0051421008093027	49.262800725105	0.13582110926645063
2.332069307758009	0.005018950600727608	49.284550472979475	0.13409395193135523
2.34222522936079	0.0049029447523949495	49.3077626673699	0.13250704524593662
2.353306215495083	0.0059741075348027015	49.28420806389669	0.13044193615379313
2.3635794033267086	0.004667466119793513	49.35040652514367	0.1361643598205189
2.3733941126220044	0.004563168069330311	49.36691402020115	0.1327969422045139
2.380904949391705	0.004484929577313198	49.3107172790523	0.13514636608947814
2.3905656965994018	0.004386483825445911	49.30353014779566	0.1340939617902997
2.398969055471463	0.004302423662527966	49.30204411237711	0.13193641059784245
2.4087284733163523	0.005257736430086479	49.3456745836671	0.12229429262624782
3.0247323973945806	0.005346898228101257	48.520393165783034	0.13642802657760147
3.0337298196497064	0.0031174026801262145	48.77379671703539	0.13489170166523748
3.0403532987531294	0.0038070271150425676	48.697555528371375	0.13514638841043644
3.049233091413721	0.004331612744610967	48.69708844719511	0.1337058652483623
3.058330825110782	0.0049488408800858	48.63755208890288	0.13279934525415854
3.0686539175869436	0.005407873303815236	48.543026466783886	0.1351349089234537
3.0781976852030137	0.005177738953279153	48.52876943718417	0.13565231201731454
3.0888913444539154	0.004941995494068518	48.531096896637024	0.13565231245690598
3.099919670054603	0.006531176250892776	48.37909078365892	0.13722448368676565
3.1122523358564633	0.003954697295351702	48.35596304951865	0.13618216766217994
3.1183801510192586	0.00338620748173807	48.281212364977776	0.13541284867895537
3.123494323741559	0.002028259802737565	48.50817587400705	0.13541288528249912
3.1282442318569528	0.002307085068596273	48.46076969889261	0.13541289695886607
3.1329825629147656	0.0023812581891319235	48.4322121781411	0.13568182678364613
3.1382290455842288	0.002352703621659162	48.43352864184061	0.1337192960712205
3.142666024385006	0.002716908233015765	48.3342798414162	0.13622728810293375
3.148811722912341	0.0033484055036067774	48.25388838754314	0.135412871351494
3.155006049188291	0.003206684219732975	48.27710056745042	0.13622731011655828
3.161697045784857	0.003157658780965802	48.50507280067523	0.13514636052497267
3.167152838001684	0.00247625833888114	48.402071250699684	0.1354128902571603
3.1721045249770166	0.002357487542958385	48.401960294910864	0.13568184218732304
3.177223891418385	0.002777927869457568	48.29947335661025	0.13541289733626696
3.1812397615638686	0.0015093764893450601	48.54897676864469	0.13514637565331544
3.186750235871706	0.003682002503172625	48.15826494749767	0.13514635051531654
3.1921196335470823	0.0022513393381913046	48.36133675276411	0.13541284526680206
3.197197690955573	0.0025674889825563606	48.29876009405721	0.1354128960468959
3.203558544226216	0.003289172468400115	48.18662680857268	0.1356818396395264
3.2087177980310546	0.002416914253431512	48.31772129326491	0.13568181483244762
3.214257191146215	0.0027977251868444054	48.25117272274433	0.13568185463197951
3.223316053935455	0.005560296861194371	48.180542491932506	0.1201656263453239
3.3993709066344717	0.003546136342359838	47.96928617535394	0.13564866510093815
3.4088196509723216	0.005467589960750803	47.78744843322037	0.13581805128852975
3.419614479991667	0.005076962901177443	47.85744660410074	0.13581803824160563
3.428727757437147	0.004670210877750993	47.897062403522995	0.13564869250821177
3.4396720223728527	0.006267900159455283	47.713927712842874	0.13581807575386332
3.4529274596539157	0.0065544181028909946	47.6596223691519	0.13564870833232415
3.464956071040251	0.004619836910735772	47.807806615136236	0.13581804440667158
3.482047817757887	0.013102221451332007	47.624978766378504	0.11871195825643395
3.5958380638741927	0.003998801643263338	47.663735937677444	0.13570583939229516
3.606388442933296	0.006004352770973915	47.373042156122935	0.14786372727980718
3.617526324365297	0.004356737005536603	47.50547449239026	0.147081127014016
3.628136500498025	0.006155280849197571	47.36552223654125	0.14739220046458976
3.6438713284039457	0.012453677298486213	47.26735094833439	0.12772980670916292
3.736857653328169	0.007904497794529876	47.103084736788304	0.1486602326715112
3.749499581913165	0.004414698708573999	47.33754551936386	0.14723519684868033
3.7580707912074027	0.003458033624281606	47.435043539968206	0.14708016991652395
3.769161361015408	0.008392539444943161	47.22372269783219	0.13147260092824692
3.8361317665228025	0.0034787529607157547	47.23962370688554	0.14501257278699733
3.843059234155402	0.003288304259951038	47.22745318794908	0.14788952140126144
3.851147414130276	0.0050882636241948945	47.02683665051396	0.1480687291427123
3.861657639745366	0.007134775566879357	47.05772234951286	0.13143043963369738
3.926082945868232	0.004857056926875781	47.06368338690211	0.14816590008896396
3.9382820361479416	0.008015771072330332	47.01969655276357	0.13173634931972603
4.003047148221453	0.008926021136992214	46.91610028591812	0.13044126153193927
4.063402498204725	0.028331437071121356	46.72502595789726	0.14968971268755665
4.125558392141355	0.025835611021386585	46.92933989114635	0.1259367191706347
4.3723709023432775	0.018854705124244996	46.426898164776844	0.12884375683606147
4.423881370672956	0.01671365484332955	46.26830978605738	0.14718638509685888
4.511200946393799	0.0706216738114538	45.953824967020836	0.14244238980610746
4.659269628691704	0.03029097182476921	45.78363838510378	0.15484801874522547
4.821015641182509	0.13713578281772454	45.522295822113435	0.1606700449077961