-2.025705422964045	0.4237019557389228	51.29074900866697	0.13583849253011837
-1.3352932118975964	0.25928029508459693	51.10140280675992	0.13112169681509422
-1.0575642796484064	0.06839283153899844	51.18557153576809	0.1355125502112473
-0.818287799306043	0.1445458190966195	50.906316013466096	0.13130869430851186
-0.6837644744797328	0.009640277256546289	51.38103011123411	0.13860021474239131
-0.6210385283392943	0.050062764587716996	50.954361597191706	0.14346545073945038
-0.5377741715311308	0.03444048239911395	51.043877339605	0.13036362979874028
-0.49829557792614176	0.006289565263626177	51.27827971867793	0.14167329976212575
-0.4563600437412464	0.034263864516201906	50.6509767731187	0.21246787865172306
-0.40778494480300587	0.015319029395562235	51.07910936955546	0.13881422021342715
-0.3244112658787792	0.06321608189324694	50.764197231087536	0.12998056801178778
-0.2509214781843323	0.01423333003031988	50.99206080424229	0.1369927041738915
-0.23348459227101181	0.0034182958069263725	51.32424432366522	0.13850000331776585
-0.17894599930093202	0.048238193130713994	50.81039839711198	0.12425717732358084
-0.13049853145986956	0.0026966437828511353	51.32194765388062	0.13884720456661914
-0.11984373416132965	0.0026312904176931575	51.29978045910731	0.1418307685666899
-0.1120207437611842	0.005168634111029765	51.15479203935324	0.1411152513153173
-0.07726857839513157	0.028626936486307483	50.77760073233632	0.14265081519511086
-0.04509241542024878	0.004430446137914511	51.21127856205068	0.1347847329745384
-0.015136575751439785	0.024810920194508708	50.78373003315093	0.1454661263150431
0.02057081515765602	0.011426296391981495	50.976190214701305	0.13878056409155826
0.06402744015600892	0.031014880698883585	50.80294772965836	0.12882392026742648
0.10037054475862617	0.006338908699320395	51.09478711844579	0.13735815931772133
0.10977631573259017	0.0031015495938922694	51.26860665009066	0.13338550805399507
0.11440389813115426	0.0015343383914575303	51.39160600073497	0.14127210346092836
0.12501360801020367	0.008983854143892592	50.94866263074997	0.15196232809830995
0.13682986484878468	0.0029142391003476415	51.28770392126664	0.13805978955122744
0.14833312226543305	0.00851418687500151	51.050147318148355	0.1334001248918143
0.16503613832617947	0.008192947313924866	50.760314805773056	0.2093104127622998
0.17848078087762542	0.005295466932824734	51.14469857522861	0.13372038206263304
0.20542838076994197	0.02115171521886865	50.76375534288533	0.1464853441787731
0.24692850797506027	0.02035490346965453	50.8970631296953	0.12692367746366828
0.2721884976735983	0.005334657683548965	51.1209456999398	0.13719117171810016
0.29403523996437364	0.016233411313062794	50.95628128700278	0.12892236700353907
0.31386721999072875	0.003877196583253444	51.22001613898816	0.138508536815733
0.3186868738615961	0.0009586016587393544	51.55026024212985	0.1385694073460896
0.3253457734774252	0.005664094974546293	51.13050179223166	0.13931542587486262
0.3337598790741838	0.0027777069513081304	51.31399840722046	0.1352319951283422
0.3438272125797017	0.007237487462738931	50.86232636479775	0.19295865338747117
0.35454997462605586	0.003530490658505989	51.31323862781874	0.1279239590310069
0.36844719430944817	0.010257915134418866	51.04059268161538	0.13515087886217506
0.3852157855607775	0.006579596356555238	51.15822038404138	0.13241465421644244
0.3957781398058947	0.0040134412917544144	51.20383314253276	0.1421530949365965
0.4053051352066507	0.005496901499817737	51.185832144488366	0.1349078176638557
0.4138583422677319	0.0030798296740044057	51.308160064325904	0.1347322640672902
0.428246538271977	0.0037243330934531027	51.252082233021184	0.13557641557434313
0.4363637387973377	0.004386443720554068	51.189746443905754	0.1366220083156697
0.4471936861256941	0.006417618156403936	51.09104115838877	0.13788527425927327
0.46053495854084814	0.0069149666749249135	51.073646055182216	0.1333348110315406
0.4714603231567144	0.004045907758923886	51.15039354665481	0.13983377008036052
0.4761550815182304	0.000667067786395305	51.52628275986165	0.14219010685358863
0.48343152853801963	0.006559844150345629	51.043370564145064	0.13517067238573588
0.49123285159530494	0.0012886120674999988	51.389052330278446	0.13793609396682696
0.496356951870189	0.0038204924741869002	50.98124014199159	0.1687151400173057
0.5039314971542755	0.0037544368447278856	51.28563365777154	0.13924657593610557
0.5095269512435078	0.0018531874629612944	51.60402839063323	0.13611420590739523
0.5144408792569387	0.003053895521513263	51.63545883059368	0.1305715330286195
0.5180901791459628	0.0006056683377828957	52.07226920828743	0.13310294236540465
0.5192998293706114	0.0006039837033030413	52.16966030380342	0.12424928878275583
0.5223092964478594	0.0023992513336875045	51.881429983406434	0.131894673080801
0.525298052694909	0.0005956991731921102	52.27371406532775	0.13509056184940665
0.5276743368708846	0.0017773459456744993	52.194390388567186	0.1159658769372801
0.530037688823623	0.000589233406577139	52.40838821149491	0.1288669086430873
0.5318018017651999	0.0011736895664044534	52.28109844688965	0.12964497585670523
0.5347261575355698	0.001748719477060319	52.09027676592995	0.14123654919655426
0.538209589078917	0.0017347492789625285	52.009126486905814	0.14207777954285924
0.5456625186400134	0.0056841107523329226	51.76392961295226	0.12347932308744605
0.5546631799040763	0.0033405126483939383	51.67041157478151	0.13927239915194592
0.5601953160061911	0.0021988202367929457	51.6598236633599	0.13601330695319502
0.5645708404288646	0.0021767783077035812	51.49560657371023	0.14845543309959033
0.5699789732479762	0.0032247594725543383	51.31315825575419	0.14203144541617047
0.5747893730339341	0.0015946189899301447	51.37174392855775	0.13890592331803286
0.5795470741690095	0.0031544905173818767	51.08882180159833	0.14448167193958272
0.5842532189231681	0.0015602460285685188	51.186063394934386	0.13662773953317045
0.5883940713503041	0.0025757338354144314	50.93498564250524	0.1441855946266149
0.5914740049089356	0.0005115063683164807	51.28430676660993	0.1379288625770036
0.5940240356541316	0.0020340471025375117	51.06095697000964	0.12174973751334414
0.5965591804625149	0.0005055520427438346	51.2746058166318	0.13958947289120782
0.5975691099101829	0.0005043777733894499	51.11185842162124	0.18269646949016324
0.5985766955167834	0.0005032089473231387	51.27235945417476	0.14069544423322586
0.602084949995317	0.0029949622341590596	50.87891578852349	0.14463904495384658
0.6065543169622306	0.0014821494178385544	51.15491649247761	0.1327565668238292
0.6095085449850938	0.0014721015153165624	50.91159906670615	0.20660630810416844
0.6119551433138556	0.0009758878306268739	51.27520344602847	0.13841094826259773
0.6158412559020633	0.0009671944366391594	51.39520162000154	0.12773601162694928
0.6182525356381313	0.001442758923434155	51.32154111998938	0.13074170508012373
0.6211285097040281	0.0014332362864273264	51.31665719855428	0.13466942745488492
0.6239855640248132	0.0014238385288609663	51.36541156418333	0.1316944800045005
0.6258798781307778	0.0004725471757460996	51.63038789004211	0.1320242881878879
0.6282362099708297	0.0018799609631933534	51.266308382789084	0.14585287582135653
0.6310470358068955	0.000933916417176895	51.44078331628733	0.1407163924750132
0.6333755731318756	0.0013933837186336584	51.3303896431613	0.13683287604594427
0.6370754580383536	0.0023026058108271594	51.22642272385249	0.13659179099236254
0.6443819883148066	0.0049812202717888976	50.97785278355606	0.14215664038280207
0.651121989292674	0.001783458680783287	51.252362167939495	0.12901469833533435
0.6551163461644495	0.0022089134936014608	51.13619362077783	0.13809536024377564
0.65819786688836	0.000877318280556853	51.28926005349536	0.13997550017835161
0.6668836115992373	0.007739518514758806	50.841703513707294	0.12752205709175865
0.6758204653119674	0.0012636472000819375	51.07599714280491	0.1425473651278805
0.6795949569084173	0.0025054246356047975	50.961588102984486	0.13464858168233151
0.6854019512396202	0.0032961964382401242	50.8165994220401	0.14094540451573928
0.6919448099994346	0.0032469098225981342	50.647425990434996	0.23478147615935502
0.6983905585949232	0.0031990754160645548	51.168245227492676	0.12852721525841987
0.7055294807021802	0.003933648675262415	51.18390746014507	0.13682687151238956
0.7129398308541358	0.0034803885289876844	51.455913471622104	0.12493534586496781
0.7171729416010991	0.000765917696632292	51.78542471857498	0.1357198177758211
0.718702081765403	0.0007632256613803279	51.839690341163	0.13572771081206345
0.7202258567500296	0.0007605524836928621	51.86930356522714	0.1301815819140604
0.7232574608569465	0.0007552619139473322	51.94688689886769	0.1330389727993317
0.7247653641230415	0.0007526441346913212	51.81186409818579	0.16686474533352613
0.7262680493863362	0.0007500444404533297	52.02094627478957	0.1310522327548826
0.7273916616048844	0.0003740532120146517	52.2438096916383	0.1300428479899568
0.7292579119778094	0.0014897971164907577	51.917153349123645	0.13505294675857538
0.734441147938543	0.0007360611531695519	52.049821427671105	0.13887445492363135
0.7359107808191795	0.0007335745651478777	51.99653077663578	0.15112601698094877
0.7370097508074241	0.00036586031098991126	52.38035671438775	0.11447170604844012
0.7377408560934008	0.0003652449281092263	52.31317014791398	0.12221212464448254
0.7384707321380414	0.00036463161237617166	52.233733950808876	0.131772255830385
0.7391993836094942	0.00036402035293784025	51.97739529179671	0.17584365603919216
0.739926814610009	0.00036341113947017695	52.16601235823953	0.13249664154713015
0.7406530297618826	0.0003628039612664905	52.060745310454294	0.14077324298630287
0.741378032044203	0.000362198809044902	52.10835792687362	0.13027127658117038
0.7421018260394251	0.0003615956722334805	51.99483845270634	0.13986604842954256
0.743545805768589	0.001081186212768655	51.822342823756884	0.12825464247031157
0.7449849997999528	0.000359203078614377	51.99409126609537	0.13210041656363278
0.7464194408158896	0.0010740558475652363	51.77711020722249	0.12819312061077132
0.7485622575433369	0.0010687694890556675	51.44037061440638	0.19193312220449454
0.7506945532873187	0.001063534913602205	51.75871336991434	0.13442639716101015
0.7528164312064943	0.0010583513631900298	51.840218490394136	0.14336035072675715
0.7542252786210536	0.0003516412145288501	52.291246547515215	0.1247574123612325
0.7549279920812341	0.0003510726988805412	52.23237020653928	0.13882612310301884
0.7556295708694619	0.00035050601813786555	52.27326234272651	0.1373589941659461
0.7563300176020739	0.0003499411642721395	52.176897655935306	0.14151045322768707
0.757029336446294	0.00034937812804447364	52.26140791254798	0.12035513432647271
0.7577275310286254	0.00034881690069552283	51.946579453272356	0.1566017596824099
0.7584246054770599	0.00034825747310599165	52.051517212468475	0.12856743648009
0.7591205623445688	0.0003476998374620758	51.876924915104816	0.14041886250234495
0.760162411229052	0.000693733448249618	51.45696180559414	0.1784006637330187
0.7612017667548622	0.000346037593640992	51.68896401214831	0.13926632339349865
0.761893290950762	0.0003454870387361531	51.740102752891666	0.13714765141016882
0.7632730452684028	0.00034439116753264096	51.87671785252646	0.13902292885767079
0.7643049915572501	0.0006871476318694153	51.734311209069816	0.16565293598231562
0.7653344921151976	0.0003427603344269952	52.13183386055937	0.14261347186829257
0.7660194721731391	0.00034222015041075965	52.25381612798056	0.13860300981958631
0.7670449208209466	0.0006828261186156292	52.29720829815197	0.12962141680330233
0.7680679544071055	0.0003406097657328587	52.50763878417823	0.12385078488820736
0.7694282607388808	0.0010186337091889204	52.24050479872005	0.11543508614172404
0.7707843197591974	0.0003384860152440405	52.230710421917074	0.1368112526954159
0.7721361575737634	0.0010123021218436947	52.029433988387346	0.12180765464009027
0.7734838007146451	0.0003363885844229832	52.11774804428888	0.13217996871873994
0.7748272748003694	0.001006048759582666	51.834503270810565	0.12780021170961867
0.776834725695977	0.0010014092047630663	51.45884575961103	0.17643694856458525
0.7785005421591288	0.0006650503150241688	51.70452990014422	0.1350759939828716
0.7811526292418906	0.0019830043694468702	51.37679047000546	0.15148716101119306
0.7841169957450339	0.0009847575269052056	51.57092415281704	0.14198170847231514
0.7873871779066631	0.0022805306428935034	51.438155680183435	0.13493187058174932
0.7935334911300903	0.0038545422016428477	51.24614046338863	0.14147708991151264
0.8136193269997006	0.015948104277078937	51.07628284683754	0.11820710914551438
0.8316418077948903	0.002353819894601088	51.31745951350892	0.1392949466742128
0.8429677044051597	0.008886260480363239	51.00580607749457	0.14304411909148532
0.8603862014183313	0.008536906845266198	51.01836299597035	0.13848285036027377
0.8924912127986154	0.023018464341529595	50.83497832328936	0.1299059983762926
0.9362478891328084	0.020812280490277748	51.12796225494747	0.12549609316035362
0.965098930517781	0.008438994940690383	51.436727359902164	0.1387337403581354
0.9753631315361299	0.0019019733521916712	51.95667732441873	0.12434096961971446
0.9776815662707904	0.0004204104275436465	52.19176985321439	0.14007603350777656
0.984356572611146	0.006209973288593677	51.688781373607114	0.1313012696244855
0.991338124080405	0.0008147923020753341	52.08905717289537	0.1416184002541459
0.992355421923773	0.0002032214885221144	52.381169776574545	0.14246393817000066
0.9929646590399898	0.00040587321031806945	52.34927340059652	0.12286735158876085
0.9935730424011361	0.00020265251953872657	52.43021070404284	0.12886560622505616
0.9939781583479935	0.00020246357058430108	52.22939199426967	0.17702626899865226
0.9943828970506147	0.00020227497350535425	52.39837804547327	0.13730992627805383
0.9947872586089402	0.00020208672760011325	52.54584408423388	0.11849514530492694
0.9951912440257499	0.00020189883174878323	52.28774755138901	0.15664181439930674
0.9955948543007499	0.0002017112848362492	52.31426057876242	0.12944848371642875
0.9959980895296973	0.0002015240861700887	52.041251751823154	0.15541195863157972
0.9964009507086907	0.00020133723464215285	52.07857623244675	0.12959609161845678
0.9970045427994053	0.00040211521211154776	51.68640218573569	0.13692451192695015
0.9976072971686109	0.00020077875312025185	51.65727777836392	0.1393654269507289
0.9980086690613955	0.0002005932805341324	51.655509963638806	0.12030040899660571
0.998610032532962	0.00040063142625597695	51.19299503254196	0.1414172529853885
0.9992105641554313	0.0002000389129556695	51.38563333793014	0.1336080726542388
0.9998102666730632	0.00039952575327016133	51.237495992607464	0.13938062154318887
1.00040914222363	0.00019948760107698716	51.48830914667914	0.13376219775276402
1.0010071930847069	0.00039842616628139464	51.50438030278512	0.126588775793932
1.001803315252063	0.0003976964647500374	51.512233785439015	0.13887448038832442
1.002399450494318	0.0001985754701734834	51.82061268503274	0.12397294773737313
1.0029947688673184	0.0003966069102270157	51.59705044742958	0.1475335744422061
1.0035892720168929	0.0001980321843985864	51.890252283179386	0.13781719930679026
1.0043806792639578	0.0005930149272393437	51.72015445996062	0.1447361090213902
1.005170646868276	0.00019731241090855168	52.00229148308663	0.13656514192931735
1.005762181236443	0.00039408768572382364	51.85464299224069	0.136109496114885
1.0069428378940963	0.0007860355774022723	51.80680665933153	0.12489981593509535
1.0079242725304343	0.00019606531772094465	52.18533563765194	0.11743554523583792
1.0087078266603768	0.0005871356867433183	51.77011802274918	0.1464961455964062
1.0094899693564048	0.00019535974541836647	52.050178503435376	0.14134827812700748
1.0100756536605169	0.00039019292637944584	51.95418930927911	0.14132290840300704
1.0108553391950994	0.00038949304446172096	51.99559224661301	0.1351684432172783
1.0127984509675487	0.0015510171003121369	51.74513558014472	0.14080466504189257
1.01511876717837	0.0007713762694859209	52.01192068034668	0.13982111447733245
1.0181933632003264	0.0007659345815496871	52.088064987489936	0.13737626965505714
1.0199133057492076	0.0009536340482723586	52.106718589223426	0.13126218340031398
1.0231436180159434	0.0022717612010377825	51.93073116998456	0.13679626940594733
1.0299059792269474	0.0044733235623518565	51.76042330527913	0.1614969526437401
1.0354619426836114	0.001104115121177686	52.30141117658526	0.13073240736852754
1.0385790556706413	0.0020097344612655995	52.06080267605976	0.16244967471330346
1.041129396580176	0.0005449001257755961	52.51610710908712	0.13462859852558487
1.045466865279494	0.0012587985232281448	52.3210799230276	0.13841142658645697
1.0479771931841766	0.0012515433496413759	52.168550872354025	0.1746263897268916
1.050828483316867	0.0015985973037282502	52.26393548218309	0.14107451955373074
1.0534846727961256	0.0010592333049013465	52.35675391726259	0.13967264710412522
1.058050597710329	0.0006987703094058406	52.445484984921535	0.14252947782732409
1.0601418654688852	0.0013908271874101578	52.22224724395522	0.1582941993167699
1.0622231113392133	0.000692088973451132	52.370612963258424	0.14192561844359863
1.0637775264576446	0.0008620203686752969	52.05123159731083	0.1477539765275002
1.0651545736101355	0.0005155748583388027	52.19631637727499	0.11637730053882861
1.065841463380738	0.000171586686082519	52.34755235065934	0.11473720059236077
1.0661845011673718	0.000171451207785385	51.995017682049095	0.1493215818276269
1.0665272682113214	0.00017131594325645066	52.01226318381693	0.12759875415643557
1.0668697649396157	0.00017118089199016546	51.8840800234575	0.1352638456893934
1.067211992033155	0.0001710460533821869	51.75437243598726	0.13801076132150542
1.0675539494069959	0.00017091142713106854	51.789847550153844	0.12135910731140226
1.06789563774023	0.00017077701263547654	51.60975176110124	0.13563202264842056
1.0685782091453104	0.0005115264505472083	51.45466407615927	0.13184187306070586
1.0692597093660678	0.00017024146214807286	51.71036680437108	0.13837673545727652
1.0696000590748298	0.00017010809887399347	51.749856866705926	0.13532817041498055
1.069940142012483	0.00016997494448297516	51.8004756802574	0.13350702271002163
1.070449767610874	0.0003395512065889894	51.65326321035465	0.13799061353386316
1.0711283397348441	0.000339021082255365	51.58704478750104	0.1316586516764802
1.0718058531378976	0.0003384926107529645	51.53046376019641	0.12622823746927592
1.072482311244268	0.00033796578426600085	51.17602422484452	0.18011373823141413
1.0731577173363092	0.0003374405951255539	51.28065833873593	0.14146005085858124
1.073832074681083	0.0003369170357102994	51.301617981718074	0.12224655972063679
1.0743371565627489	0.00016826271548826347	51.35497255898015	0.1237731837355382
1.0748416514690615	0.0003361347357181746	50.92303971395951	0.16250921383297207
1.0755134011394896	0.0003356152175817763	51.01861586914642	0.13063497026972465
1.0763516296834128	0.0005024521108128855	50.85764713671933	0.12938599858112912
1.077689439422969	0.0008348445472236475	50.77857749960197	0.12802188245353135
1.0795222246456593	0.0009975945681076717	50.67453125303382	0.1465101685241944
1.0808503179899134	0.0003315161786423737	50.99768586065813	0.13804952213406566
1.0818437294649335	0.0006615174607461437	50.88698439721588	0.1368895461488727
1.0834943823092429	0.0009885119369577773	50.65154969509159	0.18232582990291918
1.0854669197804294	0.0009840323602958762	50.894580222468655	0.13527503212243253
1.1007744626300102	0.014090960387777783	50.814329502679385	0.13615270862908818
1.1280797295962195	0.013232299649697335	51.26772412618725	0.16948734369715315
1.1418352573577253	0.000720211077596615	52.12156347850851	0.12828650549951312
1.1439905337084793	0.001433291470183333	51.89784648889143	0.1397179878308262
1.1516621490967895	0.0061960594688324445	51.568858159052645	0.13985398797158605
1.1593389720507759	0.0015218742298459735	51.893191347686745	0.137567178781138
1.1663382288180553	0.0013614033696083612	51.89817393116573	0.1409787109624061
1.16851102979963	0.0008127655188095562	52.02557522858023	0.14090053117365442
1.170133526285079	0.0008097347435853609	51.76372899639344	0.21299951181179513
1.1717499838148129	0.0008067264876425736	52.05318224306061	0.134875051981768
1.1818501561491623	0.009195448869448602	51.575938151320884	0.12911497444576112
1.1999883216515221	0.008945303438190987	51.44739577487091	0.1663961805421049
1.2090895710824565	0.0002467547233250469	52.37405399322544	0.14048023287261763
1.2125304700744026	0.0031824964501877507	51.689229485670246	0.17190258889717488
1.2159443211532164	0.00024289060941035267	52.415906144752896	0.1420742632028054
1.2208952509280229	0.0046826791985125175	51.75177091066325	0.14342406380502468
1.2259090827229322	0.0003560715064909683	52.33062510976705	0.14111823454130767
1.2897068148508737	0.059025641883914036	51.32689688034361	0.14989198002626705
1.3516763783621224	0.0065747673738889454	51.672678130941904	0.1288822823092926
1.3603844611572549	0.002177111127408918	51.84276654691973	0.1333504902948048
1.3631622608617224	0.0006057045403828173	52.11299129399775	0.13695196635868895
1.3639403264342689	0.0001727486727182655	52.399009120507266	0.1367894201037693
1.3642856864811672	0.00017261135397062013	52.37510298936979	0.14101781112830916
1.364889406356241	0.0004309289270028804	52.02027398861668	0.17711342626038465
1.365750410161061	0.0004300754418383005	52.20807116554977	0.1335827152208954
1.3677242648440782	0.0015412507121331462	51.92608457083422	0.12476206476334867
1.3699448292637277	0.0006815068222879618	51.93606121539427	0.13653210814352432
1.371135831615586	0.0005097303217935753	51.96276224457671	0.13347225099101104
1.3718997548225822	0.0002544172475952602	52.04473616359491	0.13811886395357242
1.3724082914865114	0.0002541195123388737	51.93066837253906	0.1577547939798611
1.3729162333763583	0.0002538224731254257	51.99516968712197	0.14013662738628732
1.373423581839786	0.00025352612754146996	51.94093686695995	0.14721693648710202
1.3739303383036523	0.00025323047313580296	52.01441349662442	0.1408402585147307
1.378297633816595	0.004094713272716765	51.741595482228334	0.11549398888497583
1.3832828463274383	0.0009087300484221956	52.050482733427096	0.1418111269924573
1.3844378745355645	0.0002471772124709886	52.40760749824812	0.13911438607505755
1.384849641327647	0.00016462864525351704	52.576748865598844	0.128585103169644
1.2809601815335667	0.003724943943807911	50.627639175089094	0.11351799917843329
1.2882903514565966	0.0036291874797146923	50.62262866962132	0.11351802322707753
1.29512455514315	0.0035193919273371586	50.62595919146493	0.11298215225744249
1.301563799766217	0.0027272100015048014	50.72308223038404	0.11351800828586618
1.3071860858492155	0.0026429153552961875	50.77936261330235	0.11407121267577201
1.3126344624992758	0.002979346853112196	50.93990805313417	0.10804986567961791
1.3187156305478922	0.003021791635472767	50.950393261556954	0.10671782464555418
1.3245237024224399	0.0032299221562341676	50.88179065154609	0.10697249990937203
1.3302644574977411	0.0023077932182204433	50.829484456713764	0.1129821550942447
1.334763322892802	0.0020992570434559005	50.87624453071922	0.11407121832650628
1.3397277921565784	0.002579976261464201	50.99663205185135	0.10671783206327641
1.344315468577137	0.0027290816191510867	50.98261833754511	0.10697252132482395
1.3490295372791792	0.0017520705270933005	51.19226497027138	0.10671783594107312
1.3526747722370156	0.0017440744456241664	51.18718718464634	0.10728321376905105
1.356069836381201	0.0016513348990397554	51.190091937670616	0.1074991399106957
1.3597090317692162	0.0018185367316054064	51.13954278868791	0.10697251181635968
1.3630454307139703	0.0016509889475864496	51.214614242526196	0.10697250014941072
1.3658106165689894	0.0012147947040711778	51.37066321122099	0.10749913533307547
1.3681564561853468	0.0010991873495611246	51.446256806519955	0.10697250594270581
1.370413112664489	0.0010828535592320794	51.45667669971152	0.1068219273532942
1.372514161720423	0.0010628075088988183	51.516046262702844	0.1052653129827782
1.3749673442116097	0.00134102584162589	51.34185111763455	0.10697251472722749
1.3772685589834768	0.001072176935891147	51.478463645896326	0.10507163711803374
1.3795451457498906	0.0011436476907371702	51.34625061052163	0.10723289240973141
1.3816896500275244	0.0010447345205966193	51.369942447745665	0.10723288769175929
1.383926740992429	0.0010847360204047146	51.34242643517947	0.10751156178006196
1.3861975024576343	0.0011426750674078695	51.31325433687426	0.1069784761576114
1.388276821781794	0.0010269663698549963	51.41606279865913	0.1054393990548221
1.3903949978537482	0.001074795236238013	51.32521549573797	0.1070363207663312
1.392450320224944	0.0010211889730366822	51.33785322373163	0.10714302738266238
1.3944597321880297	0.001014462184976358	51.336186143442625	0.10620576333034099
1.396447868117396	0.0010298650253202774	51.31097075499278	0.10625779094473689
1.3985067175350414	0.0010070469518474367	51.27102687247278	0.10697847469865665
1.4007939592268812	0.001217978075075578	51.168985155135054	0.10671783896842901
1.4035228429414084	0.0014193016647618458	51.0730813118963	0.10724508314960979
1.4057564320021587	0.0009825312053896103	51.23372896241638	0.10671783282368957
1.4082087648749018	0.0014333215577577863	51.06092955508326	0.10697848081110309
1.4109032239890915	0.0013760055430912077	51.065227166799176	0.10724508976169864
1.4138621920400558	0.001447507115402068	51.03528959230278	0.10697847531337289
1.4172330095289385	0.0018660643364388997	50.9057871952778	0.10779681880177523
1.4207976693145956	0.0017049431360540127	50.94235971064946	0.10724507268398518
1.4237353683760676	0.0015335124247266158	50.97948390566934	0.10697846612456259
1.4270979262303487	0.0014880771701126878	50.97958692143604	0.10671784457835269
1.4302901060549233	0.0017310986945102303	50.90649337066412	0.10671783579898399
1.4333117726448412	0.0013491407518142517	51.011621514203455	0.10671782328301485
1.436078526452134	0.0016917191479993092	50.88347144830213	0.10724508366527465
1.4398660446814722	0.001845639141775667	50.802592253577224	0.10697849183963878
1.4434590210736857	0.0016344435319667454	50.66517638785315	0.11298213747245701
1.4465193130206866	0.001472989646402277	50.69569708635268	0.11353062923250398
1.4502526486528717	0.002267574370951837	50.49733985889375	0.11353061773077788
1.4542138472103896	0.0015067610160139477	50.6682843001863	0.11298214328551834
1.4571507610698915	0.0018624816510393394	50.56779300295649	0.11298214733843703
1.4617951100731688	0.0021598372130374067	50.49461204695183	0.11353061826648829
1.4661105104832064	0.002377418646464477	50.45481216015503	0.11409721601973753
1.4707517116335653	0.0024028034515875866	50.46786138082892	0.1129821510854649
1.4761684230984402	0.002761575798423307	50.41007235005535	0.11298215309235043
1.4811228980400708	0.003274322140871694	50.3358366562632	0.11298214749316098
1.488544233477255	0.0031929127519048127	50.342752834058146	0.11298214772922296
1.4958185657046053	0.004038807029979374	50.21587715189784	0.11353061526447075
1.5032614393890031	0.0034265131458426352	50.263888368217	0.11353062674847801
1.5097832332519685	0.0029139615397828582	50.3179251241427	0.11353062137810947
1.516178120667938	0.003529897368319958	50.219921056963095	0.11353061229258196
1.5240841101598868	0.0043727235442622275	50.11412761421097	0.11298215794969221
1.5318311429187421	0.0035604401688258073	50.2032244206476	0.11353061730998969
1.5388885016984424	0.004152564805861462	50.13849180421661	0.1152878499323288
1.5474040443290344	0.0040974115037735745	50.17412874910359	0.11298214844838426
1.5564965864712432	0.004724931029578686	50.09806697372052	0.11353062138186987
1.5646143740255045	0.0032349124765574926	50.23285047310492	0.11298215896155389
1.5723427271825288	0.004702638535489573	50.05002895528022	0.11298215566016685
1.582118244104942	0.0048514522787238	50.00645607328987	0.11409721424689068
1.5910825262640849	0.004730581128731553	49.997745539927344	0.11353063043082803
1.601080476995302	0.0051144824446523116	49.92969438399664	0.11409721834059917
1.6135964090215866	0.006590346576529893	49.84845767629992	0.11298214603845329
1.6239784448153083	0.004167169071249242	50.066359384272545	0.11298216105133475
1.6327178628327212	0.0043818558853605865	50.03430326045161	0.1140972294381274
1.642935026717793	0.005025105109377905	49.94724699560672	0.11468268646533042
1.6503298576385959	0.0034371921917621274	50.10691427409478	0.11353062434887498
1.6569172892977124	0.0030015895523762557	50.156297452083756	0.11353062337831195
1.6614035711437087	0.0017079864899366896	50.39977314652418	0.11298214964762504
1.6649336114810653	0.0017081968881204953	50.42367429782197	0.11298214888382621
1.6687863687229774	0.001832240380632457	50.43448565378027	0.11298214949130378
1.6714877817178633	0.0013358783650085574	50.5740835782333	0.11353061816818069
1.674618338240359	0.00154486682314836	50.461175080777934	0.11298215479819992
1.6768785329321108	0.001075688392769032	50.57831010981265	0.11298215861208226
1.6792210703127735	0.0010604984317349208	50.60568041163355	0.11468270671391265
1.6815073899697315	0.00124097203676023	50.58737055381762	0.11298214965990365
1.683914056925071	0.0010666715185567923	50.627155600919075	0.11353062341776185
1.6861882060470088	0.001313009141895651	50.50516873970963	0.11298215105041415
1.6890351887269985	0.001359589886709603	50.49137759860704	0.11353062237372875
1.6910774253906107	0.000844867602902858	50.7478394680072	0.11298214969268022
1.69318902770592	0.0010421092616863662	50.688300075399205	0.11298214045254186
1.6951393555640535	0.0012862239746520073	50.55190441520868	0.11298215451621495
1.6981425595039386	0.0015144271063116074	50.411961027536826	0.11298215260681324
1.700916466736949	0.0014222902264392893	50.40566343033283	0.11353061829551722
1.7034396267911718	0.0008883520801616005	50.602279093763656	0.1129821568028178
1.705478340347598	0.0013523509688586383	50.40898600871222	0.11298215364294735
1.7083310172656714	0.0016190361649253467	50.319540701201944	0.11353062067821416
1.7118188604751703	0.0015983314823807021	50.323657217458575	0.1129821499373546
1.7147131372868194	0.0013566346789142011	50.38863360594685	0.11353061712459414
1.7175786884131083	0.0015667520358324885	50.322398625973086	0.11353062326934056
1.720885135466295	0.0016972563323592595	50.28071339823647	0.11353061916215407
1.7243512123570874	0.0018711633972456768	50.235928427825854	0.11298214824206293
1.7294552652658006	0.002945666039242469	50.025791911379514	0.11353062225435404
1.7341558305356788	0.0017391665987900246	50.250521296224136	0.1135306172190266
1.7380037527194392	0.0024903755371079583	50.08308953144033	0.11409721319156807
1.7437421768572325	0.002982724969959999	50.00012244286351	0.11353061494230908
1.749587066150668	0.0028362262695800487	50.022317742287726	0.11353062268234898
1.7553087392566047	0.0030104410188991166	50.00764126873246	0.11353061937115361
1.7617671700103998	0.0031724921868820366	49.99844613878859	0.11298215073654388
1.7680509234793171	0.003097967304243196	50.01618237851024	0.11298215442342179
1.7739679303502793	0.0029770823059852	50.01088935355676	0.1135306197474268
1.781682759264279	0.004061025013103553	49.85077263168942	0.11353062302309398
1.788252916107138	0.0035009589161519076	49.89346559028856	0.1129821550067723
1.7958384828282612	0.004083357657172591	49.816835997166336	0.11298214544237317
1.8041833148707553	0.003721991298160828	49.85013012049359	0.11353062539132228
1.8102896968785553	0.002729725641199138	49.98632794949007	0.11298215475439903
1.815560955707089	0.0024158936779582886	50.019111705756195	0.11468269841911337
1.821387018635011	0.0035616181355511345	49.84772245490812	0.11409721250158844
1.82773014374138	0.0029161975700923845	49.93834640158188	0.11298215488037333
1.8349115755785914	0.0037626853052023087	49.822525267236	0.11298214534466966
1.8418713050532003	0.0036288675914541877	49.830674005499894	0.11353060725800558
1.8485783807616785	0.003111300100033395	49.88750897657988	0.11409722990681123
1.855903298642486	0.004112407906262953	49.76445572074935	0.11298214503240976
1.86326815102431	0.0033689247863932133	49.67287926249375	0.12190427905663663
1.8706527557381243	0.004652170612451579	49.704120969417154	0.11468271183324168
1.879690279065239	0.003938660812054353	49.793164687767046	0.11353062894050625
1.8884648355599416	0.004203212057674067	49.74731813164571	0.1146827205583396
1.895894804011403	0.0037461930741883916	49.59600918438868	0.12426337850852286
1.9032721527884502	0.0032502291354745494	49.63872797978216	0.1230561932176015
1.9094588855307681	0.0030031832180566426	49.65248216422223	0.12426335707832045
1.9157139135144585	0.0033032971863942813	49.665204779307885	0.11953703021555796
1.92229105964917	0.003335436449455047	49.5988600313797	0.12552915341487833
1.9298626835458332	0.0036872930699135666	49.566539538375096	0.12426334200941032
1.9366107961729555	0.003551883850489854	49.596627661623295	0.12552918021882567
1.9446187932864976	0.004170324898042037	49.52358604077607	0.129716140389515
1.9512671575914697	0.0028029483609322663	49.73700210077129	0.12305618684981201
1.9577734681570416	0.003502339359654139	49.59766884470331	0.12426333876335484
1.9653974385343127	0.004305795507385621	49.42555305089918	0.13125580318582264
1.9732075041238835	0.003565361508625632	49.37448776225152	0.15210296278523408
1.979933322653157	0.003105927316901587	49.57018205552649	0.12552916164892813
1.9859155793575916	0.0027612705085639845	49.60279949668907	0.12971615554702864
1.9914389429313135	0.002993666667750412	49.563507916424896	0.13287530733799244
1.9983886271866909	0.003053366113028268	49.55114594048396	0.13826895482117857
2.0041443974477873	0.003456686260005366	49.72345276494613	0.1179227032977319
2.011427516883986	0.003186234309056477	49.521386387294434	0.14460407396839628
2.0164694657497604	0.0025285054539079302	49.567360000954366	0.15788993700927112
2.947073322406784	0.0029690882437357962	48.58855758749057	0.13322349150540014
2.952520558696462	0.0026528160505618925	48.63228505378139	0.1332235001270684
2.9574532651551477	0.002346800572701279	48.69329141983932	0.13285728530485685
2.9620716799932167	0.00286830115497147	48.59265790383526	0.13537683433402373
2.9672422229002335	0.0018895339421853257	48.792599390163474	0.13249565074237687
2.971849217507671	0.002804446828170297	48.557129537100536	0.13457341836493367
2.977039124617729	0.002639191421602656	48.55931886865719	0.13457342589440116
2.9831070898287173	0.0023423001613579156	48.6136254416191	0.13359440716353774
2.9871091990203906	0.0023208145531211145	48.599151819419205	0.13417964746338987
2.991663104594582	0.0024241784747081998	48.57881147745582	0.13417966142075397
2.9966607994078878	0.0023964418531859668	48.579030570677524	0.13457344494296036
3.0015520973053897	0.002619053261968967	48.544376473992976	0.13497245084475848
3.006413316815111	0.001973241271180053	48.700733104152185	0.13249567025770817
3.010377558005466	0.002688510631382252	48.531062647974935	0.1357866847983533
3.0163194885732074	0.002772556849821516	48.57315745571174	0.1312792808825018
3.0210342850908654	0.0019079158769865058	48.71050606164624	0.1324956740471635
3.02541727373946	0.002006790276604831	48.6642464833147	0.1341796499332093
3.029111611057296	0.0022239042467457333	48.62234492589907	0.13285729168706922
3.033231617645457	0.001855076780503675	48.66400048216572	0.13457342762527985
3.0374998587968522	0.002066568376538895	48.594828877405064	0.1349724512528179
3.041010682954504	0.0020499296410927603	48.598876291281655	0.13457345320027916
3.0453391684003437	0.0023678217810718374	48.52989995829937	0.13497245336513683
3.0503273004587332	0.0023407815148094075	48.535843426023554	0.13457342923628277
3.0545320498361996	0.001987046202820739	48.610911554702206	0.13457344211233138
3.059263539829508	0.0026207454165729123	48.50851374161245	0.13285728949825767
3.063264752789403	0.0014065374216053056	48.75699863051844	0.1341796381137133
3.067280832550148	0.002358393976286746	48.525624830790534	0.13537684810637354
3.070635207965275	0.0011701030531605491	48.84468932712775	0.13417964303882143
3.07411457199948	0.0018994394042370422	48.71792355870079	0.12876414615109716
3.0793286481991595	0.0036491228534578156	48.58175395708703	0.11929601089947145
3.3454001879001765	0.0015820962985373139	48.202302924572464	0.13417965447101157
3.3484741513969145	0.0014587422114152747	48.233040720332724	0.13472617906916726
3.3510866479973695	0.0012269038844799202	48.34287718911988	0.13445164628371709
3.3549225906403923	0.0021558309777650196	48.150434680264205	0.13445166178113152
3.358539364396331	0.0016993859078331677	48.2641061521383	0.13417964399594914
3.3619906337898073	0.0015771772911943175	48.252457494578174	0.13500326553927935
3.364917329672536	0.0017286464281588102	48.20826201635559	0.13299748442945913
3.3676209031343247	0.0011273934950329668	48.36504156809862	0.13445163814911898
3.370728706157809	0.0015990568638702893	48.20378427304452	0.13445163807960292
3.373798427433751	0.0016407142478917342	48.17757949487687	0.13528296464924533
3.3774392779781093	0.002256840879087184	48.03217355386217	0.13472619695484417
3.381489280113868	0.0015599236194651957	48.18285307840201	0.13445164894867975
3.3848912080629714	0.0021152550501782118	48.22342932262877	0.1349912117111829
3.4102943315717353	0.029880233644915814	48.063249307498985	0.11390930021818294
3.5504961170625067	0.0017969988360235047	47.942830855957084	0.13472031291005626
3.5545447147306812	0.002373775444028245	47.81927227032253	0.13444871676236023
3.558891990669139	0.002004514278222551	47.88745521765038	0.1352710008613126
3.570968598528221	0.02826390500615069	47.95024634918998	0.1274855098335614
3.6890124499868207	0.0017929138571661995	47.74451039192338	0.1462773207064858
3.69911063307454	0.023718365191735598	47.694333842176995	0.11982235487300656
3.793800272052889	0.002012207759583923	47.56477029169645	0.1459800500590727
3.8027457069108945	0.018088421701985925	47.45502140140617	0.14208019912134046
3.9566232715130787	0.06201518986641278	47.34606729753661	0.14696145208437955
4.016355583967167	0.011801001524014327	47.190634738442995	0.1321652116467496
4.064494652255094	0.003366130647906361	47.16359775525552	0.144882317982001
4.090676707600347	0.019870510935909746	47.08165978725145	0.12367422685274385
4.176925640253424	0.02337190956027759	46.86432031667895	0.12466263446884353
4.231978026111369	0.004746763422603315	46.78143768269324	0.14216727170176716
4.334288404902375	0.055387304321846076	46.65640535577377	0.12117053898602062
4.44614182798701	0.056266020188510124	46.62592224022426	0.12853085677854656
4.618423389639412	0.022468008689555397	46.43881020153601	0.14988132642411603
4.677597243594498	0.06781148998509165	46.00944019465348	0.15341717874198965
4.943482853601463	0.1980458090101209	45.03063544000735	0.2086210406117807