1.4234651438387198	0.02581860326217716	50.20330450484318	0.11440689872987693
1.4741238479491208	0.023084357020789533	50.03643849957678	0.1106846080684264
1.5014054474870906	0.0017302366253659836	50.453493049276375	0.11824775663054779
1.5104702594395985	0.007276367537420033	49.94194784320466	0.15947027835178632
1.5184699064395333	0.0007828564020709209	50.564985387117225	0.11593688601485101
1.5346063637078924	0.015086053582656817	49.74117583625989	0.13709328229180603
1.5508918283524085	0.001453082194950771	50.25602703977749	0.11606394587662815
1.5555888537923885	0.0032342655430746313	50.05490244994764	0.11649918900194706
1.5930924512965583	0.032963215294144595	49.41851963149249	0.10229882220073677
1.8356340021693223	0.015746153891427042	51.119528761967615	0.11065900979296285
1.8517833050284587	0.0006813495618696257	51.47848178458286	0.11405789754298025
1.8658170189144294	0.0010994741340619248	51.07525398845776	0.11689738730247973
1.8676602185381501	0.000744476048050346	51.148527466563884	0.11337491885993017
1.8686662846294624	0.000262148268010968	51.3917310602537	0.10594831122631773
1.8693647846596848	0.000436211632028096	51.266951586438616	0.10797408754541911
1.8704974565769623	0.0006961207077113437	51.09779472485104	0.11550547941948867
1.8725808136545892	0.0013855786781608764	50.867040069943634	0.12201290898946959
1.8744818177004081	0.0005173226043972104	50.75777230731569	0.115982021514797
1.8756442365217878	0.0006449247581765796	50.37590959916693	0.13623406027246662
1.8765032860368698	0.0002145501118424024	50.586855585101155	0.10880347343452662
1.8768464306055521	0.00012862839513215268	50.59317595735402	0.11566498036755908
1.877103611221067	0.00012855224648586184	50.60065945511716	0.10661631376455759
1.8772749804295543	0.00004283384359357362	50.837882873833635	0.10101543147993426
1.8773606396507017	0.000042825395980228334	50.6978595325328	0.1289523651873085
1.8774462819799602	0.00004281695169827196	50.72949287844726	0.11529067299579533
1.877531907487775	0.000042808510739446965	50.84472604472016	0.10209329480408456
1.8776175160532165	0.000042800073114362075	50.81727758422881	0.11648899041701789
1.8777031077467345	0.000042791638814760405	50.90004513704137	0.11735078598249996
1.8777886825749817	0.00004278320783867615	51.11823777033767	0.09002553492685518
1.877874240608342	0.00004277478017786724	51.09526180627838	0.1092926260182009
1.8779597817259637	0.000042766355842929663	51.170047946843525	0.10348982047299421
1.878045305998239	0.00004275793482562177	51.29072820045219	0.08660688287544127
1.8781308134954986	0.00004274951711771419	51.1859646941588	0.09669364615106124
1.8782163040969606	0.00004274110272979185	51.16541746066295	0.09278238431365417
1.8783017778729603	0.00004273269165362602	51.149319474477096	0.09117160953951092
1.8783872348301212	0.000042724283887261666	51.22223196017549	0.09297432068926904
1.8784726750387142	0.000042715879422484826	51.51891271495669	0.07928226374796797
1.8785580983780363	0.0000427074782698675	51.6164734705235	0.09548703706906356
1.878643504918359	0.000042699080421196706	51.5789302735353	0.14319236922212952
1.8787288947299055	0.0000426906858682703	51.9824593164144	0.0932198804325419
1.878814267692035	0.00004268229462165025	51.99742999965746	0.11042836017684592
1.8789422956763064	0.00008533942787011877	51.95389575796973	0.1184536686975799
1.8790702859932131	0.00004265714065640192	52.36406118904684	0.10022691874652448
1.8791555918781162	0.000042648762590545896	52.194259644853574	0.08212371116944518
1.8792408810101802	0.00004264038781502803	51.801884056701134	0.10667423833436432
1.8793261533959855	0.00004263201632791014	51.315543364411944	0.15456742294820916
1.8794114091056224	0.0000426236481210221	51.32406308992446	0.10059823173559462
1.8795392612022517	0.00008522220395586225	50.92855460956659	0.10432126544273417
1.8796670757350133	0.00004259856321227988	51.21461921301579	0.09580829512365435
1.8798374365342108	0.00012774556902247656	51.146853885122034	0.0969206489859559
1.8800077305955671	0.00004256516256266361	51.461937993950215	0.10783942475033645
1.8802205042651368	0.00017017725496942985	51.29993871308887	0.12165686976181206
1.880475695136437	0.00008503864420464318	51.46788879970363	0.11110114256973493
1.8806882397475864	0.00012749555444983957	51.294501438505606	0.10229064294721289
1.8809431560383225	0.00012742074079542505	50.91004700472045	0.165500045183304
1.8811979227684343	0.00012734601489614242	50.95720884949577	0.11367002530318654
1.8815373794307222	0.00021207752765777045	50.63610493927841	0.12321297698682086
1.8818341865503774	0.00008477305535036911	50.90439795364995	0.1136452282869305
1.8820884312604496	0.00016944688405062293	50.69516352610152	0.14229760182420592
1.8823425272491874	0.00008467388673241003	51.00985447399994	0.11263825984997229
1.882469519515587	0.000042324565409256934	51.175497395945	0.11746015067848638
1.882596474627444	0.00008462438938219125	51.04240068524483	0.10831532143839709
1.8828079841069307	0.00012687477865047666	50.812538792258266	0.13564232770292065
1.8830616595727814	0.00012680069154607067	50.91452800530946	0.10761322712354013
1.8833574271024358	0.00016895248784226384	50.869334399689066	0.10336075272610502
1.883610781914236	0.00008442697730090682	51.23432505460286	0.10066031291955284
1.8837796030483118	0.00008439416479983423	51.14198869976411	0.15712736906173394
1.8839061758856954	0.00004218478607462864	51.53020508615711	0.1190172565306993
1.884032711781999	0.0000843449938394175	51.477823906968716	0.12374854121806687
1.88420136901285	0.00008431224502070464	51.62539431499198	0.11785629082492984
1.8843699607714917	0.00008427952162303515	51.78969302542188	0.11253809426793956
1.8845806085004382	0.00012635797961198147	51.67582781739809	0.1273792258675758
1.8847490531009203	0.000042102993386153844	51.980260713881194	0.10861061942323452
1.8850436741306678	0.0002524466449369415	51.64193508850628	0.0978080939645084
1.8853801392796163	0.0000840837134191512	51.593565222728635	0.11221471404194774
1.8857163439574642	0.0002520559381567683	50.99987583762928	0.14051320038561246
1.8860522885984543	0.00008395367930494987	51.0956147348305	0.11373639733222116
1.88622016347216	0.00008392123360206162	50.790143783937324	0.17272711937433533
1.8863879735420483	0.00008388881295608982	50.853175551340364	0.11511583916434573
1.8865976449509705	0.0001257724835470692	50.772637931262445	0.11422489104414814
1.8869747985829162	0.0002513266131443732	50.712822997648665	0.13712491491267156
1.8874353197898137	0.0002092168752921789	51.057833079080545	0.11691703499952417
1.887728124663628	0.00008363034684484241	51.447837950448886	0.11193186696451893
1.8881878481863845	0.00037593839955754865	51.23404977306074	0.13809521569804892
1.8889390748906965	0.0003752886771642898	51.28045218771837	0.10252355245809286
1.8893975189991723	0.00008330949533121941	51.383051523348634	0.09732121356757954
1.889564106032228	0.00008327754553482606	51.18596290677176	0.11641882807800522
1.8897722499971925	0.00012485646410371554	50.797959744961226	0.1802672548682622
1.890021891172196	0.00012478471472847152	50.87425999692354	0.10975620996084276
1.8902713889308838	0.0001247130477681227	50.733730137991245	0.10973905300202551
1.8906038297810541	0.0002076960329710319	50.580651258097234	0.10435219690439614
1.8913094228006395	0.00049766127766826	50.5537868277683	0.11328710781756221
1.8923036065413	0.0004965233381021773	50.73233832001081	0.1420432222216754
1.893295519616252	0.000495390590613534	51.066077521464514	0.1152660871918336
1.8938318614367806	0.00004123159786556071	51.71526981662695	0.11224173803903023
1.894243981803439	0.0003707324101829044	51.281128835078235	0.12823077171653954
1.89482029412232	0.00020568931751550136	51.374862003818976	0.1140478854363669
1.8950670511742462	0.00004111449646741365	51.68682852971073	0.10768706626478017
1.8953547573418517	0.00024652361071064797	51.05898799837631	0.13442140173543893
1.895683331146163	0.00008211238969681963	51.27675156455107	0.11053056030120398
1.8958475249101854	0.00008208135132404558	51.201559377098526	0.11504719446378013
1.8962577378556134	0.000328015431880419	50.72104406630055	0.11926969010779068
1.8966675637151846	0.0000819265107988827	51.13841884578203	0.1069222053137513
1.8969132737367769	0.00016376034498249251	51.016401430512346	0.1270320208357394
1.8972406709825567	0.000163636939127153	51.28774364156385	0.10304287402442965
1.897567821617784	0.00016351371911739178	51.35104829302886	0.12606467445538677
1.8978947259832681	0.00016339068454515983	51.61883601224836	0.10325539765947077
1.8983030107191383	0.00024485572717864107	51.50235596963249	0.13298070064096554
1.89862936235503	0.00008155726628907744	51.881704105252865	0.10894669232427123
1.898792446290309	0.00008152664609125383	51.9159839493965	0.10786888524037117
1.8989554689778112	0.00008149604888284586	51.98690548451639	0.09921642397746806
1.899118430493858	0.00008146547463228052	51.842843103314564	0.11153913396730784
1.8992813308843433	0.00008143492331372796	51.78477996794026	0.10869552737347526
1.8994441701951033	0.00008140439490139823	51.704584505899675	0.11420288995738855
1.899688314752058	0.00016271729034582228	51.22652697213268	0.16652564006092443
1.9000136274556505	0.00016259545094094544	51.25838120225767	0.11709377787278671
1.9002574521840283	0.00008125209552746956	51.34296139334799	0.11635650279336758
1.9004199259761476	0.00008122170401304391	51.40920575690319	0.10908445617286146
1.9006229327698922	0.00012177561986693562	51.15460613975917	0.15774660696116022
1.9008664157533617	0.00012170736668285593	51.375946693082106	0.112237197580835
1.9013934943749882	0.0004051991564677694	51.27573507017632	0.10400190079598573
1.9020008681843414	0.0002023164347086826	51.572059968449025	0.09653458437214282
1.9024053126842602	0.00020212811161539324	51.489571429423734	0.12732258036952232
1.9028093808643378	0.00020194013880247584	51.58210876871372	0.11746486838830623
1.9032130734723092	0.00020175251527121022	51.50950442504171	0.14507057572259086
1.903535757589467	0.00012096160037243259	51.78842784094934	0.11462734071693734
1.903979057127433	0.0003222351830344493	51.49591019709268	0.14795508253665984
1.9046230497864287	0.00032175771136749447	51.60477447126278	0.11538438968987993
1.9052660889160289	0.0003212816525933372	51.28002639226057	0.21802596135311564
1.9058279681860189	0.0002406496914380707	51.62014697033433	0.11794994942418467
1.9087858851598276	0.002708850607859521	51.15718932944305	0.08343784195419594
1.9121588165743537	0.0006719734771714602	51.14701430028577	0.11269997583377209
1.913579493018419	0.0007485764063617421	50.969516291453836	0.13427998886129083
1.9148384268169352	0.0005107012871706772	51.14641364960249	0.11407888762760707
1.916993729118575	0.001641789932533181	50.92497503157795	0.10999584796152126
1.919177283892175	0.0005445186746086158	51.14246688902935	0.11848557071395426
1.920924005139268	0.0012008802867696422	50.77349648283241	0.17761239668863285
1.9225865559858364	0.0004630807382988253	51.22285715315633	0.1118569671992046
1.9250109503149906	0.00011512571259388892	51.530545793203025	0.11528309469803916
1.9283368284273568	0.0031989281421818143	50.78724002038476	0.12285454449425934
1.9317507976804054	0.00022670572090806025	51.3809650649523	0.11922805702750143
1.9349881502414537	0.003000294346934969	50.77070109641963	0.12673114473407115
1.9409476622054553	0.002959404649232736	50.843475927205176	0.1038255656382585
1.9470454177210321	0.003137003913442692	50.55588757417476	0.1667792602269496
1.953274538804787	0.0030923307523680168	50.71610957824645	0.11265630049286054
1.9594155769895907	0.0030489120814717243	50.39900646401274	0.200363790977723
1.9654709886535762	0.0030066957904435424	50.6341043088937	0.1154195479205265
1.9751515336133698	0.006633033997593121	50.35737582071755	0.11043087438473588
2.000904778818264	0.018753409318667532	49.571156977949286	0.1295739543882718
2.021728660814879	0.002457102948874352	49.667006306143705	0.11591057451475527
1.8169358324185048	0.0011923121793895265	50.285446826300785	0.0742371851115453
1.8194680973957351	0.0013480795876755082	50.26081813241642	0.07333954165006387
1.822155921986802	0.0012996422425118725	50.30841800645452	0.07260812816441746
1.824781296213998	0.001280933561547539	50.32877906440417	0.0729051217611856
1.8267417683579734	0.0008156239335050848	50.53964804044831	0.07290511323111627
1.828516150704917	0.0008734004538237272	50.52576598354821	0.0729051228271311
1.8302761536570098	0.000899698979445912	50.53748743909179	0.07333955792275479
1.8321621364521725	0.0009148094123494147	50.55679524013037	0.07378348836760668
1.8340801825489845	0.0010018559076059718	50.49016537319342	0.07290511935558529
1.835933264538355	0.000858610706053845	50.50495404731578	0.07247993289131133
1.8375907848536306	0.0008201408170029474	50.47755122758383	0.07378348691433995
1.839375231998436	0.0010014000887644597	50.36348643721934	0.0747009067867604
1.8414687945158006	0.0012035761990913914	50.274682633514246	0.0737834942953957
1.8439363702607388	0.0010233140478398959	50.350361819352834	0.07423718207520134
1.8458423679114238	0.0010786964727083838	50.35545015130621	0.07247992743233879
1.8478661013707778	0.0008708623729485166	50.48270329985457	0.07290511632589255
1.8493760239704353	0.0006120554949941708	50.664089424782034	0.07290512069924081
1.8505505856376354	0.0006183740833376138	50.66655559317229	0.07470091856415685
1.851937716806618	0.0006663500276471955	50.6813442133254	0.0726081300137708
1.853340799388806	0.000744538448351136	50.62597694472008	0.07423718344095596
1.8546897340717683	0.0006643968983689134	50.68127905480606	0.07247992601368927
1.8559895087171965	0.0006163013022523643	50.70486055218556	0.07247992472116876
1.8572607359416962	0.0006728101739804983	50.65718081736901	0.07290512102488864
1.858581917639071	0.000686417724360312	50.63567502611175	0.07378347694803174
1.8601531373767166	0.0007407480954993343	50.60475817268102	0.07290511657395393
1.8615432937262564	0.0007683601565628409	50.599771713760354	0.07290511154059806
1.8629843514123463	0.0006252678979786085	50.70352606802501	0.0724799260930812
1.8642286762320195	0.0007360362319073812	50.6682555705873	0.07290511862180458
1.8659599270362164	0.0009100650694347523	50.81605598606554	0.07400458460585632
1.8678003325992578	0.0008865162932930973	50.79424294656145	0.07400458608266507
1.8697375855541338	0.0010895933652711894	50.7194284419239	0.07361230945152258
1.8716749134222384	0.0007755917199782826	50.88802776285111	0.07361231430002844
1.873515073644684	0.001223818099507007	50.702017187872805	0.07481246889730306
1.8757817986836391	0.000946664617751849	50.87263860104611	0.07285015979587706
1.8773906163953495	0.00063698379651548	51.06827715157267	0.07361231578698503
1.8784940324323909	0.0005403293021500888	51.17979300349291	0.07226657133544044
1.8796862446395162	0.0006474695821616819	51.08502326117215	0.07285016479344299
1.8811066485315027	0.0007897112459209184	50.982308786278374	0.07440457279403458
1.8826641688787524	0.0007625584387063766	50.99365178192139	0.07440457772666617
1.8840980742341227	0.0006419796387216016	51.05468412290516	0.07361231669834085
1.8852645087812752	0.0005603569152983675	51.09124113144067	0.07247992819943587
1.8865200783191862	0.0006289747449647373	51.001552459011386	0.07322756617495366
1.8878493717606752	0.0006897577668006539	50.932953656898725	0.07440456831490819
1.889157938124988	0.0007470733652693099	50.929216386125496	0.07322756884079587
1.890730505884274	0.0007132278068376044	50.97569894338396	0.07285016505949982
1.892260158579992	0.0008245181088063165	50.92601732764729	0.07247992736659
1.8937122733340774	0.0007042234230754571	50.97067190498608	0.07400458552441276
1.8951636595018022	0.0006648790622962782	50.98827885173993	0.07361231060758616
1.8965487540290558	0.000719101829618608	50.939459580645554	0.07481247092799312
1.8977782945160122	0.0005965359044695251	51.04233785170625	0.07322756544505758
1.899089916640012	0.000639545964242901	51.01624038417919	0.07406844413040788
1.900438200472157	0.000662944262664976	50.99407222009477	0.07481247400154671
1.9016264214100933	0.0006236721144846115	51.01793627397553	0.07361231421310294
1.9029305280556805	0.0006561223991082082	50.97830482706259	0.07400458157319208
1.9045164544646944	0.0008820336917324783	50.83375417853297	0.07361231060238316
1.9063610809861937	0.0008973233402327976	50.78454011399142	0.07322756296596183
1.9078646963903205	0.0007085910913996956	50.837473662100734	0.07481246369776681
1.9094764910405382	0.0008103696236770111	50.79228271015196	0.07285016531707775
1.9111001572699102	0.0009163125000239682	50.758333076853724	0.07361231341982831
1.9128657893775256	0.0008681982745829413	50.80927970811191	0.07285017028156751
1.9146262375310275	0.0008794250526111922	50.756656971758844	0.07361231234428846
1.9166945858077797	0.001055185694024735	50.62921095995831	0.07361231270397794
1.9186090571314867	0.0009960212685055007	50.67145207253722	0.07361231790056112
1.9206915144778245	0.0009631566012910078	50.72899817856895	0.07361231904187766
1.9224456794160227	0.0009119859858284436	50.77429709940476	0.07361231209261898
1.9246001410379225	0.001330960371644932	50.59958778016658	0.07361231224825278
1.9273379196053928	0.0012834720051676585	50.59534428052737	0.07440457457381228
1.929802432195336	0.0011803749486297807	50.62556768263121	0.07336222369791502
1.9324209514501898	0.0012949458895506454	50.549755982854336	0.07285016031270719
1.934768698280938	0.001199786253810758	50.5562145611555	0.07361231788708408
1.937502977418267	0.0014747063061201827	50.4352817778447	0.07481247476685693
1.9400681990771185	0.0011379736430809923	50.56209231795114	0.07247992577532225
1.9425796630457728	0.0015828710353009028	50.42954410657686	0.07440457857064546
1.9454374659674145	0.0012200980108350466	50.576649095715055	0.07322757630619509
1.9479217996727507	0.0013196180223965328	50.50366103665215	0.07361230505290299
1.9506181738321229	0.001174878652811311	50.52817514857181	0.07247992354747444
1.9530677349014147	0.0012680997396593548	50.437892990381826	0.07322756797260832
1.9549576720271014	0.0006375648376181247	50.37967324976889	0.07247992781090216
1.956154142827708	0.0005482974977969893	50.45144305624246	0.07292394249824467
1.9571175056403782	0.00045174410016279447	50.542927355769386	0.07352100756498137
1.9581498539305775	0.0005191167340014636	50.470318920459505	0.07337796850874713
1.9591868483615822	0.0006322731173776882	50.36388972070986	0.07292395229962523
1.9603575902030457	0.0005262128038439533	50.44201165387781	0.07384226675841639
1.9614528531208135	0.0005081262905109284	50.50801658993073	0.07247993363994888
1.9624063068664142	0.0004480366188248502	50.5848607035237	0.07292394644770259
1.96342090518828	0.0005514939775291929	50.48639275539567	0.07292394813831322
1.9645295024151195	0.0005684826701476191	50.467976973085115	0.07247991973951698
1.96558459892382	0.0005330246230694301	50.47786339184315	0.0724799239201062
1.9666214475340982	0.00045504158882677125	50.5264317515223	0.07247992396043688
1.9676175601970125	0.0005287958701760252	50.45130909534683	0.07247993644017561
1.9686443663152815	0.0005171349964124502	50.45780830811818	0.07337796217435956
1.969670481732774	0.0004752300543439143	50.500265373183076	0.07292393861413649
1.9706820880071154	0.0006114390971752749	50.3954984494127	0.07247994217441349
1.9720547906786794	0.0006508322133217669	50.33979020664808	0.07337797114942857
1.973284120657076	0.0006258142432871792	50.196427408002315	0.0733779768811588
1.974313047733487	0.0004307814293718732	50.244876575239715	0.06968743320426489
1.9752113635610216	0.0005076648763569396	50.11930966069752	0.0724799255341824
1.976307356066262	0.0005251403529636758	50.09642426695455	0.07247992710961447
1.9772338876469702	0.000432998039835062	50.180499071115364	0.07191483905845987
1.9782093762515807	0.0005279381473753159	50.06353808759998	0.07295264649973036
1.9792351817580114	0.0004928217181879897	50.0839501846435	0.07247994541098518
1.980212949516245	0.0004849544831558495	50.098923945814114	0.0724799082632505
1.981198636433266	0.00046531009734085974	50.12946666243674	0.0729526580732026
1.982096296068335	0.0004719202365182001	50.13363812811127	0.07295264221699274
1.9830441487141353	0.0005153784535921851	50.10143069673795	0.07295265706309687
1.9840736843512667	0.0005225320590242506	50.10010477191351	0.07247992949742489
1.9851208345990599	0.00045862058660630376	50.15036951817504	0.07247993313127424
1.986123795704764	0.0005675777366635472	50.05405474397518	0.07295264575566696
1.9871593687336722	0.0005030348126485515	50.11972273845885	0.07247993932730071
1.9881443654087443	0.00042308521250832535	50.01267750059853	0.0814224411887397
1.9890642230894051	0.0004553029896702551	49.963772471205374	0.08142242085014958
1.989823501059731	0.00042806359482795687	50.00561062188059	0.08031968786506923
1.9908651394223598	0.0005721321681406994	50.03523722095436	0.07247994335555562
1.9919174440771394	0.00046712480253190234	50.1204964516226	0.07247994052699155
1.9928982846126733	0.000553049046057036	50.039515556954456	0.07247991055393764
1.9941699109073023	0.0005497957745833571	49.89581567939727	0.0814223991684482
1.9950395496125584	0.0004498980231414235	50.18159473511521	0.07295264317062536
1.9960361826513493	0.0005262575881043772	50.04665941665493	0.07565638241177391
1.9970939258132088	0.0005322913513293675	50.08926646732654	0.07343658703555968
1.99804207525048	0.00045166366634323763	50.017821267207154	0.08235986036708166
1.9990237590993436	0.0004878604237538205	50.01095143253105	0.08142242844168913
1.999953177624863	0.00046663434076550913	49.98890988642964	0.08142241156760896
2.000953109657686	0.0005920198452450008	49.8354331562808	0.08235984306761614
2.0020005663517813	0.0004475655642352247	49.95273488382521	0.08142240153500226
2.0030775655357527	0.0005714970591980055	49.8377490966161	0.082359827452533
2.004236645405021	0.0005755696517233316	49.86885517440439	0.0808609690021055
2.0053543690651074	0.0004792058802583827	49.96799855808389	0.0814224276348402
2.006330818639572	0.0006101921004209455	49.84296911533058	0.08433126874156677
2.0076541979978857	0.0005924728306390993	49.82910725319867	0.08235983773799829
2.0087710828175838	0.0005901600133700304	49.82501338770842	0.08142242263109292
2.0099292885006204	0.0005933221854277932	49.82040580757781	0.08235983701753342
2.011125330307884	0.000579888095446584	49.84220963922984	0.08142242407716076
2.0122568791385436	0.0005964289957471474	49.848322954797986	0.0814224259624797
2.0134277532007965	0.0005627340221527679	49.89259683386782	0.08142241646714488
2.0146220172742435	0.0006345568898917435	49.84501467546359	0.08142241803205126
2.0157709719526995	0.0006367725995469765	49.84618111635896	0.08142242153126353
2.0171590640679633	0.0005617997450301319	49.87637229210709	0.08142243074231448
2.0181898752119563	0.00043970408069889246	49.96000082140587	0.08142243535457519
2.01924759174352	0.0005807273558647984	49.85398263079561	0.08142242473220626
2.0205322480536987	0.0006475387810225313	49.848966450860544	0.08142242343195677
2.0215259024978813	0.000506245933537535	49.96859675607013	0.08235983504075806
2.0224161052753087	0.0004638112783301393	49.99197381632396	0.08142241949242639
2.0234819455737587	0.0006553916621019684	49.817244494034924	0.08142242312074527
2.024897484635147	0.0006494476441727696	49.81243109216216	0.08332898386908187
2.0261336379921953	0.0006285993204624502	49.843488813142265	0.08235983541272467
2.0274905674499455	0.0006023911694426737	49.841154187303154	0.0814224240464831
2.0287344837957986	0.0006422239206989632	49.77167162906191	0.08235983938463685
2.0299567654189166	0.0006999402756464399	49.737775536416905	0.08142242601836762
2.03156312619342	0.0008107046516767814	49.69914152188181	0.08142241846028332
2.032901726413195	0.0006218724725448136	49.81892683256278	0.0814224233076584
2.0341989094986523	0.0006319555560802062	49.79638482352719	0.08142241969603778
2.0354371781098894	0.000562453538080067	49.85587389431657	0.08142242029012764
2.0365517259728017	0.000702007005468656	49.803554219048344	0.08142242822930634
2.0378957758765934	0.0006302978918150128	49.89947681035541	0.08142242452369793
2.0392696030724946	0.0007020521617280209	49.81028230205611	0.08142242655006754
2.0409389267506883	0.0008183673603733239	49.69201586669269	0.08142241550929574
2.0421141972983254	0.0005135773432045729	49.894418889920225	0.08142241811490913
2.043315521401034	0.0006137136747025391	49.82039730609637	0.08235984008183725
2.044633005407066	0.0006023855420943345	49.81927206095216	0.0823598392492093
2.045926170710829	0.000764723147512791	49.69903740316532	0.08235983816649996
2.047231426351677	0.0007008837106456175	49.75224148016748	0.08142242546618436
2.048665577761133	0.0006624897130698961	49.80337080207642	0.08142242716778476
2.050080622681729	0.0007200381218719337	49.752855871717415	0.08235983515451084
2.051499675738314	0.0006130112921303414	49.776033922132584	0.08235984142239705
2.052759717254562	0.0006541290135235498	49.73367923649951	0.08086095167252995
2.0540446257803815	0.000758401245942123	49.67291027573769	0.08142242097446618
2.0555772531248526	0.0007301597640298813	49.6985555278027	0.08235984291590755
2.057195077071702	0.0007437203664157164	49.6754711325824	0.08142242998942313
2.0586559983935238	0.0007997589184737324	49.61938698534897	0.08235983718240544
2.06031581332154	0.0007882774068284519	49.63100361025492	0.08332898580962067
2.0617788957006518	0.0007338113462722742	49.69374974231434	0.08142242891014506
2.063562144254993	0.0009623188165372297	49.563829677596175	0.08332898740233564
2.065374212384828	0.0009256738019261888	49.575643925825005	0.08142242547763695
2.0669490960210997	0.0007320463967588709	49.67121920165526	0.08142242238435901
2.0684700272131358	0.0008673864820698345	49.602956960943175	0.08142242365264077
2.07037849082552	0.0007619851779867566	49.668583783566476	0.08142242035781588
2.0716356612032083	0.0006831198665670239	49.72711539592026	0.08142242123152159
2.0731007313347343	0.00068968766682404	49.731694289975096	0.08142242131850137
2.0744343970543433	0.0006712507612781281	49.727169494567974	0.08235983120779891
2.0758995612285824	0.0007937054629158595	49.65512302054529	0.08142241523313828
2.077230078631327	0.0006635649600734913	49.75996665559349	0.08142242265863163
2.078761278873548	0.0007177909220015417	49.751361019917624	0.08235984537199455
2.080167647155268	0.0007020468143545985	49.73771965234174	0.08142242062638091
2.0814570677021322	0.0006798900350292513	49.72346115165162	0.08142242311040296
2.0827453401007148	0.0006525225884922575	49.719314211566136	0.08235983771073042
2.0844314158664705	0.0008826096973725972	49.57814688073465	0.08142242322486523
2.0858076460387327	0.0006353499451512503	49.7303713139148	0.0823598309343075
2.0873181956569082	0.0006846405158536236	49.72224446184935	0.08332898062442327
2.088573424812778	0.0007228213151907802	49.71189057148308	0.0823598445430047
2.0900665292007443	0.0007531429142382663	49.67819617898238	0.08235983564522939
2.0915532102689522	0.0007812980324970884	49.65497887123045	0.08142242272786883
2.09318335412892	0.0008194063451202254	49.62656664770711	0.08142242976874389
2.0948346560477464	0.0007306439122763114	49.65087462660949	0.08332898304508103
2.0963982450830483	0.0008521561856468672	49.569581349140904	0.0823598462438617
2.0979691094757067	0.0007640426728156034	49.61527934989218	0.08142242964991288
2.099517622712439	0.0008062580286312678	49.61088949481266	0.081422424456258
2.1013381529784367	0.0008757586786530529	49.58973638244878	0.08235983797562288
2.1029001997681527	0.0008000027415089818	49.64789626803912	0.08142241875605834
2.1044058721358017	0.0006753638202784241	49.735689819962786	0.0814224256006217
2.1057203325741427	0.00062269704027324	49.791547076361034	0.08235983950816456
2.10704596830201	0.0006636999839655727	49.796786477070626	0.08142242392496694
2.1080277897553863	0.00040978422368244237	49.96831050998756	0.08142240104125235
2.108844072719684	0.00041027130630178903	49.913214189270946	0.08235984799395564
2.1096751288428437	0.00035681177111434426	49.934982277962725	0.08235982094666884
2.1105321359630436	0.0005182033741481717	49.790714001464366	0.08142242430878818
2.1114086917508508	0.0003978622883700853	49.90471468379714	0.08332898610614109
2.11223485938991	0.000408950756226955	49.9223201837762	0.08142243608952977
2.113070658156048	0.0004044312764501711	49.93998719116395	0.08235984927449039
2.113806721171246	0.00042983463697052296	50.11253411652932	0.07295264473650051
2.114610984232173	0.0003267395199307524	50.094220010600765	0.08269701208129379
2.1152887341200186	0.0003373725966578848	50.14777158464355	0.07929350433387161
2.1159839696340055	0.0003980191183441073	50.17952632290569	0.0724798967080955
2.116744730804076	0.00032698902357452837	50.03513031000742	0.08235983038891602
2.117441337105318	0.0003628072803309457	49.97854111203932	0.08142243889739828
2.118126987955473	0.00032410494918081156	50.086130179158886	0.07929349418383555
2.1187489223225624	0.00032855410321280755	50.063016492251094	0.08176400384456177
2.1194141185154574	0.00040469874038305694	49.95554086800589	0.0843312909359223
2.1202925295624975	0.0003524779788308765	50.02744367655547	0.08332900754274514
2.1209443691765673	0.0003097887382414869	50.07067035700674	0.08235985733308995
2.1216245161023997	0.0004136254126122446	50.09651279476555	0.07247993908509122
2.1223779050441887	0.00031973003410273675	50.08673310920308	0.08031970243756949
2.1230874303181952	0.0003623772000615136	50.051053737206736	0.08235983114379374
2.1238115806520557	0.00037027150387153627	50.03926564701466	0.08142242265231979
2.124562400311668	0.0003981117584335639	49.973487162832434	0.08142240485825467
2.125378459077602	0.00037438136687479163	50.15226700727014	0.07295264261044608
2.126037209122531	0.00030617715681700435	50.10790022021572	0.08142241307249744
2.126661192953301	0.00034855288445741575	50.16082045653894	0.07769986019529498
2.1274600790489484	0.00043820097133174493	49.91395757305521	0.08235983696487255
2.1281769809165145	0.0003184937573283642	49.9963957198841	0.0814224384264225
2.128903500147841	0.0003383589273191134	49.95369075153995	0.08235984461723299
2.129597660761448	0.000401908225905198	49.89391984241389	0.0814224088525261
2.1304915998467147	0.0004692238650608242	49.83573419977198	0.08235983395104346
2.1312369361922623	0.00030551677457154447	50.04172584576507	0.081422408715059
2.1319786128119613	0.0004151989063755959	49.923069770102586	0.08142244217341486
2.1328771809366107	0.00038996775120732845	49.94992346637659	0.08433128673507743
2.1337786396044107	0.000512551062944156	49.83310312212691	0.08332899055775053
2.134630868191603	0.00048431115385340855	49.829041436793965	0.08142241986318169
2.1356326740665343	0.00048555807289894803	49.7812728004323	0.08235983661124069
2.13658384534222	0.0004485417230729215	49.81931100165654	0.08235983581617427
2.1375611670064605	0.0004886994974347616	49.792384068025925	0.08142242058657351
2.1385984871335277	0.0006471114151889578	49.672656893089595	0.08235983685814825
2.139836967551228	0.0005598568623397183	49.72704590379075	0.08536815933330748
2.141066092675443	0.000540773843373981	49.743018365961944	0.08142242429848925
2.142041539461053	0.0004993991329753025	49.74381788574445	0.08332898333022473
2.143032222325085	0.00045064186395256183	49.78784993578426	0.0823598414412309
2.143998632548653	0.0006188346968879556	49.655361896773265	0.08142242422701074
2.145231074972918	0.0005801024150076829	49.68466706736604	0.08235983861696261
2.146256021829615	0.0005257034802484738	49.74864185855365	0.08142242428427604
2.1475177202568054	0.0006184385976542242	49.694445402514404	0.08142242517451397
2.1488032715202547	0.0006630283874757701	49.66398537983059	0.08235983011971826
2.149978740942211	0.0005640796696948965	49.733239102602056	0.08235983449401255
2.1511305180455755	0.0006754448083611181	49.62712941843699	0.08433127416275671
2.1526031670800863	0.000804381589316879	49.533509492654396	0.08332899419107974
2.1542644193905973	0.0007169918698581526	49.57506464865706	0.08235984644232389
2.155805449907603	0.000998654232367132	49.42431591510522	0.0814224205874269
2.157930628911199	0.0009685280389754021	49.41521732509468	0.08332897532965511
2.159645450333418	0.000736668323202841	49.53189127217909	0.0833289817627687
2.161196499717923	0.0008532264325304463	49.47851537652746	0.08142242948503334
2.162915141701918	0.0008687176627194991	49.46709067036448	0.08142242094248382
2.1647916392683206	0.0010367514918875654	49.348428125003394	0.08755208732417205
2.166940459825458	0.0010354818102161377	49.369008122946354	0.0833289815143691
2.1689222535568398	0.0011254185617255348	49.34226520138131	0.08332898968572398
2.1711041351290716	0.0009673537694846468	49.43066806803386	0.0814224149628927
2.173333605133434	0.0011335421111864264	49.35149751900467	0.0843312666786084
2.175578629059827	0.001167568361045926	49.31394203354213	0.08644120523798439
2.1781561029577947	0.001466490913750704	49.21198443282336	0.08644121303786259
2.1812611358717344	0.0015203901773084118	49.206358944070274	0.08332901024742535
2.183683588013966	0.0011317023584966964	49.33851245687826	0.08142243442585934
2.186152552198891	0.0012467547669522613	49.28872150379791	0.08142243522728168
2.188636839412515	0.0011413502333044387	49.27024868129326	0.0898944469620908
2.1917719213484395	0.0022751057336607657	48.96296667136026	0.0898944543376692
2.1964145402493473	0.001891425388452687	49.063612119356364	0.08870254322627634
2.1997052315761954	0.0017915219493271047	49.1280332749263	0.08332898361104482
2.203712135609719	0.0021159427985081546	49.017158218414835	0.09112981353517392
2.2080035484608858	0.002168142191113856	49.02462205634391	0.08870258794172166
2.2124123845190162	0.001908156686433957	49.06496460464641	0.08755209350368766
2.2159872424858484	0.0019528980507583097	49.049928850653615	0.08536816527023107
2.2197831258140166	0.0016594848380457553	48.83380608589836	0.11996440463749704
2.223209235554699	0.0021819015027802675	48.92651479570882	0.09241061558029358
2.227880972702613	0.002342934107195988	48.97256759072763	0.08433125415526375
2.232339437603129	0.0019819097400781975	49.054385496301116	0.08989444947702356
2.2367423004349045	0.002165037203819648	48.94755338021364	0.09654938900053266
2.2405594546304317	0.0017814506885798164	49.04097931675893	0.0875521179020933
2.2443985346246373	0.002156173647042998	48.70429136518743	0.11996438650926196
3.2014653534868116	0.0039455594167821535	47.77836175774471	0.10952256616695061
3.208007848721617	0.0035103954619433897	47.82342257686876	0.10952253982466575
3.2150447252936263	0.0035773662117228435	47.80135861178056	0.10894412057802119
3.22335097083984	0.003630601812976141	47.80662422379904	0.10493568920558494
3.231909842942223	0.004509047651024355	47.52340724275043	0.10894412934849244
3.2387403332756786	0.003153778046102882	47.605816882008696	0.10686322709403935
3.245799968127913	0.0042522060934083806	47.67639122201707	0.10766802367920258
3.252704816488211	0.002714646713217566	47.83058776014043	0.10952256966555526
3.2587489645825305	0.0027887067290806675	47.813727335476955	0.11010933164320966
3.2647199781538148	0.00308070491291959	47.749906681671725	0.11040588161319488
3.270225593743833	0.004019654073789614	47.62860805579197	0.10923227998701004
3.2775554518534067	0.0024568660187062733	47.68445478762906	0.10923953761884238
3.2832786086102135	0.0028464218566880846	47.52621827823751	0.10713632271334918
3.2883694218443558	0.0025006258292173855	47.632293259322275	0.10983684802754813
3.2944822067374937	0.003390360215609115	47.672377435479135	0.11040588294448024
3.3011068380005786	0.0038449246199165144	47.60969061983532	0.1098149130013574
3.308402697687026	0.0032834117815606525	47.69978158439426	0.10894411349402147
3.3151151567708905	0.0027431838958756386	47.64200855083384	0.10795360439400957
3.320375496886995	0.00309731219791703	47.45027393521613	0.1104429504512485
3.3272780890174576	0.0035247758416055643	47.637880616156245	0.10952253808272971
3.3346513302212912	0.004121096953036184	47.58613546785032	0.10766802159453027
3.3421482062949983	0.0033140846185206584	47.64560022214137	0.10923228512678768
3.349487611565187	0.003530097203777176	47.61215365791183	0.10894412487983997
3.3553659807091987	0.0021431835688341056	47.839706297066044	0.10766800781046774
3.361229800088216	0.00361214645229034	47.59932031253015	0.1089441244849916
3.3668844178577	0.003391484666412082	47.607031262588464	0.10981489962039853
3.374983846014137	0.0034995427589237815	47.63409507062753	0.10766802920664507
3.380186822050958	0.0020240969596438106	47.580972126854896	0.1089441389493282
3.3842831790148606	0.0020886642348918196	47.562625212156476	0.10894414361091082
3.3883902448304353	0.0021517547574308703	47.5454016880266	0.11013876247559812
3.3923881318328397	0.0016400239871847608	47.70645040358785	0.10544416445325301
3.3984044069504367	0.004589441085120536	47.4485961037962	0.09629946084548299
3.5727372862479085	0.001948832497854744	47.43700580018207	0.1098939675847034
3.576070230346994	0.00198766890308056	47.413984373700536	0.10925828995441011
3.5807705770522227	0.0026571203640027314	47.28554268278949	0.10957492935339555
3.585805419946141	0.0024163592391612133	47.328934644917396	0.10894413329751508
3.59049361748682	0.0019746996552699697	47.41485751857491	0.10744628055230354
3.595707855313828	0.0026699624713779034	47.26216734240467	0.10863879787407107
3.5989898103780047	0.0015287616536209581	47.477368500403394	0.10925828744176505
3.602870710968768	0.0017676982995018028	47.4050419084095	0.10957490664331546
3.606219767399945	0.0023054045910006022	47.28790471763047	0.10925830990385317
3.611297572047238	0.002377684172216725	47.278982789711144	0.1089441364911694
3.6152528432619673	0.001718011283476035	47.45114106306512	0.10686323718484424
3.61959907387063	0.0021868543134023442	47.323035715580154	0.1098939904588027
3.6235539738083147	0.0020707287862818343	47.361410646175955	0.10715368230415875
3.627873587055628	0.0020979089629340726	47.32040715180929	0.10989398049407437
3.6320913779829938	0.0023137375711032317	47.27920862408989	0.10957488366445879
3.6359892100936677	0.0016378898669747487	47.4270396724786	0.10957491631133262
3.6410532947239242	0.003145324679639518	47.14713674334537	0.10989401542598708
3.648018696049989	0.0033683966948685655	47.167722725990195	0.10774111641552951
3.652863790147728	0.0023407186863303895	47.312589609915804	0.10957489135982966
3.6571462399732746	0.0018274643364626579	47.3983207931399	0.1098939749372393
3.661487417112365	0.002294698307005122	47.30326031360637	0.10803806841784397
3.666728890063546	0.0036621632395216997	47.314736869309655	0.0887240004094492
3.772134064982913	0.005198995656927503	47.11391585283307	0.10936475471351398
3.786648843218105	0.007112121404320887	46.85675447358624	0.12033160135153391
3.8004663020410994	0.007338013390095071	46.779216105474504	0.125070517988883
3.8174074070808772	0.0068107436681018865	46.80731544487322	0.12455068781909134
3.828358934131709	0.00667107259287243	46.81971766652217	0.12420711583561098
3.9072839622033775	0.0031321160956864357	46.74569183940707	0.12346824491313402
3.9126750003688175	0.0019055751718558501	46.95120037713557	0.12283731835028726
3.9157943104507074	0.002555349824967511	46.81453190248061	0.12315177506420996
3.92245314895129	0.00256485615465168	46.79282087131298	0.12346826155256696
3.9271668835638907	0.0022020644876933333	46.84261001419206	0.1247549590598606
3.9309996013089976	0.001803121792115712	46.92908468197109	0.12378679024950072
3.935448451404461	0.00248924538742075	46.78462202497228	0.12378681260149862
3.940246846431211	0.0024851256005867803	46.78518900565293	0.12252491430905627
3.945657485518655	0.003096610227567628	46.67965770477574	0.12378676204033198
3.951140811375914	0.002400789636358289	46.950495112035384	0.10613788480487049
4.015854086955154	0.006478800822134974	46.69063782260709	0.12472324874586835
4.051192760541205	0.03763289265535298	46.505718625019796	0.09682020237856787
4.255183654899074	0.03157582027937117	46.07217258998605	0.11993150770591125
4.366949589405488	0.04893781254984845	46.05743142467827	0.12266462376562537
4.469882924032327	0.03731851688458622	45.77127510272443	0.12885935855157
4.5462197212974536	0.01923153257039151	45.8726822932377	0.12019504029903236
4.61780973441367	0.03795173298765595	45.67738152274812	0.10630205912371575
4.91278025553242	0.10961086488734569	45.07424092200829	0.212378785303357