-1.9054106210928456	0.4136140458657998	48.832962113492464	0.12828180206034082
-1.442299965632476	0.14239168294279103	48.98265219037827	0.11454809827747352
-1.2233082747631774	0.08599890710456697	49.103383318581926	0.11068050537175407
-1.0784105618836566	0.06160205771223835	49.1710659257972	0.12019978096861383
-0.9699511141743522	0.0479883449034013	49.36154678920433	0.10698266905751007
-0.8832374246124288	0.0393026724551842	49.564644759767404	0.09797982393822405
-0.810989147786805	0.03327927106952713	49.589515026669424	0.10696212705925687
-0.7490631708331443	0.028856777326194773	49.57695073906896	0.11818622667103375
-0.6948752960849208	0.02547181861640249	49.65871209465882	0.12261011031499186
-0.6467046722647778	0.022797610512999486	49.79743335730847	0.11485848959954133
-0.6033475608678165	0.020631567175093967	49.73166029811333	0.10348145841062308
-0.5639287385562151	0.018841409816837597	49.324337835505744	0.13325998821314208
-0.5277919441645285	0.01733710588279512	49.24839810132833	0.11112157076413454
-0.4944323861869804	0.01605524893256166	49.111666449973285	0.10033190010359909
-0.4634535250222102	0.014949896376756769	48.711556182326916	0.12704126529629642
-0.4345380625666768	0.013986940260080525	48.581775358777946	0.10858687117144795
-0.40742820794316237	0.013140529493526358	48.26951623784286	0.12504638317796368
-0.38191163514936144	0.012390712851590963	48.10082199992696	0.11829774212126155
-0.3578114498360645	0.011721848586980723	48.064249333084035	0.1072057823657168
-0.334978628156095	0.011121497935099582	47.91028884192571	0.1518105642593163
-0.31328649295604455	0.010579646343671825	48.11221454864606	0.12479544384681426
-0.29262650280749475	0.010088141384283223	48.34973237296181	0.10753490356985912
-0.2729048670961041	0.009640277256546289	48.44981217314855	0.10319395209730704
-0.25404003813767556	0.009230488711948476	48.57414997593548	0.10253867274202674
-0.23596064419649707	0.0088541179186277	48.60202266999661	0.11088803226904015
-0.21860391296046253	0.008507237754742722	48.66812592284618	0.1182034595027242
-0.20191427435525072	0.00818651254644363	48.74573079533105	0.11984992675796356
-0.18584233050521107	0.007889091404345249	48.947050587755754	0.1090592459169164
-0.17034400823823745	0.0076125238385397935	49.07866341441701	0.09946783708579755
-0.15537975800705056	0.007354690735864665	48.989571434490934	0.10770228169212105
-0.14091399444558728	0.00711375087178891	48.97654611130212	0.11026226106877729
-0.12691456414750218	0.00688809647982279	49.01022173584748	0.10767084986122055
-0.11335235690922996	0.0066763179985097525	48.991297263016634	0.10683310343847313
-0.10020087820537929	0.006477173577766164	48.985213579404544	0.10971949988478095
-0.08743597054251312	0.006289565263626177	48.98443782139781	0.10887613269384627
-0.0750355737566796	0.0061125191276058055	49.087608354709836	0.09759811390229638
-0.062979438172515	0.005945167507721491	49.13088993603985	0.09475928190115084
-0.0512489641570813	0.005786735359528246	48.97831161835025	0.11152761068365454
-0.039827011457324035	0.005636528001401511	48.88626955426367	0.12343399624996092
-0.02869778252047675	0.005493921376153434	48.968690013482046	0.10984368822565592
-0.017846639768741124	0.00535835270758173	48.98409604361086	0.10955006997549054
-0.007260024226178052	0.005229313534133844	48.98471045002728	0.10974763078942383
0.00307466258062275	0.005106343131854079	48.92861937790748	0.11788683071386397
0.01316911803736781	0.004989023382104613	49.005121412704554	0.10489290945337873
0.023034264427256923	0.004876973468480962	49.03892772571563	0.10217150511358301
0.03268029599646838	0.00476984604207243	49.071144479935356	0.09957855376108289
0.04211672138984479	0.0046673238481801755	48.951877920731576	0.11391257691714175
0.051352463263795556	0.00456911610661642	48.90442932193271	0.12098873123137652
0.06039588000267904	0.004474956081586058	48.892084393337726	0.12432713101158048
0.06925482497443775	0.004384598514854643	48.96568842027874	0.11096257180082088
0.07793666117766102	0.0042978177602165865	49.024181035725626	0.10289638211284936
0.08644833773687799	0.004214405496114294	48.99955512036231	0.10600412303878215
0.0947964028842273	0.00413416927038523	49.06914806069244	0.10018808528321561
0.10298701607910876	0.00405693118680591	48.95059824449952	0.11920400125608115
0.1110260127318885	0.003982526228143557	49.11490992698556	0.09879981817836511
0.11891890412894573	0.003910801321492763	49.10134570925311	0.09936454244995412
0.12667091213321247	0.0038416141755364033	49.04089706004375	0.10849196512825728
0.1342869668926588	0.0037748325433135835	49.13675558418857	0.09849631383655069
0.14177176041024392	0.0037103330680788	48.99392716469272	0.12163442407707074
0.1491297460947963	0.0036480006857818287	49.10696302306824	0.11500821035955307
0.1563651386304214	0.0035877280722309336	49.24889897762098	0.10769062485106984
0.1634819614390639	0.003529414746818218	49.26414731193223	0.11072202919490887
0.17048403806079576	0.003472966701335065	49.22851743854197	0.1259767407881972
0.17737501511261683	0.0034182958069263725	49.48838063999533	0.10156237296109547
0.18415835320767937	0.0033653195169967656	49.45014672227262	0.11139104750451037
0.19083736825465814	0.003313960206212785	49.542066751594284	0.09941249275385786
0.19741522054445282	0.003264144955574439	49.3467625529759	0.11891852955558245
0.20389493369639233	0.0032158051301244108	49.390436895725145	0.11123160872129188
0.21027938373970811	0.003168876206727715	49.412612579846105	0.10815657067866502
0.21657133579328536	0.003123297270069164	49.447477837951716	0.10045190927818684
0.22277343643753955	0.0030790108617516467	49.36177768820061	0.11011167941654784
0.2288882068227862	0.003035962833377976	49.46271888632773	0.1025175413014224
0.23491807659041286	0.002994101927228503	49.249380806940195	0.1260651160139046
0.2408653710984937	0.0029533797058199163	49.26586263652348	0.12502713109002575
0.24673232580166488	0.0029137503023361887	49.39568262448117	0.10396580066599181
0.25252107385143835	0.0028751703657999683	49.31966240234831	0.11849884691599788
0.25823367701574007	0.002837598725343598	49.24631209748773	0.12743558697756338
0.2638721166997084	0.002800996335826257	49.43968449392934	0.10205461049660994
0.26943828570667755	0.0027653262211020076	49.303240629707105	0.11869184531839333
0.27493401729035455	0.002730553185471562	49.446997351812705	0.09949303953995237
0.28036107190544707	0.002696643807801847	49.32920146498917	0.1222497856711836
0.2883765798209414	0.005294659956078627	49.42707476915126	0.10663736298267679
0.29624682346380465	0.002599787396028553	49.53488618119893	0.12746468301317068
0.3014155213785114	0.0025690297646820503	49.59203680341051	0.12899676786792458
0.30652342373630675	0.0025389914222800286	49.73184937387785	0.1220995565079601
0.31157194780840985	0.002509647407211563	49.81760685535323	0.1269541131303636
0.31656245826604784	0.0024809739207725095	50.042938405221406	0.10032456517683706
0.3214962769239293	0.0024529482189574975	50.13086323766678	0.10152392353284771
0.3263746701686429	0.0024255486354398384	50.06461477535459	0.11044860470692798
0.33119887298696754	0.0023987544002335662	49.92008073799968	0.10816267688913873
0.335970076086266	0.0023725456712783833	49.79688369413387	0.10672934037197257
0.3406894348526481	0.002346903445418572	49.565559134708785	0.11689491935041617
0.34535805699418637	0.0023218095885392236	49.29746321457495	0.14585967386118917
0.34997702521730695	0.002297246678008314	49.294466935775546	0.11197192002182954
0.35454738800900604	0.002273198021521308	49.219260838465715	0.10300014030063048
0.3590701510071432	0.002249647671324263	49.16240042217466	0.1097920694111766
0.3635462987766082	0.0022265802812992887	49.15355369825248	0.11689852921668219
0.3679767824307821	0.0022039811457349105	49.226989651578734	0.10652909318773512
0.3723625275189088	0.0021818361336218652	49.15958328811874	0.12570038316155716
0.37670442214136074	0.002160131724913173	49.28179035945564	0.10838717716233044
0.38526011868970583	0.006353979267447285	49.16042605618567	0.10141759944637797
0.39365051627059805	0.0020774670347383875	49.288618959867705	0.11677557725421088
0.3977857000322121	0.0020577800732264353	49.25898790788227	0.13230368778066456
0.4018818842892394	0.00203846271881463	49.33464581755222	0.12055111465384136
0.40795461514668524	0.004020314589185725	49.15021641822835	0.13952995139574467
0.41394360374897515	0.0019826271707895156	49.40378771108153	0.12459142911405725
0.41789086465565856	0.001964688905598093	49.439680669010016	0.11935934212850796
0.42180257218510947	0.0019470723308170823	49.461574474520575	0.12372236683739045
0.4276048562265308	0.00384246390745416	49.222485107761656	0.15144019687988902
0.4352225823097519	0.003775652973590848	49.480468799348934	0.10964802309975097
0.4408494508290725	0.0018635249278513455	49.58331921225709	0.11615239618465964
0.44456060108862133	0.0018476685064108672	49.62334004470716	0.11334941197242193
0.44824030445938207	0.0018320796591091227	49.60843026480529	0.11824869224128781
0.4518890920889878	0.0018167516583938285	49.63341557047923	0.11875778937331344
0.45550748182608786	0.0018016780003698907	49.51229067101012	0.1444933345016009
0.4590959706727962	0.0017868524284467763	49.69302617021723	0.11449764931981003
0.4626550513782158	0.0017722688572399791	49.724980672405536	0.1064341218671298
0.467939576129396	0.00350166888320123	49.38005360090451	0.149967762787968
0.47316057068974177	0.0017299123004056892	49.643645824805894	0.12208018069234745
0.47660668591691274	0.0017162398092239394	49.491871135563485	0.14680725787100807
0.48002567398047696	0.0017027817364554125	49.538009853934696	0.12835325898096647
0.48510420846571106	0.00336597157865905	49.45079772168497	0.11068525556565775
0.4901240415771591	0.0016636448341919156	49.44927103897925	0.12530745220110057
0.496728153698306	0.004915613841090702	49.29113631891926	0.10178507057740066
0.5032333425909401	0.0016141775944538076	49.3899404180136	0.1108696961721213
0.5080490754499871	0.0031927548817361553	49.19103836087621	0.11283203173904136
0.5143880965563841	0.003146491453838053	49.07321904100952	0.11835284906609687
0.5190823721293227	0.0015563321366048402	49.4064672354765	0.12877727839613393
0.5237264483830708	0.0030795567004046503	49.428416585106824	0.13487282011731092
0.5298422974435546	0.0030364934987195005	49.85956452817458	0.11867001627513522
0.5358732150219718	0.00299461805052831	49.915918767686705	0.18414154883979422
0.5403420711216127	0.0014819808312310156	50.635895737545894	0.10929869991545207
0.5432959637695243	0.0014719352082756074	50.6285760041466	0.13225373779194277
0.5462299009059501	0.0014620248571047968	50.75774670166469	0.12505554849918232
0.5491441525121679	0.0014522470564527074	50.65460332638591	0.12400937960636194
0.5520389767074949	0.001442599178979891	50.54691703434152	0.12349507119522724
0.5549146329185586	0.0014330786451862549	50.47206623296145	0.11372232298850522
0.5606094472378829	0.004243228944567937	50.05196009105752	0.10996761461768327
0.566230550040659	0.001396220812198211	49.97461970267265	0.12276400719832613
0.5703991433137785	0.002765766485734995	49.750455660718636	0.11002097679305668
0.5758957453706843	0.002730982440107475	49.424409159462776	0.13189773418257159
0.579973019877837	0.0013527316068241723	49.49018466545267	0.11651544980377072
0.5866845497790105	0.005327949489473296	49.19123183754046	0.11111848815570038
0.5932939370748507	0.0013118697572533145	49.42642289443096	0.11324369347990369
0.5959097823137436	0.001303991844093555	49.34116579039275	0.11729941910645435
0.5998042451904206	0.002584701577399801	49.11931930282067	0.1283939652595953
0.6049431245291559	0.002554297795319906	48.90529142882972	0.16749109584802144
0.6087577691668271	0.001265980126779848	49.305933377933115	0.11202549371021164
0.6125391983008317	0.0025100100174666514	49.09310082988775	0.11679955297582742
0.6162879881535712	0.0012442185422863895	49.110667131144254	0.130066533980929
0.6200046936957779	0.002467231830448629	49.01881817788241	0.11608233462276786
0.626129383010763	0.0036490223979519566	48.83256729403249	0.13132090304311642
0.6333667863923649	0.003588716287264074	49.11530450631963	0.1215515343918439
0.6440016543194824	0.007003808346463878	49.379737233120586	0.11008228879756886
0.6520968464676014	0.0011457445785627723	49.972566159471796	0.12263750787345212
0.6555205488045888	0.002273495527867723	49.90919984998836	0.13172846234232732
0.6589174734974046	0.0011278911368028677	50.197979338936555	0.11937298517761973
0.6645206276799707	0.0044537313939611465	49.89887665163038	0.11942654359453737
0.670052411255629	0.0010993405464448398	50.079305939229634	0.12525970486837557
0.6733379735157063	0.0021821102009077294	49.83178000552576	0.12703618620616228
0.6765988660719786	0.0010828936107725794	49.864235858858365	0.13013179132116365
0.684113727631509	0.006385900981105243	49.39068756612966	0.12012326588830051
0.6925458716115089	0.0020877033180183	49.41095451353741	0.12556829831931424
0.6967013349959303	0.0020678227927389183	49.35645928029009	0.12081914872801484
0.7018403659081496	0.0030652474951293946	49.15880479061619	0.12102141472241267
0.7079279945731631	0.0030225807877422143	49.029802618693395	0.12852525545159488
0.7139314699661614	0.002981085568714008	49.107278905536546	0.11699907981641743
0.7198530865301809	0.002940714246872682	49.10742147827581	0.12241772804141125
0.7285868190921108	0.005764333358922981	49.06897972183872	0.11216922081172111
0.7352603370425963	0.0009460722855493691	49.42448169690892	0.12096545586449133
0.7408999942583359	0.004669331066000935	49.07368412307781	0.12158052023736908
0.7464673539043905	0.0009219710905890746	49.47699159100049	0.11513196779383199
0.7492244961151326	0.0018322728943922755	49.20731322833435	0.1451098205333776
0.7519642461802489	0.0009103751849930292	49.47233727048038	0.12324525301115206
0.7564924325893196	0.0036037297591870843	49.17905447451783	0.12527176352209898
0.7671712491315266	0.0070323972471664055	49.189143386167586	0.11733198014280187
0.7767347211198738	0.0025797118046933195	49.57185615633125	0.1257963916476504
0.7818637380850642	0.0025494246112986126	49.63824649220121	0.12855891193959054
0.7877720237421904	0.003353301668124713	49.546583085392335	0.17781451428215903
0.7944273704987079	0.003302305730897824	49.90149225285435	0.12455816997995467
0.8009822648263198	0.0032528376187409653	50.01743987429437	0.13046883670189388
0.8074396943462725	0.0032048296829227936	49.99602900583614	0.14730740727119826
0.8138025144715766	0.0031582182168234277	50.12990964894213	0.12433984161190208
0.8200734580855134	0.0031129431583623987	50.00179713623406	0.16149450424814113
0.8262551405012788	0.003068947847191282	50.1685457578649	0.1304042407841585
0.8338605265684871	0.004523508192572569	50.13913355135943	0.12079352583074797
0.8398503737488365	0.0014871825443536996	50.32128422745335	0.13052235311872615
0.8486830378825281	0.002914483566322106	50.184206011050875	0.12158574453050014
0.85231094711622	0.0007225596578793531	50.44283191078232	0.1193314742672113
0.8544732343789705	0.0014379421646564573	50.25150587443618	0.12461235472157618
0.8573396384654846	0.001428482796946784	49.91051620796761	0.1840809800106021
0.8601872478654529	0.0014191470709985121	50.1475731276808	0.10861509584055462
0.8630163074434511	0.0014099325784014505	50.00460224675909	0.11384010910723139
0.8700093655292709	0.005549645968849913	49.37598475783916	0.12546624370397044
0.8768916027095253	0.0013655985606195937	49.74358344667891	0.127544774089917
0.8796142476116182	0.0013570642365427683	49.83744020856733	0.1293482986130585
0.8829937250683944	0.0020198177621758586	49.70698306587638	0.16646369798771946
0.8870146889018591	0.002001203359185915	50.014598220769976	0.12801125208442274
0.8903372857905494	0.0013239676306179735	50.281779912618084	0.11830370538286834
0.8936346551703929	0.001970930258186664	50.19002479103001	0.13001659336436605
0.8975587342690239	0.001953202078847835	50.128446708828385	0.1415710733183527
0.9020924587389134	0.0025772241364243435	50.13979606432767	0.1158571796169441
0.9059411905748349	0.0012772427979455847	50.2659712240514	0.11684206702630351
0.909122616259384	0.0019018808075302045	50.07791778802122	0.11741644606647511
0.9116510824412458	0.0006302800705457101	50.210013020989706	0.1236710058985122
0.9129098173713655	0.0006284559466510669	50.12484061473955	0.12851923541959948
0.9154163932153772	0.0018745175848692338	49.77242756824167	0.13655823251829463
0.9179085860005083	0.0006212638324067921	50.03425164239238	0.12299106982789902
0.9197683892493775	0.001237218096803704	49.88167737609287	0.13015650919591237
0.9216202630266155	0.0006159768553945243	50.14676658806134	0.12136405348992185
0.9234642728374884	0.0012267339376592506	49.87865861407941	0.15881395096871156
0.9259108364380346	0.0012198426580499425	50.105562347765535	0.1205500418314987
0.9277367567209203	0.0006073623973960245	50.307140795608426	0.11819936163283509
0.928949785627073	0.0006056683390415505	50.337239263816606	0.12816157134513723
0.9313657270690796	0.0018069252428186927	50.15192124748112	0.1213891386775351
0.9337683022678833	0.0005989855632165459	50.52948741384298	0.10976701497339006
0.9355615521110165	0.0011930347698418916	50.38613633165866	0.11515529667661882
0.9379410903794252	0.001186515900787427	50.46466812413581	0.11144002097107673
0.9403076628376676	0.0011800678817883389	50.52660506577318	0.10929786512241013
0.9420741667650754	0.000587638837104038	50.55140592688844	0.12044804999552394
0.9438335153628321	0.001170526196491489	50.18491630059482	0.12817717755181812
0.9461682801644897	0.001164250338551608	49.86463493396077	0.15242940210298264
0.9479111543144358	0.0005797937147514519	50.06809630326126	0.11036736196855643
0.9496470611953647	0.0011549617243413728	49.68481489351624	0.11910970417674231
0.9519508637114138	0.0011488512188776892	49.590495972982595	0.12138431345015857
0.9548135359621983	0.0017119551238182218	49.50183968240987	0.1365231756836209
0.9570901652476735	0.0005676681030453446	49.855540154603226	0.1266654555991958
0.9587898393215801	0.001130901587568878	49.78475023671628	0.11676990366545273
0.9610457730870037	0.001125042373460453	49.830232124426296	0.1236443818331236
0.9632900489813188	0.0011192435597281029	49.78184698263688	0.13069765368573175
0.9655227868728942	0.0011135042171948623	49.82441221125754	0.11757935991854138
0.9682976635931606	0.0016596184281369609	49.76134173913454	0.10648310626468246
0.9705048696439063	0.0005504017267853909	49.94270539309959	0.11206623644592524
0.9716042809397134	0.0005490101535041165	49.89646204908711	0.12293705906501418
0.9727009152991657	0.0005476256000981667	49.7515052575754	0.18634492643025244
0.9737947875270303	0.0005462480125591151	50.1459214976171	0.12549358889206993
0.9748859115025177	0.0005448773384496012	50.24049355000787	0.1279807852366368
0.9765174754056436	0.0010856683510766752	50.347132700991295	0.11615307436653421
0.9781429319536343	0.0005408062791569994	50.60991359298713	0.11632331957078047
0.9792232004421195	0.0005394627438007842	50.70613841029079	0.1119174730193304
0.980838580364646	0.0010749198248455284	50.464216230273365	0.1322245115046291
0.9835175998890184	0.001602464112629175	50.55571590142995	0.09898010606135277
0.9856489798895232	0.0005315396639563238	50.27141552041199	0.11591220263712004
0.9872406789676087	0.0010591902493161489	49.772742013301674	0.11859605375863852
0.9888265649421566	0.0005276647619292004	49.569214959658524	0.12804294260972512
0.989880614101794	0.0005263856524143706	49.37306913957392	0.12119993768079719
0.9914569074325581	0.0010489571452664385	49.02055313258677	0.11951454924481734
0.9930274994340944	0.0005225852624937117	49.301487798180176	0.11099170337868808
0.9945924323614004	0.001041411144011883	49.14589154547916	0.12975220216655414
0.9966702760362272	0.0010364405044468534	49.33225732113177	0.11712056922448093
0.998222161222525	0.0005163717756707389	49.58837566801497	0.11421202991221187
0.9992536785804087	0.0005151467672649917	49.42784374160515	0.15904272129266214
1.0002827517273782	0.0005139275573712952	49.679989007256076	0.11803445687694948
1.0013093922193226	0.0005127141049164302	49.41983573516557	0.19777676017971266
1.0023336122925643	0.0005115063683164807	49.819478112888035	0.12024000765595008
1.0033554218140472	0.0005103043090673285	49.88517030045276	0.12942618725368848
1.0043748328606756	0.0005091078863412431	50.01602744651521	0.12050021087772507
1.0053918574227392	0.0005079170597008332	50.07378804808116	0.12512984900576146
1.0069129414297846	0.0010122824595629324	50.10341229682412	0.12351167074197833
1.0089328019280162	0.001007585365715647	50.240511874677765	0.12212392397510449
1.0109433117280884	0.0010029316605294934	50.16218085959523	0.12648992586177984
1.0129445573789457	0.0009983207447196865	50.192733397594296	0.11532851163256876
1.0144394623884108	0.0004974451432137593	50.27952694877377	0.11797427444406666
1.0159292397323476	0.0009914833222358897	50.1099942693263	0.11303894463704
1.0174139241004623	0.0004940498062253465	50.2933286142596	0.12752812367160482
1.018893549829158	0.000984738920627309	50.18540310390576	0.12992594186259096
1.020858575763949	0.0009802933968641435	50.362793954951044	0.1105715940889551
1.0233024203637708	0.0014621889304817421	50.49817684842052	0.10247754607360585
1.0252476425647166	0.0004852181244972761	50.55647110554371	0.12118194922577057
1.0271841913544522	0.00048305932040783577	50.50837007012765	0.12154452347422724
1.0286309565308343	0.0009629055646884667	50.26334067348659	0.12709242526275807
1.0305525107008078	0.0009586545598974296	50.0226474446514	0.1559785519735463
1.0324655996006114	0.0009544409260927256	50.00258371915003	0.1220561512793318
1.033894906822278	0.0004756524637014794	50.08051092146164	0.11670649788635372
1.0348451711726994	0.0004746128432112836	49.927582934686654	0.1189267682364492
1.0357933608221548	0.00047357775734962505	49.54294552014362	0.2160111303178401
1.0367394855144065	0.0004725471757460996	49.75706838206518	0.12935122028063742
1.0376835528202812	0.0004715210705892829	49.74550317990438	0.11552745328788741
1.0390958170042897	0.0009399804823545764	49.52469192946386	0.11369596921454941
1.0409717210208222	0.000935929059966778	49.36372809152806	0.11892135964218828
1.0423733500947627	0.00046645666971971395	49.41658715016437	0.11956501521441858
1.0433052626713006	0.0004654568163933344	49.528199254180436	0.1116836674157881
1.0442351805155043	0.00046446123954455286	49.37141743011951	0.17716055694599567
1.045163110768701	0.0004634699132695442	49.678314071803655	0.12723708865461403
1.0465512995787645	0.0009239816651733677	49.76761099364187	0.11304439211973143
1.0483953423577217	0.0009200666960713952	49.93608124654503	0.1218785850831902
1.0497732539099536	0.0004585760862669515	50.151810233911135	0.12561202775707084
1.051146808185733	0.0009142560541069523	50.06130130925595	0.1254104056746432
1.0529714817271374	0.000910422896372348	50.12462099998848	0.12798879662960852
1.0543349735049674	0.0004537845275452434	50.44492573650708	0.11131501756073263
1.0556941975813152	0.0009047330500905454	50.28923491939108	0.12440746488028877
1.0574999048898903	0.0009009791651313006	50.250364331499355	0.16775141246134057
1.0592981351796726	0.0008972563031079506	50.59352647254385	0.11989517679580333
1.0606419385291985	0.0004472421420708157	50.84495675657427	0.122658838629979
1.0615355027383628	0.00044632288396667116	50.65325019802732	0.1272232290628547
1.0624272322067003	0.00044540739698365037	50.483907873457625	0.11865878448335537
1.0633171351156074	0.00044449565728564734	50.2034121699786	0.12952157914522422
1.0646485787770865	0.0008862700519935301	49.72977873633073	0.12793009007239184
1.0668586210911182	0.0013226571714584484	49.15191429775949	0.12358189878635822
1.0694959117184109	0.001314649559987324	49.23605299252846	0.1617154883235232
1.0712452497486715	0.000436454934212623	49.82804815997857	0.1212169218763615
1.0721172833568113	0.0004355794418226117	49.9185646076952	0.1264347606430361
1.073422060085259	0.0008685455369075753	49.96663973382084	0.11577123948555022
1.0751556863478127	0.0008650853685177614	50.0933726740152	0.12661283662089517
1.076451379714121	0.0004312541403883058	50.35043348252597	0.12706750718617427
1.0781729792947115	0.0012886439312272467	50.26402683475574	0.11792356864251795
1.0798877813822019	0.00042785526048290504	50.57187172052486	0.12418957031348032
1.0807426498077086	0.00042701389541403715	50.58318547930847	0.14433453297337062
1.0815958394442742	0.000426175832268063	50.67552671335944	0.12746223032576098
1.0832972054768093	0.0004245095373902811	50.52378365348382	0.13061064144227794
1.084568870529049	0.0008465366837400172	50.153158846860514	0.16947674645596575
1.0862586522337512	0.0008432493222899075	50.26551822079931	0.11839394908690855
1.0879418846979805	0.0008399873937405648	49.999799225846346	0.1541470314523234
1.090036792524736	0.0012539179505240599	50.07414774528248	0.10151271853054081
1.0917054733131029	0.000416369763766673	50.14985079063678	0.11567136423651618
1.0937823480868472	0.0016575334467607518	49.87906516496914	0.11195015551294409
1.0962615584697573	0.0008240491098512726	49.93927019716856	0.1239884646451909
1.0979065373690673	0.0008209337595676003	49.94544377617526	0.12092944770081775
1.1003623818424553	0.0016326093029784916	49.762647739551284	0.12349852158419729
1.1028044173830633	0.0008117274556495336	49.853463863859375	0.13077902300820884
1.104424845144336	0.0008087044035121311	49.920658018870284	0.1279832045515177
1.1060392498781386	0.0008057037837401137	50.03105481271189	0.12231731099575902
1.107647674999205	0.0008027253497804489	50.107439379667156	0.12368105678286806
1.109250165829583	0.0007997688542904701	50.07979739659517	0.14455783979940107
1.1104481650029954	0.0003987828679584169	50.382675393629896	0.12549512767168508
1.112040374488725	0.0011919705834718634	50.26957521420977	0.11738499149883849
1.1144177964018815	0.0011854633060980743	50.258102227045235	0.1280979412834114
1.1179597039290137	0.0023516690518146934	50.08912316955442	0.10868213089018336
1.1214729587958197	0.001166360902643897	49.99815033099422	0.12709569710230553
1.1241859758144392	0.0015454632165284269	49.81953424921386	0.1319146069979637
1.1276494209286918	0.0019164841895577614	49.71420897194233	0.12410611129649751
1.1303242447928117	0.0007618867279957377	50.00022330911527	0.12060243766949143
1.132603911314649	0.0015157959327269357	49.919436023387256	0.11966671351701091
1.1356249712262894	0.0015052882703544567	49.7693259616453	0.17653766159209028
1.137502517085476	0.0003746986602920135	50.296793829586306	0.12924452610643877
1.1386251608525193	0.0007474626430293191	50.27428590722378	0.11852899352293587
1.1419757843851335	0.001112577128298859	50.14088750789327	0.1146965963644011
1.1434566924875984	0.0003695965978804635	50.26508815435983	0.11185528692331884
1.1453007550479686	0.001472122307268566	49.79947457620069	0.11321520233994191
1.1475033437650042	0.0007323375609534216	49.732614633414535	0.1159103478985699
1.1511496812288864	0.0029048583732388987	49.29181239412573	0.11897167375575905
1.154765659028571	0.000720193162761214	49.612684118904355	0.12476987980530294
1.156203661721528	0.0007178124577882593	49.52370788775168	0.14601855228516497
1.1572790481995183	0.0003580186158550788	49.79355165438431	0.12878587307003128
1.1583517778828147	0.0007142707654888653	49.627441561032896	0.13043661856070166
1.1611995039831227	0.0007096025199100701	49.827323485889934	0.12630134595351095
1.1626163954264943	0.0007072912047798872	50.12872863000108	0.1100170903771453
1.1640286787459637	0.0007049948984355413	50.29326545310461	0.11437467847166785
1.1661385303985137	0.0014031565190177275	50.3498500000716	0.13178148040296359
1.1682381814278502	0.0006981945776108373	50.889217912497614	0.11894398804231626
1.1696323304440162	0.0006959568641780995	50.928115269526785	0.12477985574940445
1.1713687467326204	0.0010397697189229883	50.66972138596998	0.11592934928986455
1.1748208890765788	0.0024069208461653933	50.03685834336787	0.12331541187903922
1.1775629809482047	0.00034168166635566887	50.2066714102088	0.12036257275497893
1.1796082472667648	0.001700381669247247	49.87380385156517	0.10907039193093997
1.1816439266384429	0.000338486015637153	50.100005679374725	0.12227725795846513
1.1829957647897869	0.0010123021222343677	49.77897716811808	0.13054882670776044
1.18535140296049	0.001342434935680371	49.62371441633768	0.13611000348987123
1.1883614265066884	0.0016664536359241922	49.58818516900417	0.11597280919473152
1.1913507314412202	0.0013240180850914488	49.590525413055225	0.11342985572971712
1.1933322313967263	0.000658995458528038	49.653239989140324	0.12375812269729385
1.1953047315395091	0.001312018374229779	49.42529045594434	0.12183354269321564
1.1982467850683651	0.001628950460042047	49.096371915741265	0.17373521962870708
1.2014925270331371	0.001616821719779455	49.363721936616045	0.12177139317158238
1.2037501991309558	0.0006433754039379621	49.57260531214984	0.12581901408446255
1.2072744257434278	0.0009572634704243554	49.546236230700096	0.12918592251642044
1.2110866983838364	0.0028466919185971334	49.466539407405946	0.11557022357712736
1.214865797466136	0.0009406761102098307	49.73100038743705	0.12479653868016964
1.2161182245495463	0.00031265575915453216	49.97342193329332	0.12731287840909006
1.217367050551746	0.00093527400031914	49.80211209424043	0.1239990203211271
1.21923358168701	0.0009312629615691	49.52471606182425	0.22290479000544183
1.2207829197768287	0.000618631077334132	49.98318468708323	0.12488981721944722
1.2220184228251507	0.000616873665129236	49.88889457586231	0.16376040939894343
1.2232504210199422	0.000615126209581207	50.12182370353865	0.12668584370082908
1.2250918901553662	0.0012250470210377277	49.9968093664829	0.14147475534227438
1.2266205054964976	0.00030518568014903917	50.54137925721402	0.11430074920783798
1.227839535802837	0.0009129907475289565	50.347512544191645	0.11395558910454906
1.2290551538120476	0.00030347960042560024	50.495072510953236	0.1250641223173245
1.2311743323195303	0.0018120141112075124	50.05466664711893	0.11939242074873392
1.2335836555625352	0.0006006631613441348	50.203995919918896	0.12849693388008548
1.2350827234310606	0.0008978901114970223	49.77835573322911	0.2039161896876328
1.2368748012092172	0.000894192681151766	50.080809144455905	0.12090326588335278
1.2395491282107558	0.0017774065634781303	50.025786035452846	0.11861522762447446
1.2422070878032507	0.0008832808693355796	50.215865924236326	0.130676298572004
1.243970066294507	0.0008797025397780085	50.27565259100741	0.12631744702245287
1.2451414221261956	0.00029244435001307706	50.42663662370132	0.1260479164003831
1.2466011877308094	0.0011658521044891183	49.97481255038671	0.1267534077375643
1.248346454252114	0.000580588191865104	49.95978397393291	0.12864647372392893
1.2500847355882185	0.0011565380168222972	49.66821862001415	0.12752480854886183
1.25354056347735	0.0022947431435653668	49.2371854803377	0.12380359471139138
1.2575379110760483	0.0017052890237919214	49.195959148712134	0.11914644037204489
1.2598056986086648	0.0005654691996264786	49.370540596413086	0.12886075901910007
1.2623428842160467	0.0002810876555135518	49.53371376138098	0.1262537045102018
1.2651447035024876	0.002513520683427508	49.078965922392975	0.11934144742804052
1.2684831997144042	0.0008314242979670959	49.27291259268377	0.12587625553459122
1.2709703372287955	0.001653352934541305	49.06619752812348	0.13091315458891511
1.2737172201244849	0.0010952857277909862	49.16014191121673	0.13002166736446583
1.2753570491125865	0.0005455789478636573	49.30851722103135	0.12897387588356815
1.2780764122082122	0.0021686937715243207	48.963126209923054	0.13400676943523035
1.2807788538361697	0.0005388101883846454	49.33934020978339	0.12508044642593688
1.2818551394398918	0.0005374765410925298	49.385744717186306	0.12876128153283956
1.28453424166263	0.0021366845156062003	49.194634732146405	0.1366120375124347
1.2871969181528657	0.0005309061239382376	49.68845156638685	0.12206183681992519
1.291686335845605	0.003940847059171787	49.593719819271755	0.10928964404899694
1.296389790749435	0.0007796795104750274	50.106285923552676	0.12888803987236191
1.299755327620755	0.002578869285810673	49.96324411421262	0.13780384200081114
1.3036065054489887	0.001278050917022756	50.35751966888551	0.13018381971206616
1.3061551145940833	0.0012705727803064275	50.1078608929824	0.18466242148988937
1.3091938336001274	0.0017663992180990897	50.19093795321089	0.12330368636540912
1.3117099581633396	0.0007526550050076959	50.309675078427645	0.1273111816650407
1.3142115894183664	0.0017461080236185784	50.04708023963002	0.12752007844787266
1.3181844662491686	0.00222455270959803	49.64632773216266	0.1983582467209521
1.3226109367919405	0.0022019945007939225	49.811352228617174	0.12759624844476453
1.3296489159746325	0.004814661257143172	49.428432126524754	0.14663125527645463
1.3351507785931074	0.0007131077125094927	49.868114172948026	0.11842777499778251
1.3377576671330487	0.0018902401221934843	49.55208425272248	0.12945739117465008
1.3415217879416932	0.0018739278102305622	49.43845261181243	0.1444225134492807
1.3452535645078016	0.0018578946317867624	49.54796143244726	0.12989254457147675
1.3478006855170919	0.0006926362650445491	49.816651354544405	0.12605554476170464
1.3542176491121845	0.005687311516849945	49.38883156446229	0.13833517312246152
1.3609893538392057	0.0011198640623520022	49.87905793148335	0.1281708771058879
1.3685384370026639	0.006383284751733806	49.6826148410285	0.11564283879093644
1.3811209608723283	0.006200999472746785	49.74795775227712	0.13868056488185757
1.3881205594629815	0.0008416355845268207	50.31472891783571	0.12631960067783304
1.4038242662598182	0.014611435576961405	49.88230801619294	0.10686265556155684
1.4228818564936445	0.004661374999916345	50.09103105416733	0.12739129330763524
1.4328658566887598	0.005314676469798994	50.092270945422484	0.13200834506770978
1.4388976905824857	0.000748767452423264	50.5352487046105	0.12622053261042537
1.4477912139938098	0.008069490597383681	49.8679959594695	0.14664232495934137
1.459729841199874	0.003925341962697019	50.016081643504904	0.12845932966442758
1.4826654604206486	0.018617093595737415	49.58101897783038	0.11314715251648076
1.5021909478453326	0.001294445280844114	49.93916784479235	0.12339329402066043
1.5315923423369113	0.027218539635504774	49.03862575704719	0.11982810478515786
1.5608286259011086	0.00282739201505281	49.427567883216106	0.12475478597871528
1.596111855719287	0.03128124598275497	49.025932031173014	0.12267132920613785
1.6545589343605491	0.027342420921678046	49.22241675398692	0.13065631403954586
1.6832134480144263	0.002133050831744788	49.93321604122316	0.12313134698301192
1.700668885172421	0.0021514688718723566	49.98060511884168	0.1279793529223851
1.6424463625388728	0.0022551167394900726	49.46675166105513	0.09076042336030456
1.647547410243695	0.0025066583666236743	49.41571549073113	0.09076041505182142
1.653515251567876	0.003012047900338758	49.33017254521273	0.09076041397567881
1.6585620427076817	0.0026301379984523805	49.384935024156704	0.09076042800821997
1.6647154353807092	0.0032970655458732364	49.27648090883088	0.0914258095253436
1.6704315191987513	0.002575704194699289	49.386585619978554	0.09076042941401793
1.6759052612803418	0.002933909176964352	49.3101106963886	0.09212217159880105
1.6813751391957077	0.002851669132193319	49.32846379969325	0.09116983019865559
1.6883449946126945	0.003631022073212155	49.21528442065002	0.09043880751239312
1.6946701261840316	0.0029370892572925552	49.29176560249681	0.09108937833891825
1.6998946913040198	0.002019317956149469	49.12975880114275	0.0984147706394739
1.7038943264879112	0.002127922455323088	49.086898048405054	0.09909921235735404
1.7083106870946838	0.0023479866468241314	49.16490004285799	0.0931292263015666
1.7133348439217906	0.0023682457714050615	49.055788009458674	0.0990991924982013
1.717439910435795	0.0019295077073630327	49.14445947415518	0.09775195878647548
1.7220725464893802	0.002269874262619731	49.06178182566766	0.09775197650055358
1.7264825519765838	0.002640337452358805	48.98040707205499	0.09909921066560515
1.7315453512673373	0.002533400381098417	49.0083955260478	0.0977519495585925
1.736790276907225	0.0022979416928369037	49.21701839054032	0.09076040548342668
1.7407505505003484	0.001828672262956001	49.13040335818377	0.09841476150009286
1.7445731888080556	0.0020835023119025937	49.072250216425346	0.09792194987226824
1.7482109845361862	0.001673559702013292	49.15735686962541	0.09775197112822225
1.7520097626518982	0.0020890920896415067	48.97024029436787	0.09909921072999098
1.7557034010781194	0.0015185752913227436	49.11328006544136	0.09775197147870782
1.7590838763794912	0.001750844364957896	49.04215678451472	0.09841478433615408
1.7632772353564643	0.002244026303437683	48.933795047312906	0.09775195647480718
1.7670833358605613	0.0017364745455186199	49.0394976811925	0.09841476666974107
1.7711874599769144	0.00244956928917234	48.8896228721676	0.09841477779260006
1.7755593636288076	0.0020930737560581393	48.9611228877717	0.09775195315549981
1.779955984311438	0.0020570541093666334	48.96125453762362	0.09841478100493121
1.783750457759819	0.0019037798144899256	48.99789554617776	0.09775194291970009
1.7874281746270075	0.0019737226038895753	48.97442900920343	0.0977519560292226
1.7915448199717774	0.001878227852921808	48.97145749212348	0.09980611889750418
1.7954787074200265	0.002073363406232279	48.93811164086229	0.09775195881471205
1.8001723674350927	0.0023382674640746877	48.873058532659996	0.09841477671396917
1.8039565360536403	0.0016132991661120012	49.03565545486366	0.09841476583231609
1.808440051126693	0.002729828190133637	48.8064603817259	0.09841477518907271
1.8145243573047292	0.003271209786281334	48.727263012024416	0.09841478674727998
1.820174617433605	0.002991619697799998	48.757188538318125	0.09909920722530412
1.826799537717297	0.0029827286167132608	48.75254202179318	0.09841478152169877
1.8323954576827577	0.003179046803223103	48.71537401909153	0.09841478711403534
1.8400956901822838	0.0036898458240351224	48.652144777167585	0.09775195886050915
1.8470441962463415	0.004198095883538646	48.587412397390466	0.09841477096909429
1.8542826656145206	0.0027009213205805216	48.780078023295125	0.09775196021606726
1.8600772505377317	0.0036658756797004312	48.629233120064555	0.09841477601452485
1.866708689742896	0.0028851144743456112	48.711194634400684	0.0990992119069563
1.8734400291719722	0.0035444745082157266	48.60598918252267	0.09909920479543523
1.8804480416080864	0.0032422418165416324	48.63435062816919	0.09775196039223887
1.886981334661164	0.003687500382058717	48.57164567167733	0.09775195174515762
1.8953361727959324	0.00416694183414168	48.510380877349455	0.09775195164465739
1.903992222258753	0.005046952144184804	48.41880293526531	0.0977519697629621
1.913578607769266	0.004638711713327682	48.45519557705092	0.09841477467743458
1.9227398964189633	0.004423614341680101	48.472120875065585	0.09841478816593036
1.9329739210328574	0.00520271257466744	48.391431498324266	0.09841477849340378
1.942825694516743	0.005273739268042945	48.359584922092836	0.1005364968766131
1.9540882033506863	0.00479434173966612	48.40968612449661	0.0984147717131987
1.964008568622414	0.00660938169632844	48.271803050308975	0.09841476845151427
1.9769379684970196	0.005433934640739966	48.35038882473965	0.09841479724527911
1.988401587348897	0.005548545181051462	48.13622574523481	0.11072425643215933
1.9987356474851012	0.005837131980998702	48.29399114897443	0.09775194564319126
2.011419443569183	0.00567663462072503	48.11474595265904	0.10930032305254128
2.024647984806847	0.0076843275524576425	47.970163277930496	0.10930035541197797
2.036699317113115	0.00580814196687683	48.09548272883919	0.10794041279105647
2.050446838722044	0.006952685982057181	47.99372650040735	0.11072424779301046
2.064032184197989	0.006320314673642597	48.0355196986957	0.10930030999517502
2.075769463264595	0.005747932626460783	48.07166011597603	0.10794040284961107
2.0878515770099257	0.006446143557536163	47.99659265238539	0.10930030543539682
2.0988434431184295	0.0048914369988065885	48.10660246039608	0.10794041495911037
2.111609064543681	0.0070107796309859475	47.91733487200201	0.11072424002053488
2.125559264769622	0.007776097755098531	47.85631983214837	0.11221606056448888
2.141382004313136	0.008456013812422117	47.84275991164343	0.10794039921592082
2.156259288994392	0.005846730798838816	47.9869138062228	0.11072423189878193
2.1979208729667037	0.026568565241767185	47.8092787957192	0.12124446315135981
2.2558478119169303	0.030404023343578186	47.72363906595356	0.12282560811870609
2.315636070591222	0.02805260360158687	47.64639707061533	0.12448117915231367
2.375984503301567	0.029838177528890515	47.569932219634836	0.11907029990443584
2.4256523457630625	0.027823690961533518	47.50641101487247	0.1208705139479594
2.486302523635983	0.028404788881529083	47.40213219240103	0.12364377538411332
2.5456439667677127	0.029365983893034884	47.33883891751299	0.12282559761048754
2.5948646821414383	0.022941828431658883	47.40894520782687	0.1232323050623951
2.6597670721715017	0.03457518957304202	47.1886876665407	0.12364376298665396
2.717657695515654	0.0277901927295878	47.29157998970069	0.12050067531956396
2.7848827869690225	0.02909460355966219	47.150591297108924	0.1236437836059721
2.8143769307834883	0.01186235867400753	46.909109165392636	0.1220516776488374
2.837477424126241	0.010779090834999687	46.898884760872505	0.11977302994737074
2.8577233740744132	0.009393434533099971	46.89519959293045	0.12163332932122471
2.8781573735448123	0.011095705863537557	46.83277757777178	0.1205480736367264
2.902156884949331	0.012518136614586535	46.749444684870134	0.12205166134857767
2.9265629628350736	0.010688819589275924	46.774124059914406	0.12290386472705281
2.9458517804706186	0.009494101418053694	46.81640221901069	0.1217452940550491
2.9719911607520815	0.01822242610821268	46.64989287768899	0.10938553190663336
3.481570666022041	0.006168691799093213	46.39611361207121	0.12140243877894548
3.4926309773934365	0.005391438621516499	46.43018346995966	0.12280373172482499
3.5026796495874595	0.00425502638241418	46.505945661224274	0.12221351673876495
3.5111082698802667	0.004073891993379484	46.50754621858992	0.12250735883591055
3.5217872416544904	0.006495623652027369	46.29141142727007	0.12221350368431881
3.5323098651816474	0.005204613872737037	46.38581595258388	0.12250737116937589
3.5431451391192446	0.005630119984822281	46.345330778960175	0.12221348642582806
3.554422307936831	0.004406622009928565	46.4349586970161	0.12163327944920493
3.564594103611476	0.0058859501253475865	46.291049669508325	0.12221348585903856
3.5741670117489677	0.003523309290299167	46.52156768191397	0.1219221678788819
3.582342078993404	0.005059912712541932	46.366816371865255	0.1228037042968838
3.591965674444127	0.0045365902643507055	46.408723197028436	0.1222135249070239
3.600162596054258	0.004289906584414422	46.42736670790542	0.12221350848171801
3.6102009286971444	0.005220079568182383	46.330959306016034	0.1219221653489441
3.6208979619644497	0.005710431650760616	46.26461881267683	0.12280371500167553
3.6368611995382154	0.00862788133070165	46.29446948985752	0.10492653722268099
3.812275519746718	0.005065916138382851	46.03859475183767	0.13421839798281643
3.8211639531360166	0.004087427018268442	46.17507801509454	0.12946382487851227
3.8296327379643404	0.00448569147089356	46.14628427986825	0.1260774160946981
3.840871499429589	0.005812633553465814	45.93092020537472	0.13479408513754418
3.8494704369633617	0.0037839110414529197	46.09411177910486	0.13596950484263892
3.8566713449862444	0.004214934131957922	46.061720560621644	0.13200090947990212
3.865568771863485	0.0035583503892240424	46.24502129401679	0.12075986926594778
3.8725117620065186	0.0033722313420356826	46.24183877145029	0.12198684727468856
3.8799495508894646	0.0031874702753768957	46.12913638911079	0.13537772366247006
3.90154522753953	0.062248506731740545	46.04592744710114	0.11447208266648047
4.384910330002072	0.0022986340921834817	45.784331042774205	0.1351939768614533
4.390357327665243	0.002650500704260493	45.71551825769151	0.13487528688047232
4.394855033814584	0.0023114776968282845	45.82281383757112	0.12957503137304166
4.434748310470878	0.0030089776661249294	45.710803943411165	0.1409441872271164
4.443645485689793	0.006719901974392411	45.542047276514204	0.12070068703814109
4.507917578783445	0.020040575958714713	45.57637226149004	0.13510216888096738
4.5393648294248985	0.005102071839298481	45.51435465133659	0.11564333891218177
4.614732252560807	0.019027300089700598	45.328785927111184	0.11955255035912311
4.676231832777312	0.016515043619004063	45.1853645207475	0.13542979717829642
4.763141006917977	0.03906874813121378	45.15236781888152	0.11606855899738716
4.907193709023905	0.018264909617669457	45.29243650219179	0.12179533836617736
4.966311128266076	0.018116917291318393	44.99068380058863	0.134525424718747
5.0493194788957245	0.028395587255758553	44.954846142425076	0.11972225511165906
5.116169462282519	0.03556742338116317	44.7206183440356	0.14420582683319053
5.198574341434573	0.019236027723580858	44.91105008772508	0.12745598881344822
5.26522131322636	0.0407588222660292	44.71794809212347	0.13611631023180965
5.372016865101874	0.060170701610593166	44.31977813502018	0.1448597299057814
5.471296520948106	0.043106815867631584	44.349473119759566	0.14517926856895658
5.56444057318484	0.04280845136822331	44.3134628114847	0.14947196598574705
5.6423790236329445	0.02732024049743987	44.31697091475355	0.12969524917508254
5.77990396845538	0.08169864969585842	43.93722468087792	0.14253735283581107
5.941815793343678	0.08517616266185488	43.57432658804373	0.20177655894761692