-0.40567501991354615	0.028904791514065897	50.62484189613637	0.10633825092308011
-0.3147312815857533	0.05860924293490362	50.60435357107556	0.12034119500201185
-0.24954633455718359	0.010088141384283223	51.283945098464876	0.08064222390640138
-0.2109598653025313	0.027691465843507495	50.979070366214934	0.13189700537254445
-0.17552374471015136	0.008507237754742722	51.38300023453004	0.09562985305866448
-0.142762166173455	0.023667274426580984	51.04198055148636	0.10572773379958253
-0.09783382266183695	0.02134125244173335	50.90576721230778	0.1264085877424126
-0.050691361461932455	0.025527963982237854	50.85814235503713	0.10552837568793598
-0.01989926992220384	0.005945167507721491	51.07229664910871	0.10773767206604253
0.0032531567929871275	0.005636528001401511	51.155057399484114	0.08506850405278053
0.02523352848157004	0.01607505812274519	50.75274464830627	0.10108327314789434
0.05624928628767897	0.014967070146313839	50.74532296077537	0.10543662723381818
0.09443263287580836	0.022845580461451295	50.64708535390561	0.10172902142054374
0.1378765686703813	0.020670846469211114	50.611309678450844	0.1035958004755451
0.1658923724883082	0.007751798029974249	50.85910428306342	0.10491983268589868
0.18854650267714876	0.014715611520004487	50.745342570210866	0.12168792141480443
0.22045518132546474	0.017091479114815383	50.9222946305225	0.10025878348449908
0.246975100349397	0.00964741542585579	51.166254121732585	0.10774003240764768
0.29271651212597627	0.03473198138338665	51.15270310141683	0.08924032203453343
0.33671939220431546	0.010461776187332109	51.055795207231334	0.10562087251310036
0.3596426279951349	0.012404869561623878	50.89248481292049	0.10684773457742172
0.3953483866070715	0.022851590822340777	50.54230693710666	0.09668790293641294
0.42834028672961333	0.01058996545087602	50.654796009440574	0.10307759627441776
0.4706850242979129	0.03073971127229803	50.36891070047641	0.1050656510519038
0.5281843765592823	0.026927772638990814	50.447421540100066	0.0847003129182648
1.8415750354247522	0.002678558245260169	48.49931438625591	0.06872798391325283
1.8478113657925612	0.003698533332834275	48.364563372577145	0.06960537255659957
1.8545750116480377	0.0032345765007827146	48.43389554266118	0.0696053744922733
1.8607382829722257	0.003079436686378708	48.4701661332106	0.06872797336865624
1.8670544726841207	0.0030330466094542347	48.47363296200306	0.07050398757458096
1.8738423752683482	0.003836443198881345	48.36342331296771	0.06960535645088348
1.8828041136939064	0.0041560259259341295	48.31152115116291	0.06960537864205095
1.8890955641924543	0.0034327885069412156	48.38225422103204	0.06960537056249931
1.8970210382488246	0.004196742685345772	48.29509740571808	0.06872799028165337
1.9050730702636427	0.0041620476706966366	48.28974777123123	0.069605374894397
1.914447073542648	0.004864988901752163	48.2220306642418	0.0687279915451656
1.9244752993559273	0.004667780440883039	48.24337276607901	0.06872799099785507
1.933738397703578	0.006391693407647988	48.11056140308212	0.06872799444542298
1.9493437434142762	0.007018027293504583	48.071310898091554	0.06960538016822937
1.9615227129056967	0.0058637294137613835	48.124220703622726	0.06872797563386723
1.971687616982551	0.005467436480550649	47.94299785491179	0.0842308779283249
1.986278208603503	0.006451717030561555	47.84677245326598	0.08257860183086346
1.99654773630169	0.006527053466678742	47.83657506570727	0.08257856348867777
2.010940579382343	0.00665069840060446	47.79974901630489	0.0859426005009766
2.024879738183744	0.006514363601353047	47.801192193507895	0.0825785588980539
2.038782886986455	0.00840610174734554	47.673030312623226	0.08257857324275074
2.081114862438252	0.01771957481260074	47.615581249022775	0.09796637699125837
2.130381090149305	0.029001336071503552	47.348211925953095	0.0966294160745102
2.18774192064697	0.02541399393492739	47.369518969719294	0.0934487690841967
2.2501184050279965	0.036022264331765474	47.08277329699159	0.10027514720701285
2.3355919835302106	0.054241740445957386	46.83472890276366	0.10168677058841069
2.409032292725933	0.020819767485387886	47.20250015622977	0.10074115235666008
2.449840114979554	0.026533594542441072	47.0503822090775	0.09981356043423113
2.510890164637483	0.02634741340191196	46.96600517191351	0.10168671573965071
2.563301060842488	0.029190202146991497	46.88970614541873	0.09796641082623794
2.6177575541974623	0.023175180142993218	46.9108250212489	0.10074115501102052
2.6746705013059358	0.030869047070794697	46.730615756358034	0.1007411589473069
2.7374629827323917	0.028668434500399426	46.70575030045337	0.10074116090787742
2.7929724730902774	0.02866897265903596	46.65241127953848	0.10121166675619807
2.840193074797678	0.020057832470064724	46.751535713166604	0.10168677422716225
2.880607683063812	0.02155569533432489	46.677378642805905	0.10168675624443879
2.941731645647904	0.04599905280166951	46.50806635164967	0.08028229824173058
3.5751651135976914	0.007763556513205505	46.267930929691325	0.10088274836227391
3.6012572461234527	0.01783130047943413	46.15409145479687	0.08110163335582193
3.687325429047028	0.006947177569901396	46.19369935970532	0.07408143171427448
3.8923406190056014	0.021928199236243857	45.79324587707373	0.11564184948641827
3.9204100096717083	0.004061883522395597	45.778925603527675	0.11527809485904886
3.9290424179891543	0.004694495259149219	45.72988232098578	0.1124485943284857
3.9377710411199027	0.0034097338560390702	45.959042169761034	0.10110482901790599
3.9464000017827674	0.005356195158910834	45.88042570101679	0.08784775288724994
4.080387001164853	0.0028398639323742544	45.77614732285441	0.1167888547640332
4.085648733665099	0.0021919206061520135	45.90943303959478	0.11238020936688277
4.090188710282989	0.0025161902152342074	45.81463135063317	0.11562383959887546
4.095305509840966	0.002315230736026223	45.87152780577027	0.11168427966245224
4.099822455223331	0.002291264337361598	45.84067758565349	0.11524081445083295
4.108251708355971	0.004855031270512275	45.607182801210904	0.10360122001401693
4.20137021117773	0.0033584160159677162	45.57979921080476	0.11809862441114223
4.205938584437245	0.002569995314948151	45.69786847020248	0.11566222328856887
4.211272004775485	0.0031514018632391896	45.59883338289987	0.11727484336133537
4.217203556594909	0.0017917935394173195	45.84342134623423	0.11448267431522381
4.220882397244092	0.002375983640069711	45.73734452432256	0.11315611589189727
4.29258520736716	0.00157887217862807	45.84613945137715	0.115590025493088
4.295377066574699	0.0015507255289690424	45.924532948124536	0.10605137552468313
4.299079146535587	0.001877257127740442	45.74514245800987	0.1163407417608097
4.302490593844813	0.0018803052874610958	45.730701639451254	0.1163407622701342
4.306835789861087	0.0016859587282502468	45.77237221675066	0.11484932723814072
4.310227475458665	0.0018993398866142311	45.74257282932198	0.1120005190313898
4.370462661259485	0.0023966648955564295	45.57123055873322	0.11606835826285358
4.375063913916048	0.0029267334070931365	45.47553317377996	0.11676211025228848
4.382008441654079	0.0036188143453286365	45.522674936215836	0.09903311049924812
4.434677009050987	0.001988745954667582	45.58603911069436	0.11537874134837435
4.438321384100305	0.0017515617149306394	45.63415734241787	0.11583234150392253
4.443909349187557	0.003983458865718261	45.393328555692726	0.1017151244475728
4.592003167439528	0.0031968033594105064	45.38439803720118	0.09721294597671126
4.646187527799695	0.04028583683841516	45.126147241307905	0.10996976227810906
4.744590747415358	0.014892593280943141	45.21343360360351	0.11725997559906498
4.785081870595796	0.003894530167976519	45.21788715239455	0.09195280523545224
4.811957453845657	0.0036663172307594663	45.05735168284142	0.11109359522706329
4.8355777704174425	0.04961329732795201	45.162747151850304	0.09879762842693372
5.057273315886631	0.015274138846479953	44.83947038539689	0.10662655707228615
5.109115181994012	0.020347625812648044	44.68666919314774	0.10594813957171864
5.145491688188406	0.019047962648432077	44.65916995957251	0.11695307637723854
5.242583134430578	0.010504086358409468	44.844611033410374	0.10715602358886596
5.289536050643418	0.034756448852781584	44.358428783918804	0.12480246827004036
5.395119120608935	0.05348597476786684	44.28040730030034	0.11805550760440851
5.486137046089011	0.01942793762272929	44.37752319017654	0.11455906482281408
5.56198068540292	0.05222818871133554	44.10867116320813	0.11167508652253758
5.715350978627206	0.06678360563234613	43.97175378066709	0.12910062330220498
5.842192171262702	0.04770876625908062	43.8271519819134	0.13173591884682476
5.941679131735551	0.04236284752359216	43.67201707463047	0.13832535159964068
6.008329101390245	0.03633519281715685	43.83138585404098	0.130855309282333