-1.6869877209249045	0.42717490969385086	51.088844356262875	0.14275430964994307
-1.3230984586294898	0.06160205771223835	51.513299953023235	0.11387964695854101
-1.1691214690633236	0.08642675862093988	51.34900166137365	0.11780021499529675
-0.9937510532456622	0.08657032912144495	51.337768937489486	0.1112625550196769
-0.8913925690106109	0.022797610512999486	51.52744903254194	0.12417365370022622
-0.7554798213280218	0.10002943882087284	51.271269284622804	0.1082386724889198
-0.6143822830694301	0.04818801479892029	51.143812777144575	0.11939218631848794
-0.5475215531660083	0.020656099146270174	51.16233048953933	0.1180208911634242
-0.46329180427339506	0.05955066353823716	50.72803537571701	0.11644706041535748
-0.3580402493914263	0.0467342255307603	50.35667388006322	0.13899647882370797
-0.3017624847543375	0.01172976310228105	50.502200552903886	0.12614554704515774
-0.273385676537449	0.016481764024898215	50.32772184463395	0.12299915500641567
-0.25194791317972753	0.005229313440307428	50.49875020215515	0.12345720177599899
-0.2265581911727417	0.019729448391887724	50.12560225798965	0.11663178589352696
-0.1979287504361799	0.009235395674066319	50.145591834472135	0.11721344133029055
-0.1540454659621649	0.033391214359265876	50.0516591861097	0.12261794335604365
-0.10664240603937036	0.014969219546116259	50.52757091945357	0.11783086437900672
-0.08120593180060987	0.010588244154973319	50.73707956346918	0.12496300109480885
-0.0472726720322757	0.022849014469676972	50.7864237166997	0.12682321235179567
-0.021914460308293637	0.0030790108617516467	51.44876360254018	0.12418691911906349
-0.012774287820787655	0.006029774129644019	51.092158347669425	0.19576490614002773
0.002044429055831687	0.008741250907008566	51.36963116275631	0.12558029990960184
0.013545784498258162	0.0028375986977163432	51.6897874067767	0.12506771555298776
0.02750694988306074	0.010991318735664128	51.49917439595055	0.13827447607448462
0.0436886830751082	0.005294659956078627	51.492192678176245	0.12547962539820864
0.05928908621717188	0.01021568906326281	51.12200959264649	0.12019631127431414
0.07925442749552858	0.009756685914409096	50.827455598052474	0.11668219373518782
0.09600153810681489	0.0070407103362557155	50.58714442495598	0.12340522107807658
0.10528913189463884	0.002297246659901119	50.68033365561966	0.11841836923886506
0.11662609658325096	0.008952218124054084	50.07155576575709	0.1454845558727641
0.12985100411755335	0.004341859363637628	50.084843540719945	0.11886965372319293
0.1530978060120063	0.01852002054280647	49.63039164554629	0.12782084219706116
0.17711467737351927	0.005841216966435873	50.337959494766906	0.1049762598208294
0.19987270464870377	0.016629016545984376	50.368385886064566	0.11640963017697649
0.22499899554026792	0.008719021918862183	50.90218199044517	0.1155309727319803
0.2387300577046052	0.005068599281254681	51.197832727743254	0.12392838701297883
0.24543614731034968	0.0016636448246955596	51.53105495392933	0.11782196954874871
0.25204025776634353	0.004915613831878809	51.05902963257327	0.1586942579121635
0.2633611798935477	0.00638550974598444	51.03681089502388	0.12151912418529431
0.27127060367488	0.0015675671614200823	51.26390062601486	0.12306974370925411
0.2790385533580739	0.006159113376404603	50.624114839454954	0.1892425474321204
0.2881803286580593	0.003015410395104164	50.905718332429736	0.1256525159425003
0.29713363319083463	0.005907763738107299	50.71741900264307	0.11675319952973977
0.3059060798194675	0.002894814081206725	50.73597596121695	0.1235209001797567
0.31733366266143714	0.008458908911898372	50.31868159039182	0.13499051065851883
0.3339302810299264	0.008141749384513803	50.21804132377633	0.11472526952252243
0.3459743444464418	0.003959530301838297	50.23410957598992	0.11397116473102788
0.3551163489260256	0.005169403149069048	49.78861899309805	0.18339624289539438
0.36533401161983725	0.0050492019394037515	49.910710123529306	0.12602463103741465
0.3802234394402336	0.009758056046419888	49.859835669573826	0.1539437559203404
0.3957976590945457	0.005883951792698568	50.29536416141419	0.12721446859408345
0.4039580424780592	0.0023097698805277468	50.62631903588832	0.1265958977829202
0.41083265332917007	0.0045469910424344165	50.70906141410181	0.10589959524345846
0.4176001369325819	0.0022383429047289453	50.93951230700986	0.10713720681463895
0.42426378126772124	0.00440852157669759	50.814424056578375	0.12403526139635382
0.4329925156833505	0.004320800716519286	51.02399912073831	0.10959522039473073
0.4383602079934238	0.0010669315374909507	51.32726965174914	0.12225635141229815
0.44154926606548883	0.0021182513421151576	51.08993609516552	0.1549566872390587
0.4457652379314758	0.0020977876212878704	51.34712526015244	0.11669811831173542
0.4499406774071524	0.0020777154962909896	51.34275705362879	0.1300016212991862
0.45407635414910896	0.0020580238441273934	51.41051662955596	0.11675993468321903
0.4602069507911509	0.00405835282649972	50.95571009657691	0.1446207393871494
0.4662522098266896	0.002001126515289858	50.994819164330444	0.12203343871108174
0.47023613385190566	0.0019828534736615186	50.802616370406604	0.1327054935827048
0.4741838440009424	0.0019649111284020136	50.76739433083088	0.11611322781877118
0.47809599344136533	0.0019472905795961239	50.50076615839223	0.1436028680797244
0.4819732149644036	0.0019299832566298553	50.465727403846415	0.12785311309835928
0.48962533694887467	0.005688826308642146	50.04322571715795	0.10925368313491036
0.49807582575536813	0.002789601639507389	49.84949628246997	0.11774314471723184
0.5036194963778584	0.002754219311013606	49.569869287087705	0.18845735965264782
0.5072763494344157	0.0009103751849930292	50.23546175297701	0.11593766722398656
0.5090932933735289	0.0009065744335221149	50.30860313281562	0.1279793886244825
0.511804536850357	0.0018018648754160901	50.122317576747704	0.15569588673817641
0.5144989580125297	0.0008953602353559769	50.61896199168934	0.11162081658625639
0.5162859964016697	0.0008916835695111468	50.400927375852575	0.1911206256292573
0.5180657129175649	0.000888036972855697	50.69312086349558	0.12409061892251949
0.5242379032312889	0.0052530327425278035	50.720929597180344	0.10679805719975961
0.5320468248011592	0.0025797118021562322	51.143643957333815	0.124408073171818
0.5371758421834387	0.0025494246063428867	51.435191490948704	0.12111877215282935
0.5472556558326884	0.007472804390869408	51.45440563689925	0.12649857953785482
0.5619498506829075	0.007224194321178729	51.233768888001144	0.13011828622652905
0.5699034555662024	0.0007881217356148977	51.60966170218448	0.12591022654343334
0.578487401528859	0.007726972366711342	50.973964655685265	0.13086110607728652
0.5899258948531854	0.0037630576359041893	51.0366484376401	0.11469278558562995
0.603265908818744	0.009487989690780985	50.64930784193643	0.11428738641142226
0.6162083462073085	0.0035420804323493776	50.602561428034015	0.12565448596554976
0.6218390155712741	0.0020978720640737088	50.674178568541315	0.11581999327234667
0.6322037063028421	0.008193591357319011	50.28982905728542	0.103967804681976
0.6443233993258177	0.003984048454292986	50.26102694979459	0.12755941649623964
0.6522192819533426	0.003912269186406526	50.172231339448125	0.1529472364514032
0.66125329430481	0.005108971186185009	50.227660221503214	0.12617329982132944
0.6707284970015914	0.004373874359336514	50.24643117544172	0.12756036662199433
0.6769323662807822	0.0018479305661835727	50.40388270420089	0.1269052644125104
0.6842618895831971	0.005451015042563388	50.163925439634355	0.13349885495015484
0.6914697636285911	0.001787097518358773	50.428651344061066	0.12616736865013262
0.7436106830276246	0.04754759852914455	49.89038788718752	0.09956467311193072
0.7901572746626087	0.0014238385288609663	50.51322990085794	0.12109012238907443
0.8046265394084522	0.012853702756668585	50.08512690200311	0.11558559843635045
0.9386451713044768	0.10587202928201417	49.620666010945655	0.12793268833695567
1.1774163683253507	0.12258037391519305	49.79397066423511	0.16013767136580004
1.2963279534108378	0.010801688958941378	50.85861938866296	0.12358877282275059
1.3094450067042351	0.0024406228631727147	51.24670649729861	0.1207235095944924
1.313161774182014	0.0012810836718852555	51.37517088193574	0.12588028271496032
1.3175521293277614	0.000563643655239689	51.5814999381935	0.12539094314080476
1.3263400035965585	0.008147207336060485	51.06205271416522	0.11769219175325371
1.428710081488547	0.08476326909681173	50.940500281647836	0.12088677974736045
1.506415191779178	0.0002736546445933667	51.042145556901865	0.1254209709633028
1.5072353807265837	0.0005462766409909187	50.66497421992034	0.18250896206167272
1.5083265620182391	0.0005449058231313012	50.850386972457045	0.12625954455808153
1.5095961514266927	0.000724420274018533	50.459840559559304	0.22666733671515996
1.5105007340267802	0.00018072824124635659	51.06186901489162	0.12556500376981788
1.5121242498545524	0.001440431112939507	50.576334816735695	0.12493536836879429
1.5142795395904254	0.0007166501697051038	50.70318333913047	0.12254374835280003
1.519444419347293	0.0008852222906563794	50.57603415850765	0.12107099873238106
1.5224437939449087	0.002109911350209106	50.319443100840836	0.12527225446803023
1.5248109811183541	0.00026230528094378744	50.971792184869265	0.1223831128837631
1.5269913759056615	0.0019139388831929845	50.721206674932105	0.12124417274921091
1.5300256541732447	0.0011230897374671068	51.09348822509597	0.11877700896932948
1.5319221208130958	0.0007741357952835582	51.30367463775285	0.12456147995502202
1.5332961862380259	0.0006002036254903804	51.51707880829659	0.11762659728922238
1.5341527747012043	0.0002567232728012894	51.77249942096369	0.11441298460808132
1.5356903891377232	0.0012790797711852776	51.20590877978124	0.11686650217599008
1.5382410438789438	0.0012715896250296873	50.73531713904019	0.1260551977502642
1.5404395584278148	0.0009277904275341139	50.903486939397894	0.11983499406942782
1.5415346561875034	0.00016826434532782265	51.26003679127789	0.12713934065637242
1.54195511345049	0.00025215228142010625	51.027741872090616	0.17154354669865643
1.5424591254595343	0.0002518598207347144	51.214726117103986	0.1277783772007588
1.5437166023029194	0.0010045265143708937	51.10102685407042	0.11663542989700817
1.5452207842003118	0.0005005266740414822	51.360639860190595	0.12185464434527521
1.5458876408240414	0.00016658623601021406	51.69951127984659	0.11623064641298235
1.5463871122578978	0.000332789518785194	51.525343271207426	0.13067767790099175
1.546802900064165	0.00008311776573956027	51.90750377051525	0.11789386269752312
1.547218290150449	0.00033215321605129097	51.601648807430955	0.11914339836238243
1.5477162343621393	0.00016588630052970612	51.80857769881552	0.11427246821068412
1.5480478803557505	0.00016575967095348797	51.80577829689527	0.11723564267151333
1.5483792732217165	0.00016563323457912348	51.57040834863528	0.1768925935713767
1.5486276520443298	0.00008276926689996542	51.93012269665282	0.11803420335364385
1.5491239838925415	0.0004133736419004675	51.59606277852691	0.11050022855658094
1.549949945276996	0.0004125882158562332	51.471631832372914	0.122811214326447
1.5505271849698459	0.00016481607647538446	51.638937788602426	0.12292052955043806
1.5508566921436455	0.00016469107492744723	51.41505221485035	0.18942352438886323
1.551185949381236	0.00016456626289225944	51.70294630049895	0.12251667854758248
1.5520901219887615	0.0007390080141236872	51.48571776471839	0.12695769670418755
1.5535656286647854	0.0007365015097245885	51.77768366912811	0.11168529264799851
1.5545465221368127	0.00024494664379771377	51.96525453000538	0.12496352823881827
1.5552807410913516	0.0004890657729058638	51.68305970259931	0.128798305828529
1.5560137208283789	0.0002441205245894647	51.7516411624927	0.12183173205646801
1.558205266741016	0.0019431339315785408	50.94592000583042	0.12279515336569852
1.5602246624076015	0.00008058831925357352	51.301934469262264	0.12503507434044783
1.5614318079478648	0.0011251048281634918	50.668217244978834	0.12418574898552646
1.5636762081588036	0.0011193053721196668	50.44164255128858	0.15482430618172377
1.565351929177004	0.0005574974323215204	50.69834725893	0.11253883344801997
1.5666243432202065	0.0007146854274651228	50.24874955536258	0.1995445158358345
1.5678930401627569	0.0005542449701212134	50.874298200678254	0.10243958461694504
1.5686840978215928	0.0002371012903764984	51.089249955733095	0.12327989122032465
1.5692369820708927	0.00031573285005532213	51.190649806501426	0.11759653458878683
1.570183149206183	0.0006300914672931701	51.24811576249459	0.11673365888104623
1.5710486619776716	0.00023581387419781985	51.574012190058184	0.12173579622598324
1.57136296665034	0.0000785477581039148	51.701326174259094	0.11875187360351341
1.571598546086927	0.00015701032415707728	51.25898084494273	0.16991003640344904
1.5719124531967057	0.00015689687843934222	51.32399196330357	0.12780123402807536
1.572304518403525	0.00023513295236840873	51.04582693481416	0.13524159681934736
1.5727745299022087	0.00023487861938597127	50.94060965481752	0.12159443378481166
1.5731658179214083	0.00015644473011289348	50.86495188449602	0.12647216165851843
1.573791146473401	0.00015621963179014698	50.61192998945171	0.12736179904429434
1.5741815200104248	0.00023411891101251872	50.42057889748446	0.12350602145139607
1.574649505615275	0.00023386676581155105	50.481578888968805	0.12257776934603648
1.575039108746768	0.00015577137288774601	50.62726574887908	0.12784086916923648
1.5754283626807242	0.0002334477285990446	50.43467892053645	0.17782017120360782
1.575895007325736	0.0002331970262943674	50.803098843657374	0.11031200372428492
1.5762834952241969	0.00015532567910628723	50.9264473054197	0.11464191474259648
1.5767492224732358	0.00031031840151812893	50.87571686572978	0.11454444221731343
1.5772144508222263	0.00015499307889335748	51.165160663969296	0.10924542240877393
1.5775243263963707	0.0001548825284700013	50.92219895614434	0.18456781228863284
1.5778339810273163	0.00015477213563671913	51.10492365101006	0.116538627040969
1.5784526287375198	0.00046365546416276166	50.63706296329196	0.14106901092388674
1.579147555640239	0.000231457074589174	50.72738078592779	0.1268342982312303
1.5796102232347669	0.00023121062737258843	50.717953502470365	0.1110098625343051
1.5799954034541943	0.00015400377014064003	50.69256596335322	0.11793840835963183
1.5803033018176467	0.00015389462598585987	50.53816450258339	0.14036202658492739
1.5805340824374454	0.00007690643466740721	50.752190548531644	0.1172624708205798
1.5807647404301268	0.00015373119952449837	50.4440111867496	0.13635385702242386
1.581072094095593	0.00015362244121870557	50.568767901441	0.1271715824886815
1.581379230341053	0.00015351383670811857	50.66524521641221	0.11874061220158534
1.581839527825982	0.0003067024351151433	50.48195321731603	0.14351655948193937
1.582529060637094	0.0003827698344745875	50.735842560439195	0.10780183151061586
1.5829881416616454	0.00007647308650977926	51.099992775810684	0.12011814410145077
1.5833703389042832	0.0003056232664449984	50.85199402430264	0.12254440721157867
1.583981155706541	0.00030519372239835	51.04474024446895	0.10606930542295666
1.584362480408461	0.0000762314674943542	51.25147400699036	0.12360356115320828
1.5847434705601962	0.0003046584873239794	51.063837074020114	0.10590617811301482
1.5852002180444695	0.0001521691232183577	51.099319296438324	0.12297520736946113
1.5855044496991444	0.0001520625631428581	51.14165931834497	0.1186395884629666
1.5858084683828677	0.00015195615220541317	51.113851457788584	0.12550198175520383
1.5861881927245505	0.00022773502166129774	50.9985638132977	0.12617489504255372
1.5867192496130524	0.00030327562217435987	50.862320649374865	0.1482493257817143
1.5873253776722214	0.0003028526473182792	50.96291284995524	0.12285444882586488
1.5879306609888793	0.0003024308506352431	50.62638743240638	0.22489629421025317
1.5884595927344418	0.00022654705588423987	50.98445195715747	0.128198253403654
1.588987881109552	0.0003016955267101605	50.97214904745742	0.1191184618250331
1.589590853373874	0.00030127694481098466	50.818267284767614	0.1582645932109417
1.590192989663144	0.00030085952279060047	50.97144498725122	0.12159321159058865
1.5913947634359533	0.000900084417736926	50.75539202642757	0.11847776555494823
1.5928923192018765	0.0005979906980446499	50.810625751214744	0.12577593949736351
1.5938629685789536	0.0003729097997556868	51.195706939593435	0.12337028014334034
1.595054643491237	0.0008181535182890913	51.33378651083611	0.13685604734469187
1.5961688768001139	0.00029674805094902045	51.98827374053325	0.12080838399090132
1.596613770967751	0.00014822210795786334	52.136106195750855	0.10792755076938974
1.5969101139932467	0.0001481210023553897	51.97262342484526	0.1247826528781406
1.5972062550557475	0.0001480200345540743	51.68271239227118	0.19128756955167997
1.5974282283249552	0.00007397219950925711	52.031751204036105	0.12767672873766497
1.5975761476100652	0.00007394700910931756	52.06894652055621	0.11581337467351167
1.5980934683887433	0.00044315386627906856	51.53120180696506	0.12103219395412022
1.5989788729604526	0.000442251320240498	51.14485852964595	0.1772198695697895
1.5998624761126785	0.0004413524430571862	51.19322729302981	0.12021169531396235
1.6011845191787595	0.0008800219151780981	50.94779238190615	0.11042286281688451
1.6024294308852016	0.00036562622129786304	51.02697643148069	0.12545070393637187
1.6036707842727078	0.0008749983265408832	50.82690740576636	0.12222906009704974
1.60512667180195	0.0005813799842985068	50.90175208242892	0.11991766978348323
1.606070388167712	0.0003625737653882305	50.98707823852437	0.1192378432151693
1.6068673188408447	0.00043429086280826965	50.95349232927534	0.1352386935791442
1.6074459876393057	0.0001445708613922226	51.41154290183599	0.11782960989985974
1.6078794837921375	0.00028885325655986796	51.35472660712544	0.11792927169384612
1.608528917812576	0.0003605270435193093	51.43659697544469	0.1213131581454705
1.6092493739610125	0.0003599294568379727	51.66004487182279	0.10959952008676087
1.609681074715465	0.00007191437094852267	52.06470128541423	0.11637144742990135
1.6103278222216653	0.0005744588512390436	51.65681450512056	0.12317078159634605
1.6126196001067123	0.0017143062253859164	51.604024312844466	0.1208642036159031
1.6148993477049207	0.0005684436245126119	51.97324597887786	0.12777335085343342
1.6161056136301428	0.0006377253142243896	51.9068402989662	0.1339124961565821
1.6173791950280587	0.0006358579053551337	51.94522845507561	0.11999837811174897
1.6194232526475902	0.0014063826617380596	51.47578601984189	0.19005315507115764
1.621527719566589	0.0006997921091621722	51.833151180088066	0.11987956513606314
1.6244569456724767	0.0022242817232320834	51.48709428911825	0.12610291540818472
1.631147498101539	0.004449002186532525	51.223028657943395	0.11941347512846277
1.6356416133386769	0.00006774155277002874	52.039804757968135	0.12401363983361478
1.64042482603407	0.004689969027272486	51.09804163074678	0.1287234625864861
1.6497049049312644	0.004590816096697208	51.20179208189462	0.10600396309257945
1.6560849537481528	0.0018095468773670204	51.27358106386027	0.12516330661028374
1.6596890513099556	0.001794592054854997	51.31875117334599	0.11453878189663405
1.6651663275458648	0.0036707805903964095	51.28727558213606	0.10922732442093275
1.6724465263328567	0.0036097591662890443	51.370137116808515	0.11724358603396937
1.786609329097558	0.005742072578743784	51.561381752186456	0.11681322428484105
1.5003064182851091	0.0020814829627596176	50.82314872665559	0.08664139990810714
1.5038351897744415	0.0014635995196038045	50.93792329999315	0.08693316701566407
1.5069803767668524	0.0014712582479915078	50.90220809099377	0.08723073213223827
1.509713853767527	0.0013036031432784405	50.93371118841764	0.08664139389278677
1.5125696547474856	0.0016233206457555796	50.80739199201512	0.08693318463417829
1.5156970867683486	0.0015960471769610038	50.82334564622999	0.08664140298105706
1.5191654847733944	0.0017250780222043747	50.79749727338249	0.08693318197909358
1.5225800376767764	0.0015665572162711398	50.84615727240724	0.08693317472109037
1.525627730758782	0.0016712361000818406	50.800931024003425	0.08723073344510317
1.5295242940868667	0.0020606554207308887	50.69879211055762	0.08664140676008597
1.5330603279180801	0.0016364433641436755	50.77984092096463	0.08723073062320646
1.5359674347085193	0.0013293946427193704	50.8637972392564	0.08723072629059275
1.539333236442633	0.0016742824096193279	50.76019505052023	0.08693317071379425
1.5421735904654397	0.0013756389970628086	50.85186920162235	0.08664140333767181
1.5451957571411987	0.0014870670201076624	50.807293813127075	0.08693317841297475
1.547745263535556	0.0012751656976668125	50.87481059004864	0.08723074617881564
1.5513052435621648	0.0019434050828609384	50.71431703472674	0.08723074023993486
1.5542157182064544	0.0013604897692735922	50.88423271728457	0.08753424322441246
1.5571514583708508	0.0015562546958998425	50.83925163945161	0.08693315978327629
1.560329414558686	0.0015247661227970428	50.84353321711274	0.08723073479346911
1.5632122481938953	0.0012885770391416454	50.91639086038035	0.08723072438310178
1.565658444573181	0.0012932773792680536	50.90768780442521	0.08753424045898005
1.5684232080481042	0.001435324777446901	50.86202063117077	0.08693317466250133
1.5709307390079834	0.0010929009963619772	50.98034122970202	0.08668615972793224
1.573114970416	0.0010639487253457191	50.9628517197669	0.08784383031981076
1.5753505397948984	0.00107016050504381	50.9527742882635	0.08723073540559263
1.5773306800598346	0.0011175884438555373	50.9310063957801	0.08668615641338785
1.579471474719047	0.0011159477434073703	50.93370180543203	0.08664140770825685
1.5822457185407162	0.0014956917034864652	50.80877506477514	0.08753424364180763
1.5851659786320988	0.0015008863016927677	50.811064069977746	0.08848190935061356
1.5879798032162693	0.0013570048827899399	50.84260404844842	0.0872307470096603
1.5909595046007854	0.0015504483816055929	50.749645219803035	0.08693317456392764
1.5939151728034164	0.00132180634329	50.77933416050872	0.08727098860425206
1.596443282049953	0.0013530577943296222	50.76965270635243	0.08753424016253947
1.5989162161710597	0.0009343907112513099	50.9474000994623	0.08697573500308899
1.6010855054223248	0.0012781565266208664	50.80648499878221	0.08723072828824802
1.6034118534240567	0.0009995521885047542	50.90809136279725	0.08693316844081404
1.6053373709200085	0.0010641357027375443	50.86793355944425	0.08753424383096815
1.6075254943254662	0.0010895033931074313	50.880836423595696	0.08693317281391866
1.6097673633612457	0.001094678777695792	50.910139623187014	0.08693316682444828
1.6117794923128486	0.0009106994186541337	51.01753469985202	0.08693317455993764
1.6135650102284087	0.000898053677314587	51.025298416756364	0.08693316932083199
1.6153432173783244	0.0009760144363907806	50.979436375564276	0.0872307362856875
1.617403922129765	0.0011285835228559144	50.912182364973305	0.08693316209875761
1.6201750163427149	0.0013741163750363523	50.81002849999772	0.08753424345668366
1.6225726506898086	0.001059382537032928	50.91707352027914	0.08723074458484159
1.6245750945644932	0.001099677615283645	50.89582752474707	0.08693317321571443
1.626813838053636	0.001080196954774048	50.8872439934908	0.08693315974974922
1.628937919500372	0.0010164507267114765	50.907528811854164	0.08664139865203878
1.6308839002989028	0.0010872429351249167	50.86954598614248	0.08664140331393964
1.63309725350465	0.0010101694010003308	50.89911843518769	0.08693316826192868
1.6350518615660277	0.0009717163937091976	50.924538862889065	0.08693316805321512
1.6372610005875448	0.001233369332833244	50.83078188034523	0.08693316572181094
1.6394623165854925	0.0009971509278821355	50.91806711476902	0.08693317037528776
1.6415222311098914	0.0010074693680326109	50.89078955823679	0.0875342334940917
1.6434726362482106	0.0008981686513923586	50.92755547673974	0.0872307345459741
1.6454375026741919	0.0010216083423600659	50.845918165972755	0.08693317802525785
1.647917371304863	0.0014701811729592178	50.64148487606264	0.08723073177780856
1.650392981976967	0.001240832022686089	50.67985446683029	0.08753423589304411
1.6527243229843873	0.0009004043358171116	50.8173619241967	0.08664139260037708
1.6547872520479654	0.0011294897533080841	50.72873472886415	0.08664141203454652
1.6569049379222842	0.0011368965494849524	50.76441458879976	0.08723073359639552
1.6589385200552411	0.0008169886659056492	50.946541861796526	0.08727099794396509
1.6607932433089374	0.0010548421167037602	50.8253370728139	0.08723074350990599
1.662853283116474	0.000925777178810993	50.88091556726654	0.08664139989133793
1.6650207377071116	0.0013231903016550112	50.70592849700896	0.08753424291041022
1.6675804220426986	0.00119268443865725	50.7442317321529	0.08664139359710805
1.6698559704495342	0.0011473205528507817	50.7464507231479	0.08664139946314871
1.6722193010207476	0.0010741540222572684	50.76814057469651	0.08784383673867954
1.6742228732678486	0.0010180738106314589	50.812402144255934	0.08664138879559002
1.6763221206463044	0.0010162488409164096	50.800673528605586	0.08784384092968427
1.6782884757691812	0.0009471820465543063	50.82674740537614	0.08693318153210292
1.6800533673363662	0.0009769768210839416	50.79548636712256	0.08753423872241119
1.6819481406818415	0.0008250645266374659	50.86466201201734	0.08727099474482702
1.6834434665610813	0.0008176775385840882	50.85494094654721	0.08753424715923588
1.6853718712182486	0.0009801884820075898	50.78337102672606	0.0866861664982669
1.6876344465715043	0.001331177733609685	50.64726644072122	0.08664138842226586
1.6900347388916321	0.0010519005678835236	50.74483237862411	0.08664140004895622
1.6922732138733818	0.0012040612347399848	50.64891352980202	0.08723073558250673
1.694789976478006	0.0012916897861669312	50.59345581943061	0.08693318080423092
1.6977416467347695	0.0016190886749203575	50.46700990890591	0.08753422554873183
1.7010173477923312	0.001550104758589543	50.50098091041848	0.08757211553850573
1.7034956752889436	0.0011574117136323853	50.679161958624384	0.087230731610744
1.7059599402717556	0.0010831651279583877	50.75358237067446	0.0872307461539688
1.7080291490205957	0.0011109878842168123	50.72239974872462	0.086933177960956
1.7101113731133903	0.0009972466175564962	50.74930465158635	0.08664140488708504
1.71243916569271	0.0012090303372093432	50.64110637861499	0.08723073422040653
1.7147743085428164	0.001115037701834177	50.66679068108102	0.08727099279661717
1.7167289820356997	0.0009175314693831561	50.74638690320525	0.08693317642276517
1.7188203502672201	0.0011200797228520705	50.65970983187211	0.08723073052369086
1.7211048313978017	0.0012421767516498424	50.60451216622174	0.08784383180621134
1.7234493078602173	0.0010750000396262125	50.65812960625213	0.08664140147336344
1.726017823693609	0.0012612125431657678	50.55754095928871	0.0875342528808469
1.7282757995787388	0.0012875099475475407	50.54257923686909	0.08664139945714999
1.73107710205315	0.0014804288744111774	50.46469305253516	0.08697573701410481
1.7337523774233508	0.0011754486039566609	50.559989127097985	0.08693317717204037
1.7363253233023124	0.0013095318381186655	50.502181300668454	0.08784382629048364
1.7387949820539683	0.001271389837364452	50.51293912141841	0.08693318648127152
1.741404692656027	0.0012584628916176561	50.50297158720139	0.08693317221781394
1.7438958749540214	0.0013264990891962219	50.482136190393305	0.08693317172853954
1.7465512976838253	0.001343338396361107	50.498197982055146	0.08664139698181192
1.749041912190271	0.0011165254371698036	50.57169157080877	0.08815966818983234
1.751321145817474	0.0010873256724774434	50.574939689397496	0.08723073475854279
1.7535497553783084	0.0011217776691097331	50.55452222861794	0.08697571943300975
1.7558722876832888	0.001267306418117851	50.50023769947198	0.08693316563889332
1.7585603482681518	0.0013207382961833763	50.473781134041445	0.08723073704060673
1.7610568196417127	0.001171066751183768	50.50446538962499	0.08784382461525435
1.7630214866972183	0.000982640997297455	50.58425732918376	0.08723074209742296
1.7650904535902336	0.001062191996365322	50.579381974215295	0.08693316485675863
1.767164623469632	0.0009658049927964325	50.64712271454397	0.08693316306055965
1.7688976085798571	0.0007999708992003295	50.74851486196832	0.08753424123421297
1.7705144738388352	0.0007659624145574939	50.79472306445706	0.08723073518722943
1.771880379666901	0.0006818800565592921	50.83149165322997	0.0866413991101601
1.7735651012004192	0.0008173069585633152	50.72551604134851	0.08668616260416827
1.7751057563563792	0.0008021289560879967	50.73455324938712	0.08664140205781885
1.7769566530653829	0.00110939806311644	50.61440922631468	0.08664141474010868
1.7787777709617352	0.0007819770844861863	50.760210776181964	0.086933171281994
1.780477251331312	0.0009451418106411841	50.65987772900227	0.08693318170155473
1.7823948404114676	0.0008745416450590604	50.67156405633833	0.08753424007043435
1.7841644720253984	0.0009034668754621612	50.65182068136917	0.08753424671025141
1.7862359339074683	0.001233212903152067	50.52882827610836	0.08723073984598151
1.7886025110177544	0.001084807390526943	50.632389497809456	0.08664140590460616
1.7906458510078438	0.0009730475767470353	50.70487150846503	0.08723073580465954
1.7925734397086948	0.0008495634620535161	50.76016273767914	0.08693316813157938
1.7941940224897581	0.0007735148227641435	50.7928126616449	0.0872307312322115
1.7960052962317472	0.0010582783305943136	50.64856660755261	0.08693316071178357
1.7979162884823974	0.0008205274980271734	50.73349842021217	0.0878438395415838
1.7996262351364685	0.0008799940583035672	50.70938809009213	0.08693316269425004
1.8013202243354032	0.0009054788425782084	50.71381306615016	0.08727099631173892
1.8029776802789668	0.0007511154318752426	50.81133436496044	0.08693317049430882
1.8044865032736976	0.0007737669266102166	50.76315994278955	0.08815966123491538
1.806225713747582	0.0009764925320296593	50.64808803820205	0.08693316719260233
1.808142446739867	0.0009073036206851231	50.67973039464516	0.08664139751549359
1.8098353567035321	0.0007200706971235629	50.786818471576176	0.08723073429336518
1.811392902556578	0.0008282240576203776	50.72876581762237	0.08693316688955885
1.8129336234709754	0.000854564645979986	50.70380936139888	0.08664139640734746
1.8149914052531306	0.0009928395886218422	50.61164959832048	0.0872307451614828
1.8168476063330474	0.0011001859081152207	50.5415005977485	0.08753423876651781
1.8186136807908055	0.0007178862026414658	50.71412159838033	0.08693316660326506
1.820540801613081	0.0010565725885954326	50.53668071743324	0.08664139716704727
1.8227038690351374	0.0011096689457102532	50.49220505570226	0.08753423952938996
1.8247422777582156	0.000878757126063195	50.59091307430593	0.08664139614079593
1.826472236335292	0.0009123696088151502	50.57816358389117	0.08693317442516074
1.8283148879841242	0.000886772139590359	50.63551307097828	0.08693316746954027
1.829980906491183	0.0008011015694304318	50.7028232382066	0.08753423839379935
1.8317031033663564	0.0008831156227437487	50.660925539346074	0.08693317534436423
1.8336010453386398	0.00103278707924032	50.578015588113274	0.08723073002297346
1.835518520137657	0.0009021124900357465	50.62247701201671	0.08693316748962104
1.8371933866497225	0.0007730009067728416	50.672643808910856	0.08723073518919225
1.8385986961867515	0.0006102473719957229	50.54449768375731	0.0869548942634734
1.8397666765643828	0.0005461598799500817	50.60374549000247	0.08378645676543932
1.840849178510994	0.0005416327995030053	50.53135696022008	0.08676959645010565
1.8419774331271057	0.0006076243218046688	50.47834868061652	0.0866413894703901
1.8430985628213454	0.0005283311189085008	50.54578047179823	0.08664139121425407
1.8441937566632527	0.0005594796180034943	50.51921125710495	0.08664139793083296
1.8452861956162625	0.0005256764953251893	50.556916898906465	0.08572127229165952
1.846350873659374	0.0005254318951443634	50.58364698849108	0.08469573160607352
1.8474337470594775	0.0005324428301672931	50.550552914624305	0.08600329614829695
1.848547120871125	0.000533154117342274	50.491487829345	0.08664138869529303
1.849556243502966	0.0005691715913292677	50.42736125318606	0.08664141485771026
1.8507075473016026	0.0006430093213216547	50.30484230904644	0.08977582066527715
1.8519731419735597	0.0005876242847689067	50.43630728507652	0.08664139684172527
1.853208379082008	0.000618793441997261	50.22334275151468	0.09555251314959387
1.8543500544164617	0.0005209601419876207	50.30096718620356	0.09376506365891185
1.8555887649544545	0.000638884479036875	50.36161330053184	0.08664141356552252
1.8568259878059479	0.000720516679994147	50.311909095256	0.08695491331918971
1.858248406376978	0.0006877301383403123	50.341702090899226	0.08664138779637241
1.8595852902388206	0.0005602233985479812	50.22790716788349	0.09766001420357906
1.8606215785335931	0.0005417382200579011	50.26314335728158	0.09424969558726519
1.8617137687036065	0.0006238995754669265	50.198826976043975	0.09424968795950593
1.8630460631181585	0.0006571008155272274	50.17146299503112	0.09424968103886693
1.8642782584929698	0.000562205158820341	50.23477510119582	0.09424968587961338
1.8654351389949761	0.0005946314702576605	50.21938594098948	0.09376506720712545
1.8667441470744426	0.0006405875438509925	50.17820676379448	0.09424969603332468
1.8679738445263583	0.0006794437315945047	50.15334667659527	0.09424969690113519
1.8692930346390195	0.0006002503552438278	50.204672151033876	0.0942496855440812
1.870789595698077	0.0008297729348766673	50.059765570429406	0.09424968459725752
1.8722476246869575	0.0007012733845322265	50.12874583978664	0.09424966761483006
1.873755589748637	0.0007487599639767679	50.0978400591071	0.09424968581204518
1.8753773182562292	0.00088833715711708	50.022368967054575	0.09424968384176238
1.8770338146523016	0.0007897570296489716	50.06710937667098	0.09489138511936787
1.8786336920929099	0.0008091133272222214	50.0554666428839	0.09489138724458357
1.8801486182082878	0.0008593416376318525	50.03376949377257	0.0942496868588809
1.8821193719234057	0.0009360994996168178	49.99122316120847	0.09489139262178584
1.884262782323416	0.001088172411649883	49.93032942539114	0.09424968891035282
1.8865154371235917	0.0011395687082049414	49.908224227983055	0.09424969236415433
1.8885597507851974	0.0010746210660903812	49.92987667856776	0.09424968987233379
1.8907451080031956	0.0011134645787999264	49.910936315646566	0.09424968202616324
1.8927696544808632	0.0009602647354689951	49.971843840488575	0.09424968575100544
1.8947736166999114	0.0010882633630390512	49.91629583481553	0.09424968614337816
1.8972359643977335	0.0011201282210825945	49.89564492792582	0.09555250355671899
1.89930068943268	0.0012384788538665095	49.86369513285496	0.09424968652927565
1.9020641517340402	0.0014323648241825998	49.799524134696156	0.09424969056227293
1.905201791956896	0.001712473158013929	49.71567664058661	0.09424968184224947
1.9085048965036142	0.0017004015489475652	49.69682378995413	0.09623377851146443
1.9117328493498427	0.0015523905410181446	49.73028536423168	0.09623377627127136
1.915018879876495	0.0018370779412393158	49.6651669009942	0.09489138444608138
1.9193302073534162	0.0020410099269653316	49.621511051237405	0.09424968778474588
1.9235712302493746	0.0023240031132865254	49.56252929669593	0.09424968174672696
1.9277211060043147	0.0018697010966015294	49.643830901000555	0.09555249635234457
1.9319584107150116	0.0022478797777421796	49.5674196883441	0.0942496854223649
1.9360801613865695	0.00187984612304809	49.63388425254411	0.09489137368075796
1.9400321032578365	0.0020753990773292826	49.5897192701854	0.09424967621483259
1.9446190455779426	0.0026438988974039554	49.47875122994304	0.09424967694166703
1.9499718272231283	0.002214858004010843	49.55174808966577	0.09424967356141958
1.9536908135189326	0.0020298700432050706	49.587099572580414	0.09424968301854049
1.9584780465228282	0.002670381094525774	49.464153766424616	0.0942496838740153
1.9631573211789481	0.0021119769590075147	49.56038389854302	0.0942496893332495
1.968385354287928	0.0028958842764537935	49.411900478578616	0.09489136776091933
1.9740611582416592	0.0028435226795288366	49.418570750879006	0.09424968952780265
1.9792079272077485	0.0024683674987076238	49.46920880043017	0.09555250270572038
1.983946734577514	0.0018583349896955882	49.60181725608081	0.09424970213298416
1.9867792793013108	0.0012041771363802969	49.79157358246534	0.09489138086587982
1.9886268791626112	0.0007580555930685308	50.015883451109275	0.09489138492592655
1.9903289766110306	0.0008493831754240517	49.987750409675655	0.09489138839112862
1.9915276825742319	0.0004507606799881156	50.24728858002342	0.0948913845478829
1.9926933184005655	0.0006378583907302259	50.06879897223064	0.09489138984443826
1.9938617724408378	0.0005945761889212005	50.09047624388997	0.09424968733790255
1.9949530545908445	0.0005227432285108973	50.17511606271401	0.0942496749090718
1.9960667123281421	0.0005856568729687588	50.14039108255113	0.09623378205765427
1.9972010936795033	0.0005200443432086402	50.19593222983589	0.09489138543925875
1.9982428782778414	0.00046809426835075807	50.223353406173075	0.09489140332301553
1.9993334827747886	0.0005988600511653475	50.10647508178662	0.09424968149877161
2.0003219055638053	0.0004475754798006029	50.222518369886394	0.09424967483504175
2.001248246517045	0.0005728727698065774	50.106198756292194	0.09424968769997594
2.0024667181352935	0.0005115939220114381	50.14426654709594	0.09489140734514326
2.0034349738262054	0.000514085143229867	50.12707584814331	0.09623379757191748
2.004459031373871	0.0005092523748473555	50.14184670665684	0.0942496886521467
2.0055066961970094	0.0005398221181381646	50.11235607780135	0.09424968723714912
2.0065273279292843	0.0004657383061849058	50.17291509037901	0.09424969022841267
2.0073714687733677	0.0004979335564718722	50.1432462759381	0.09424970574668769
2.0085040128646043	0.0004722355198887182	50.174282804860574	0.09424968995905737
2.0095448405963428	0.0005806477973832848	50.09204866559264	0.09424968732316141
2.0106774513415995	0.0005741367766417523	50.09643869778353	0.09489138594510099
2.0117330361565147	0.0004160222708627886	50.24168145758448	0.09424969208907545
2.012577082573537	0.0005694979994704055	50.10514148919456	0.09424968675819563
2.013886161704476	0.000586213906988949	50.08093489198926	0.09424968184493503
2.014871753214851	0.00047031265139212087	50.16693390351358	0.09424970126764043
2.0160075040408767	0.0006496641401911626	50.01705916957027	0.09424969122611251
2.017092448237427	0.0005157607582953948	50.117396856898964	0.09489140982845583
2.0180539488814033	0.000495664164554915	50.143649823904255	0.09424969632097605
2.019405442277976	0.0006536995759942326	50.017401801617126	0.09555250022428528
2.0204093267300514	0.0004943797804131223	50.13912843439795	0.09489137171678387
2.021456873679534	0.0005349843967665576	50.094799995629344	0.095552503748196
2.022765889340666	0.0007549191184080794	49.950371465453735	0.09424968314285234
2.0241166682405067	0.0006134141967056087	50.036961910888316	0.09424968798530531
2.025372143204183	0.0006178565590580358	50.030573515858606	0.09424968365359708
2.026440858086732	0.000509597901543497	50.11161055047964	0.09424968435950067
2.027725347059826	0.0006646404663303617	49.99558546123007	0.09424968678515303
2.0291607380188514	0.0007247229115357787	49.95718733278942	0.0942496863193703
2.030577758346983	0.0007598785788288456	49.925701599174396	0.09555249701203598
2.0322076845404298	0.0008555685559181855	49.87730256684431	0.09489137711963674
2.033888382863106	0.0007615543600752517	49.92634887017905	0.09489138723304154
2.0355909230782427	0.0010121072561658385	49.800455178991626	0.0948913839728119
2.037315023809671	0.0007146005949911232	49.955271577185286	0.09424968423695265
2.03883157073183	0.0008513189680120207	49.87897799123135	0.09424968113694972
2.0404308689381354	0.0008795300779221568	49.86485307980871	0.094249686934995
2.0422926233889607	0.000904982126168612	49.852058799925175	0.09424968057609792
2.0444174117473497	0.0011602294078248813	49.74203573598552	0.09424968680855572
2.046489772232032	0.0009462541365361881	49.827258798689826	0.09424967917209685
2.0482603025851507	0.0008762591786799713	49.837896767514884	0.09693600581122046
2.050354860075225	0.0010590958701775105	49.76757003215486	0.09489137981371915
2.052305725743486	0.0009453455742631476	49.82145756309323	0.09424968563595193
2.054187145084487	0.0010090917459016791	49.793693225348484	0.09424968431539335
2.0569934376665917	0.001659219637370651	49.573624886747965	0.09489139323896174
2.059789366123825	0.0013890097000594467	49.656691247405305	0.0942496936445769
2.0632487138472153	0.0018215022848643882	49.52773610797482	0.09555249607187846
2.0663240407019168	0.0012017875445979518	49.71575917972676	0.09424967605993163
2.0686435114058015	0.0013309840814577146	49.66945989391381	0.09424968860067101
2.07163384327824	0.0017854298360640505	49.53439216494782	0.09489138419288116
2.07542147902185	0.0014118806303746805	49.63682318929098	0.0942496903825397
2.0782532138487775	0.0017052488241810298	49.54544894724202	0.09489138013974575
2.0818565299181127	0.002166380747993275	49.43559147637117	0.09489136269171142
2.0861750229774687	0.001892881537674612	49.49215488319544	0.09424968976623327
2.089630125100254	0.0018356089601432991	49.485625475453716	0.09623379070064916
2.094307294397865	0.00259050658116376	49.339555712843755	0.09489140192796379
2.0989917371263114	0.0023914008776582023	49.19654771669537	0.10477922993452421
2.10375185271835	0.002011455104312446	49.258651586086806	0.10608631167136479
2.1075403311611907	0.0018797164241138994	49.2840318761712	0.10608632970292174
2.111923190607523	0.002851782634085481	49.27170016631708	0.09555251041501997
2.117547197411646	0.0025577015324315245	49.14703490575441	0.10477925530899637
2.122705543940496	0.002657159984915124	49.28920120690644	0.09542152521282346
2.128637933703147	0.0024028659515204333	49.161231317429866	0.10608632518356428
2.133068316339447	0.0026386830892044	49.11089594251653	0.10745042957295109
2.150437194123386	0.007786869563160598	48.94502966624515	0.1192266228969816
2.1699560006558523	0.011166970078677847	48.8603454759885	0.11289737502548773
2.189916928534443	0.009480453646889217	48.87558321552551	0.11765427597372345
2.216442102721909	0.01560769970868075	48.65631325933276	0.11922664846372022
2.243644871486588	0.012565657505712115	48.7395243279525	0.11765427158907714
2.266039606472224	0.00994496968282983	48.834300899870314	0.11652228460351137
2.2943116504838583	0.014909173451681395	48.666870377629934	0.11447718505838185
2.318890831297855	0.011447489323464326	48.731477906770024	0.11765426764997487
2.3410739391111606	0.014223845730429405	48.547293450571736	0.12042175293505467
2.3751687388567406	0.014697066762842758	48.46961558547497	0.11729131988825506
2.3986245037436875	0.011725752254962009	48.50993267752601	0.11922662854765645
2.4287455344320352	0.0177775625727751	48.290856527562475	0.12042177700722283
2.4625211372958713	0.013916816135832712	48.35880986469468	0.12042175883231276
2.485532915865734	0.009599139473433155	48.539799140784396	0.11839172712827613
2.5121296514328715	0.016929356362501372	48.28901004005292	0.11839172601208492
2.5430912530936873	0.015764450795017645	48.312782834625025	0.11729133314047459
2.5705331027441596	0.010359410332950295	48.453277975816846	0.12001899559364704
2.5917984886130077	0.011743243177234122	48.374332654007134	0.12001895563661144
2.61980807935224	0.017615675934952474	48.14077439504201	0.11922663537127834
2.65250739022874	0.013070368234361971	48.19935099380255	0.12001898973952443
2.6773922574002555	0.010799721485787624	48.328478134667094	0.1141629795124315
2.69417917200198	0.009648028514806176	48.31806133406695	0.1192266125263874
2.7154974925861333	0.009539269428999542	48.32319620518028	0.11962061231566931
2.7443415083235703	0.01851251664634481	48.21399487010243	0.1032393138235653
3.2483919284164484	0.0035215109221823017	47.738393338848866	0.12016076203014477
3.255135622954217	0.002447509929730138	47.88882698284381	0.12049950101122907
3.2605962511564703	0.003121812652286256	47.78272137023942	0.11982517441750767
3.26769748951762	0.003269379190661369	47.754162510903	0.12049949583426203
3.275153380640499	0.003798044685454393	47.70974339021725	0.11815154090574213
3.280228018578162	0.002502590155175638	47.87318270365963	0.11916329021290405
3.285961888954712	0.0030397182049963565	47.81837060355247	0.11723299692778263
3.293196184290329	0.003830308018849111	47.70927636929734	0.12016076507848968
3.3000004190016887	0.0037705815765680384	47.85986062905636	0.1080292757447895
3.3828754328921136	0.002811729739401741	47.66833381868983	0.12049974225628741
3.3882995171028196	0.0023265326834678714	47.76801479111238	0.11723302356612293
3.393680521322422	0.003335623209431014	47.568196223585545	0.1218872135774584
3.400192896322055	0.0027017307555795996	47.70659699795843	0.11601515660341397
3.5707905655959085	0.002612955231778562	47.54026277479272	0.11945090395001658
3.576945687157666	0.003305296099332008	47.42051172199853	0.12168654950017212
3.5823059250550715	0.002256515492988475	47.58507764986899	0.11914258705405398
3.587294902064585	0.0022307609219311643	47.57013419409582	0.12039219789995613
3.592571266422545	0.00290714975687441	47.43882617274447	0.12135867464421188
3.600681955996248	0.00432592898320109	47.29853618265275	0.11787535633210186
3.7513325119848364	0.0028302943373848463	47.29769531211741	0.12196466044744587
3.757177537374772	0.0026319785300535975	47.212895747339545	0.13426054123382491
3.7619573403282933	0.0023174544129571074	47.27487391249787	0.13233234809489136
3.766811135139469	0.0028567784623422924	47.30710194173561	0.1198072334640635
3.7738324742607094	0.003490426220170101	47.24018897629617	0.11764543358374055
3.880736680841606	0.0025115551920985653	47.24632134484136	0.13359793150910335
3.8848941891937097	0.0023201924426046214	47.286179124473335	0.1329583701162703
3.890551304988838	0.0029984681575399115	47.15782182300547	0.1349052806538078
3.897444973788188	0.0042989633113799	47.10585269740944	0.1216100816075902
3.985565591256755	0.006468926449103198	47.00160558895995	0.10736011124232199
4.191374740200771	0.08498707725032531	46.52579016059728	0.11794278424970206
4.334884036144678	0.041398491538911585	46.36376869452739	0.12512584552610936
4.460092804707082	0.06091470458421935	46.04297723491271	0.1270746866488737
4.644499382264697	0.1074005222468572	45.648592980024304	0.13846985274478144
4.992242291817788	0.49927650475563057	44.806174460603394	0.18195374632700606