1.0087414424283065	0.04005531494921967	50.83446832671186	0.09691453570493828
1.0518546268805475	0.004772361947000905	51.15613819113489	0.11095095708839704
1.0668638131152277	0.010142543260040316	50.87230764736583	0.13353577925780738
1.0866894138010674	0.009689944019213947	50.933679327849475	0.11141499608708504
1.0978210965998012	0.0015455014085021073	51.29697551103902	0.1140985662542756
1.1026029012767236	0.003226997968733979	51.15434431674943	0.10822841059965735
1.1171333446238547	0.0111692383916176	50.85862185803468	0.10641386971086039
1.1335721216513925	0.005377182638584207	50.96323127649825	0.11317824496780295
1.144349794111017	0.005399657862755349	50.76566669690794	0.1599243496219375
1.151692613626182	0.0019719628594049394	51.150856935936574	0.11075920768919535
1.1568196717820731	0.003148093446795183	50.82252255719206	0.17545778665225872
1.1614421696076485	0.001483220853147671	51.18644676673023	0.1121694066752303
1.1754526486234802	0.012350763196204095	50.659778704157944	0.11992116657806311
1.1883287030162357	0.0006970907078563585	51.308206974472306	0.11001351241365359
1.1940075559982248	0.004953850968288276	50.89451946429524	0.10126297601202387
1.2005629657914638	0.0016265457102368139	51.13935966718926	0.11149897139555143
1.2108765297049624	0.0009265513702645168	51.315611680328665	0.10989714500605612
1.2139102919125362	0.0021030891513082292	50.90943270452085	0.18763424265487494
1.2170535234904216	0.001043961435425219	51.30104139119627	0.11385167415474705
1.2227576866757488	0.004636527141825385	51.10360711505568	0.0953755215722348
1.2299108287854454	0.002533769821887534	51.19892881436706	0.11127116118680955
1.233443698012084	0.0010052967564810984	51.35150449222366	0.10758431782258596
1.2368233899553265	0.002369071691828348	51.01958587068398	0.1271651644005752
1.2415358732921455	0.002343504112708702	51.002676577625905	0.11112492831090055
1.2446085359898222	0.0007348364776275152	51.197897289951655	0.11249668027481295
1.247537979695263	0.000729896469611995	51.236150980564055	0.10043704066397684
1.2499641782559396	0.0016936039182555928	50.834737914035934	0.17511162699576624
1.2533382454052693	0.0016804971591140216	51.08044921953948	0.11276887114960171
1.256686301097682	0.0016675917079276316	51.065775697165385	0.129431993725394
1.2587065277862655	0.0003556826813090504	51.52774446138847	0.10721875778939109
1.2602450909033025	0.0011814161447512427	51.051787290914284	0.17336198825126228
1.261542708077017	0.0001177891490449267	51.80997622739761	0.1126904958555316
1.2640092626783033	0.0023424413473206655	51.228631466915125	0.0897887812133235
1.2668111346100286	0.0004654755235402173	51.44738250458542	0.11185322282113522
1.270288244352864	0.0030014637045045495	51.075750455827794	0.10344341857849215
1.2851536626334021	0.003904472551453047	50.967854961334574	0.10347578807694875
1.2930028048175934	0.003944097917162704	51.06322584457661	0.12759744083607083
1.298230017819224	0.001298970297674461	51.541206076058515	0.11344970960884634
1.3023240659007107	0.0027880289204872404	51.58141166400754	0.09937152866549456
1.307122889859289	0.0020150169488042822	51.821090582417945	0.09968876561665324
1.3098715648425658	0.000737690970326426	52.126586798816945	0.10234986174758887
1.3116594149900251	0.0010495148243861924	51.95188065284607	0.11333611057022416
1.314483900390174	0.001772609258545054	51.770939694871124	0.10837228626244917
1.319872431368295	0.00360448817697054	51.488264439783364	0.09733371373404923
1.3237683487911127	0.000306196976699711	51.8283521295814	0.10711128779314977
1.327528453674491	0.0034403169544942065	51.04591005232861	0.1451478709465147
1.3326585103236153	0.0016999588290258175	51.17774124471695	0.110307997344111
1.3377286755189992	0.0033604561588096355	50.84734063328001	0.12801766877130477
1.3444954333694281	0.0034058114667328884	50.85168669462996	0.09479536237190857
1.3496224226837659	0.0017310040132854536	50.8247700549536	0.10805585138101545
1.35163724641775	0.0002871653267583766	51.13365646489632	0.11166531345413475
1.3547846326821151	0.0028509172672210527	50.52571286309612	0.12514753333506648
1.360449362055312	0.002813972734001579	50.57656821161286	0.10765341595099492
1.3660411537530055	0.002777973466607912	50.48648074089213	0.14625339696595036
1.369729412621762	0.0009181604463000545	50.925862415721305	0.10667581388261063
1.3763807887472796	0.005696495426840327	50.57799155003946	0.10954874879012426
1.3839104634272217	0.0018661941498361247	50.90577959062285	0.10855674782527237
1.3894732667830132	0.003684885655668194	50.84733024328035	0.10385751370486665
1.400475121519047	0.007270960688128749	50.71829394162164	0.11938300160395175
1.4147788837390416	0.0070353876867321075	50.77628953253198	0.10234173574599856
1.4355460515292657	0.013571579271116293	50.55267647173714	0.11397254465802446
1.4507423463128237	0.0018285923045725837	50.99985851592517	0.10651821919039126
1.4621717091445112	0.009499182967255802	50.645866989728034	0.10101881267193528
1.4719314639756589	0.00036281608499710806	51.3004122132784	0.10697125380141598
1.4809084452498866	0.00852944539378373	50.597369786977474	0.11031613057133233
1.4907471727432204	0.0013897312242379658	51.01470984866536	0.10270574608665234
1.5045614053415903	0.012250617355135397	50.398965687909026	0.13404752988913626
1.5283964486496053	0.011596393175854038	50.54454829933782	0.09646606974951595
1.5509911496236857	0.01100850212829441	50.425871779589045	0.11850460628749386
1.5724682391867892	0.010477342502534119	50.50970693663562	0.09489460781103431
1.5929330876083485	0.009995080418852734	50.29854906654186	0.12159443718318647
1.6060239541721253	0.0031972403744954816	50.54945236286291	0.10235498262981149
1.6097381402829343	0.0005283355720495898	50.88363262276266	0.11081039853983543
1.614728546116889	0.004439544075107588	50.34275775215392	0.12334335046765708
1.6235180868927666	0.004350596750958971	50.38598058773355	0.10316358955450138
1.6295666065585834	0.0017161699879368621	50.52528061037006	0.10940569986574271
1.6329854542483897	0.0017027130130343178	50.19195494041898	0.219307864415905
1.6355320428905675	0.0008463789835359556	50.68800340673853	0.10821609605173542
1.6378657504392065	0.001485605493364325	50.42501334832387	0.17979836298847157
1.6408268438262064	0.0014755108359612822	50.77880743263693	0.10850334225173411
1.643865577129319	0.001562904326996357	50.725081634296586	0.15387578417472736
1.6455229963087192	0.00009730944413224677	51.55558997552989	0.10700237591547114
1.6463493399238343	0.0007284335018363962	50.91740032721819	0.18174173139843863
1.6478037688092813	0.0007259980974725081	51.20450108753615	0.11187213063153159
1.6499763199530277	0.0014447507451224612	51.13775492568814	0.11243705769573413
1.6528562514720613	0.0014352018833475519	51.09501908013807	0.15797394913396778
1.6545750878699583	0.00028590658284570074	51.70231590515166	0.10995064774990271
1.6550513376180107	0.00019039548529273733	51.80017870530647	0.11267508521585437
1.6560972523256487	0.0008547187774253331	51.40329646209929	0.13766903523547497
1.6572353847430894	0.0002841605979670665	51.66791105293051	0.1090259939774144
1.6588426503172466	0.0013211842062223634	51.01973951463818	0.164706414219
1.661477012733628	0.0013131943664793728	51.03332061085801	0.10143684151632763
1.6631154113291386	0.0003270624013139023	51.170970995384586	0.10770946240633704
1.6649803294967187	0.0005117529419706936	50.968632337266456	0.09763762271683667
1.6677165484503664	0.0022190785796685282	50.333551815075545	0.12148159197822656
1.6704815758980813	0.0005512488068980326	50.67675383875803	0.1131869150632854
1.673958860254217	0.0029165478504072136	50.48116670241039	0.11264523766407283
1.6770014385203749	0.00013575874312250736	51.317391003236565	0.10456352024814349
1.6779507115069232	0.0008127739691759437	50.804789225004384	0.15512179996097558
1.6795732248300834	0.0008097431310466636	51.032424329236775	0.1103208465932046
1.680786144201357	0.0004037423974784154	51.26711170842156	0.10848440652669915
1.6825321800025361	0.0013404081724972129	50.81058440625013	0.15805243419007053
1.6840041317295573	0.00013358728251355002	51.49308733258059	0.1081087096365063
1.6853823444919058	0.0012428642017625698	50.97382712144565	0.11117629851247257
1.6891390303210954	0.002508325063550906	50.88056632855242	0.09622717639608303
1.6923833043851881	0.0007425293237361845	51.045925972330224	0.11146482671053808
1.6953866908574646	0.002255613291877242	50.762876052502854	0.10733365428585252
1.6979384331857825	0.0003018614119976168	51.13308746090034	0.10968012774339973
1.6996169844878648	0.0013746147072381707	50.77007386255046	0.10720713608155338
1.701674027242103	0.0006840596089235665	50.86243301118064	0.11039569086187452
1.7034234019391503	0.0010645464084957546	50.7796605959119	0.09819153913781331
1.7055896649536257	0.0011016196535098626	50.78304186116142	0.12591743154594864
1.7069011523205262	0.00021121115153863992	51.35668074309915	0.10658125660994652
1.7078294884884135	0.0007165845251999944	51.052407223714994	0.14415350660466894
1.7093023093592086	0.0007561678144581924	51.32809004826661	0.1112510076267828
1.7103512746167486	0.00029335585308468723	51.648636541628626	0.11174034914591095
1.7116484826980956	0.0010027917477468903	51.53138618295679	0.11019910278620348
1.71298348439396	0.00033323798132487765	51.95453963917642	0.1050914276104581
1.714480472322927	0.0011623195734396623	51.705192288332746	0.13835927464869197
1.7158895719360876	0.0002482616690510887	52.21293647243936	0.11311400221928156
1.7179946859161563	0.0018529590440549385	51.73236222361613	0.08867769647799283
1.7203354478975776	0.0004914663532190704	51.755498993899515	0.10231984758448329
1.7208675437074272	0.00004090538161572747	52.199992831072024	0.1126873576990936
1.7214398417861587	0.0005310696746563526	51.66276155124965	0.10089056210007646
1.7225006844332533	0.0005297740242106484	51.43588228249806	0.13370413354895005
1.7230708358716607	0.00004069838318790759	52.04283972243163	0.11106617797302057
1.7243306567257592	0.001217414837068293	51.25040648966037	0.09891590237938104
1.72574865657703	0.00020224106337755334	51.45917044217356	0.11369593490919004
1.7263549563616944	0.00040391784069230283	51.153680089280705	0.14178105464592802
1.726960410885252	0.0002016775634494034	51.4325754042086	0.11042739871090615
1.727766372829763	0.0006039109143420655	51.23530994592919	0.10428619133451142
1.7289725182257407	0.0006022360281679138	51.226722232182375	0.1146907969381128
1.729975086825823	0.0004005649133766676	51.33733427281004	0.11113521895608475
1.7309353801619083	0.0005595522518866241	51.28970723915894	0.11298301003689189
1.7317340057714867	0.0002393675292157424	51.48392277357939	0.11361776401618714
1.7323320126898025	0.000358557234130897	51.45444252916989	0.10468047420921231
1.7338829879422226	0.0003969766883174935	51.430194963422935	0.11162936945028222
1.735072288091398	0.0007917821375523004	51.27869188670898	0.1211198560288811
1.7359818843454602	0.00011851883196255692	51.75508954061071	0.11167278174315313
1.7376379863549758	0.0015348806570153115	51.286982071731096	0.09923949170389876
1.7396796871552485	0.0005092272754925988	51.48668666377472	0.11025943502699458
1.7417508211472623	0.001559398680985403	51.29054065447481	0.10683225867484789
1.743462781038966	0.0001553263735073649	51.81099648765699	0.10561619075879378
1.7451680189949088	0.0015471768718611032	51.32653888504251	0.10673610090406148
1.7470976967093144	0.00038507940814585953	51.61713005643079	0.11344596780171133
1.749402048923995	0.0019152080027111983	51.27399180141132	0.09786537010940306
1.752303451730111	0.0009892769463476262	51.245815621638414	0.11244884410639622
1.754012295472886	0.00072009417500865	51.28300559029722	0.10376428779945485
1.7557521914736345	0.0010192003521388973	50.8114085228419	0.21102958890197912
1.7577858233840091	0.0010144389903480322	51.04897916273782	0.10942566599054374
1.7598847647293474	0.0010843293808648947	50.79916547592704	0.14998265146253167
1.7610423314042656	0.00007458228015307501	51.45874926734394	0.11401570457273667
1.7624199164059546	0.001301056390806287	50.79236819395531	0.11454391588712118
1.7639783844451826	0.0002592791820331341	51.19727602258881	0.1012486915689585
1.7645336275988632	0.00029594046492421384	50.90596106350631	0.17718074717888663
1.765125105571037	0.0002955376895495598	51.11496040212814	0.11299266125278837
1.7678502612450178	0.0024229344597517057	50.676088803279015	0.11481516958643015
1.7710688841523896	0.0008016813658160659	50.96275856348865	0.11308021730748817
1.7752033090484307	0.003320721933090914	50.56256766676727	0.14919205782098538
1.7792272277070813	0.0007152382967846133	51.07670636727616	0.11180233312501303
1.7832850695426505	0.0033303568919111257	50.59743039708651	0.16538834762094362
1.7882520923838143	0.0016462423048062684	51.00633309363543	0.1074485995238835
1.7899998922794427	0.00010465725864491347	51.605084222499414	0.11381705919029331
1.7956493648803264	0.0055095814799691195	50.70816402368861	0.12277615439948934
1.8022110424591484	0.0010853927796960201	51.05469700648824	0.11380455064847299
1.8148136885107302	0.011367197321645473	50.48314712819407	0.10940567431236468
1.8369730182615802	0.010801748696495849	50.352990930797574	0.10757526799832201
1.8782773164824218	0.02957918634793841	49.80035748325968	0.0916754764046196
1.6890334037894736	0.0007856928645460255	50.82625430361044	0.06406152037436395
1.6906480016881247	0.0008112817734525676	50.81646786641389	0.06406152769283457
1.692094932577617	0.0006763690359688643	50.90283877971947	0.06363531199672902
1.6935327025043976	0.000748190234787284	50.86539169028784	0.06363532671550941
1.6950786036359515	0.000800876885053398	50.84448928620266	0.0636353412438569
1.696727143748885	0.0007751397578528119	50.858959178992066	0.06449538582842414
1.6982229521520984	0.0007875577795202182	50.82806528251962	0.0658447867108758
1.6998209809407316	0.0008168676116393172	50.80765443224915	0.06449536077346014
1.701513671168863	0.0007987206847880433	50.795971289110064	0.06406152647075408
1.703005899130618	0.0007469647712397369	50.801544525679226	0.0640615048905183
1.7044654063759794	0.0007497686816802767	50.813869982681936	0.0640615199699598
1.7060660659122338	0.0008147280341318933	50.79821205283976	0.06449539790141857
1.7075954816848156	0.000668469777923432	50.886659528345184	0.06406153928099928
1.7090501802486537	0.0008059965534908226	50.79077761320086	0.06363533764035544
1.7106508133430673	0.0007862798111640617	50.80800702785064	0.06406153204003298
1.7122893784632613	0.0008323414331248559	50.81793204443478	0.0636353234468684
1.7137991509954742	0.0006808166213845713	50.737422909064975	0.0736595502664061
1.715175232481016	0.0008516959578493554	50.76008902619022	0.06656699274456651
1.7167349072239313	0.0006741651135901283	50.73680753033922	0.07531937163720612
1.718260195534112	0.0007849687063348204	50.84495499889084	0.06363533473781588
1.7197042743154993	0.0007095611373429338	50.71177151733647	0.07478631769949748
1.7210924650328328	0.0006786777562444025	50.704053195002636	0.07531935760098363
1.7226819923035754	0.0008890378527916775	50.723915644738504	0.0658448269739815
1.724261664403504	0.0006747579062032141	50.847257790049056	0.06538682397137265
1.7256576385658882	0.0006786609842686449	50.914067790913066	0.06363535087104805
1.7269261243504084	0.0007351727566538578	50.88352888041297	0.06493706996085921
1.7283959965943452	0.0006703750438072633	50.751117783599156	0.07259695436740761
1.7299290194218897	0.0008683165507709674	50.76197141737592	0.06363534014164403
1.7316781497561657	0.0007940044181369829	50.80835144576788	0.06406153904496897
1.7333328269055643	0.0009917123358062392	50.76175014597306	0.06406151613136712
1.735161354447785	0.0007005834993289973	50.75875764862453	0.07365952778327009
1.7366233873303938	0.000919137586253964	50.814399053212654	0.0640615227225625
1.7385638305603295	0.0008580954577962899	50.82184965474003	0.06406150667787829
1.7401025315928487	0.0007239643638371539	50.88339520296524	0.06363532156355953
1.7413354326585417	0.0005863096474739301	50.98265132534365	0.0636353191678976
1.7427788066824412	0.0008809218699863119	50.74901078552787	0.06752066538377641
1.7444847900557496	0.0006876406777441233	50.92067473332396	0.06449537851475758
1.7459177522629483	0.0007181963345825483	50.90590542260744	0.06406152543005013
1.7472074304768688	0.000736278308149145	50.72100543326183	0.07447885192314758
1.7488060104113554	0.0007374088244283521	50.87448816594231	0.06406153646326822
1.7502553927770577	0.0008305243781527986	50.79998545812894	0.06449538742717577
1.7517971034583941	0.0005980679662198587	50.93485649148762	0.06406151253398806
1.7530086898633552	0.0008100808063421132	50.693680109649506	0.06985928569871211
1.7547544948999927	0.000718864601339163	50.64688594739053	0.07531936061388701
1.7561559090929881	0.0007250340980474581	50.81871656796644	0.06493709267162658
1.7576148379732448	0.0007282405631464367	50.81650644731382	0.06449534672568132
1.7589845868859824	0.0006388336568415532	50.69705009279393	0.07365954043660293
1.7602454348742027	0.0006360476876308948	50.683339226185964	0.07447883778856414
1.761549194999934	0.0006360035059798557	50.88242114614802	0.06406151399720829
1.7628026300360777	0.000677810404608974	50.88708569188042	0.0640615090758607
1.7643763807637325	0.0008492866578912071	50.82752977937975	0.06363532841898446
1.7659923809938824	0.0007991250001275924	50.82496718060085	0.06363532913633804
1.7674921801643038	0.0006650195107102913	50.87055275877774	0.06449537492712357
1.7689263984757782	0.0008157166116662675	50.759848747962	0.06406149866412456
1.7704818025212052	0.0006923855161645111	50.80393673555385	0.06457903823438145
1.7719080163862047	0.0007055725979116735	50.78200621655985	0.06449536697357056
1.7733005602575438	0.00071418982453235	50.784947419376586	0.06363532491096036
1.7746416718485443	0.0006668109009374606	50.825394238630636	0.06363531436867662
1.776147964773367	0.0007500410578346957	50.79826556693633	0.06363533650332642
1.7775467468221384	0.0007296789198020684	50.818629751269	0.06449537126772328
1.7790233369391988	0.0008050209330611793	50.791032450231405	0.06363533472841915
1.7806589180497512	0.0007592218139582379	50.82214640934944	0.06406151990892384
1.7820237269922337	0.0006289230787226473	50.90674427435937	0.06449535118618507
1.783394886575766	0.000734087189003062	50.8457506336044	0.06449534377552289
1.7848058648326122	0.0006990485155075693	50.815415934244584	0.06449536803913178
1.7861260464813498	0.0005605332596595441	50.84000674351093	0.06363531458177693
1.7872614667284261	0.0005853995283843182	50.78673370433213	0.06406149848051461
1.7884639506136528	0.0006336692265639823	50.79904785407828	0.06363533095259016
1.7895880451850825	0.0005578286476837281	50.875259569539715	0.06363533527521635
1.7909842982967836	0.0007413841507809593	50.741997621034116	0.06339677274815601
1.7922771836958638	0.0005604583389458241	50.6542114742628	0.07365953333856366
1.793465878722376	0.0006757299310819354	50.72168107031978	0.06406152249541835
1.7947859132532828	0.0006486641979646567	50.742042171352836	0.06449537997343342
1.7960125010478625	0.0006365129145508975	50.767092110643794	0.06406151878871735
1.797340265197711	0.0006422876235473109	50.7788776322073	0.06406153807042762
1.7987015970819704	0.0006941325866180624	50.76555928090487	0.06363531631269562
1.8002716668655374	0.00077680349787355	50.674593491682046	0.06449535553786333
1.8016187605203395	0.0005740053449834166	50.59323215173875	0.07531933420968959
1.8026398999771835	0.0005277596070473014	50.84345826506788	0.06363534069714995
1.8037194900156304	0.0005619402706630731	50.66618917818892	0.07531936539444511
1.8050155095746323	0.0006411463116481233	50.810919720555475	0.06414826509421384
1.8062404677017199	0.0006670648177553545	50.79359510661375	0.06414823198264456
1.8076378770311656	0.0006649218835083204	50.78360978245987	0.06363531148148947
1.8088905435032303	0.000638791152962868	50.76665081786509	0.0640615417981609
1.8101912267665132	0.0006884973671241598	50.709486531742975	0.0640615215010234
1.8116324294655293	0.0006571745753053635	50.7666807489009	0.06363535047060377
1.812805791445549	0.000638023371405665	50.79035313617619	0.06406153977101665
1.813971039986205	0.0005306741512367278	50.65878771641883	0.07365951972795082
1.81519242989248	0.0006032530769924761	50.73129252143486	0.063635356701303
1.8162183111957662	0.000540251004995443	50.799029909140245	0.0640615363959956
1.8174890779657575	0.0006721126666212435	50.734812154709445	0.06363533462506687
1.8188295950097397	0.000609647795658528	50.73894557486179	0.06493707239798414
1.819990209421043	0.0006186020913076433	50.72485934137965	0.0640615072774724
1.821253249503243	0.0006346605512211192	50.71073181127662	0.06406150162837572
1.8225207192770947	0.0005802116402723244	50.74746255504929	0.06406152959448581
1.823686051474076	0.0006440281358177575	50.69892204009651	0.06406151548937693
1.8249287472645803	0.0005681512346964525	50.757085875176145	0.06406153967382046
1.8261309828836216	0.0006083117759241499	50.74094145318263	0.06363533214417048
1.8271618020269154	0.000489178554336797	50.65390888841569	0.073659539099169
1.8282109466426038	0.000505569381794833	50.60003204504079	0.07365952435650107
1.8291985982608985	0.0005107959348474387	50.58997021420688	0.07365952732236623
1.83021422041827	0.0005119878418992927	50.587091318347376	0.0761817711449567
1.8313591175482111	0.0006390928006741102	50.685007185947235	0.06406151137880413
1.8325294736078908	0.0005725284779111831	50.65617957409846	0.06784115561628547
1.8336225435901263	0.0004267393806320979	50.84786441968269	0.06449537152106383
1.8346483453500606	0.0006059410579573528	50.688402368873085	0.06363534519132992
1.835776918430248	0.0005211697040818612	50.60245172513145	0.07075726635364804
1.8369745837293188	0.0005948767694099087	50.459567615350224	0.0753193468430245
1.8380877670642533	0.0006417591235240441	50.614468281251675	0.0644953677237218
1.8393927445993978	0.0006577365339197404	50.63679325365862	0.06485149041942968
1.840622409447139	0.0005177158074174994	50.57188384931345	0.07365953996918649
1.8416829354419044	0.0005799450998508368	50.674699039125365	0.06406151999414054
1.8427486020088688	0.0004572577823585201	50.6381191790576	0.07531935539734852
1.8437962496508824	0.00061950925690387	50.715944010583286	0.06363531797397105
1.8448413761353115	0.0004804261542578619	50.6365282785723	0.07365955298751693
1.8459499366866399	0.0005988100742659104	50.52120953138409	0.0744788364097193
1.846979190783569	0.000494130120980356	50.579760848615436	0.0744788466229134
1.8479754862604922	0.00044415596538206113	50.606822780841895	0.07365954704813275
1.8490410680412421	0.0005298539454852846	50.51924339147986	0.07365953760673401
1.8499612466493458	0.0005059422916558489	50.541269686836735	0.07447884211421252
1.8510356137810668	0.0005448554227492453	50.519358643400196	0.07365953612491748
1.8522388413078286	0.0006408332126668851	50.604944575396246	0.06363533379254466
1.8535623196584292	0.0006177880931790081	50.43344986408307	0.07365952830314537
1.8547149975945345	0.0005951112839370624	50.438371169771656	0.07447883752604677
1.855975523773414	0.0005941357216656695	50.43161805676556	0.07447886407940098
1.8570635334686227	0.0005440713370668086	50.496198103398264	0.07531935443050543
1.8581294411995835	0.0005576480112329322	50.698820999804724	0.06363532161763101
1.8592804864566843	0.0005866573522078352	50.665861797650486	0.06406150954236466
1.8604195899872664	0.0005028032832389684	50.55736623735605	0.07365952299164001
1.8614329126335032	0.00046463800731061296	50.59288901737651	0.07365953148340056
1.8622932678971518	0.0004696256928319008	50.589286844934286	0.07447883016968718
1.8632373995357754	0.00044281780362086606	50.637054377872374	0.07365952461498262
1.864225063462083	0.0005711944202670168	50.52736471445832	0.07447886388785493
1.8652471579010945	0.00048624413002748535	50.568917060528065	0.07365952257705641
1.8662127048380879	0.0005078491929704199	50.51920218635166	0.07365955440047907
1.8674184519417487	0.0006202809948982315	50.43458342168458	0.07531934521444576
1.8686834405720232	0.0005748197106632414	50.48606222153157	0.07447882132048209
1.8696312219577575	0.0004494148597199358	50.604959568879934	0.0736595495860601
1.8705349190699754	0.0005231066963633977	50.54062636778244	0.0744788582327051
1.8716940590751179	0.0005629001956710954	50.681856468862335	0.06363531623585782
1.8727636242486008	0.0005290788936123027	50.529991108088	0.07447881927605171
1.8736982369506299	0.0004178937697884228	50.64911132997064	0.07447883570327854
1.8745475787550885	0.0004579953840998681	50.62882715992265	0.07365953968462877
1.8754769316679631	0.0004527184016673074	50.6423242432547	0.0736595295070218
1.876505789634877	0.000543120010015289	50.732940348985736	0.06363536024638938
1.877546474620761	0.0004919156245703108	50.73579852488063	0.06363531257252986
1.8784537877990415	0.00045958593711114854	50.58150689115532	0.07447885809237276
1.8793805074289693	0.00046002612859631024	50.76586759226998	0.06449537954602147
1.8803109210051496	0.0004739179931577929	50.77872996052003	0.06363533222889195
1.8813001334043506	0.0005216079829649903	50.761864528028056	0.06363531416283295
1.8822983805060218	0.0004477786120117375	50.82314389613423	0.0637250167795828
1.883247901705869	0.0005284209607329278	50.69030693316919	0.06363531298703558
1.8843666275724367	0.0005432032180594567	50.662400652546594	0.06363533902775664
1.8854306750650198	0.0005278720553942571	50.75114690077683	0.06363531676065347
1.8863608054218446	0.000389817556215097	50.689926747268444	0.0736595393352014
1.8872638514164901	0.0005326200465103448	50.653321228218715	0.06406151091622189
1.8882804946737641	0.0005125957419088059	50.61316709854951	0.0670929310059022
1.8893572096055058	0.0005369968672510135	50.675279495310576	0.06406152861098804
1.8902762079632196	0.00043478188069944975	50.62089875250976	0.0753193320359007
1.8911808299677073	0.00039311483891758597	50.85844871091962	0.06363532108110306
1.8919773829033715	0.00039860106666382886	50.82416974422328	0.0636353266015731
1.8928055175463667	0.0004935164567082407	50.70937835576892	0.06406151412073918
1.8937886835325979	0.0004347134000296627	50.7649330360843	0.06363534764827587
1.8946627242239074	0.0005195106827635227	50.62968065920018	0.06697972651006429
1.8957428941430798	0.0005489852197561105	50.67303120911565	0.06493706879587033
1.8967167117727506	0.0004392959067295578	50.783617210319754	0.0640615126752136
1.897744157302038	0.0005253650090716517	50.70764208772357	0.06406150925064008
1.8985966978430113	0.0003647250469669021	50.872102143222385	0.06406152848082051
1.8994611250867406	0.00044262919645081573	50.799402292428006	0.0645790068477452
1.9003319530330098	0.00045662514257962736	50.801025097174175	0.06363531322465411
1.9012334433254714	0.0004624290716710826	50.80345586382386	0.06406152980314168
1.902072430606252	0.0004096558392554038	50.86298561959646	0.06406152722143514
1.9029864559703693	0.00047737524445727326	50.803112693512006	0.06372505655032479
1.903840856258594	0.0003630315833943542	50.90164244825027	0.06363532096946166
1.9046145445989344	0.0003697537047939931	50.85850614641248	0.06363530975524932
1.9053922062725008	0.0004212465375635454	50.80328405077925	0.0640615058525621
1.906131099052553	0.0003390943973546032	50.94597930204469	0.06363533828453401
1.9069780087374006	0.00044835813760126474	50.85823592854525	0.06363534977550264
1.9077953428551795	0.0004355459283722542	50.83009684882402	0.06406150657787565
1.9086748529205813	0.000454573086849144	50.77454802850204	0.06363534105753783
1.909469131346425	0.0003583572001550533	50.85549950324544	0.06330920835581351
1.9102778280344808	0.00040860026887871363	50.76104724682156	0.06406153374970065
1.9110573033820577	0.0003834483117882889	50.77652496588218	0.0640615223868895
1.911894670047189	0.0004367237992056203	50.71441002806087	0.06406152304220711
1.9127317401678652	0.00041287245018838207	50.75184957168197	0.06406150040739071
1.9135908217202862	0.00045404957527368534	50.73789003903345	0.06406151918796765
1.9144495169624944	0.00043612673807914577	50.78081448048754	0.06406150219281093
1.9153025963843158	0.0003731827089097115	50.87363313193487	0.06363535243170614
1.9161239974849922	0.0004840251283821486	50.75772329089348	0.064061511326002
1.917113099599236	0.00048162233749510144	50.73287527357304	0.06406152403863831
1.9179544723130322	0.0003293377302280498	50.89607712179941	0.06299092603525812
1.9186580482463462	0.0003923605434869446	50.79702413054143	0.06363534135219066
1.9195313877441027	0.00046082561029840957	50.71839536410591	0.06363531995609277
1.920353881127645	0.0004218395559630265	50.63935184177099	0.07037168065098823
1.9211335517321517	0.0003572433999928751	50.826508723660965	0.06406150768788807
1.9220032193740835	0.0004749426197763016	50.707072719907735	0.0644953925723658
1.9229572044984131	0.00048096404810953297	50.71672114575669	0.06372506873713658
1.9239257574687243	0.00044913847651656977	50.73727031601686	0.06406151800484272
1.9248589110072079	0.00050251801553969	50.655903340688496	0.06406150058695383
1.9257900638090897	0.00044274881518690726	50.68010348072016	0.06363533764135072
1.926607167827557	0.0003693251022739264	50.566628526458345	0.07365954954231477
1.9273833300930963	0.00045828953011671367	50.64926059924496	0.0636353626943617
1.9282317031616962	0.0003907842124326281	50.58206345445988	0.07447886144119696
1.9290037035677807	0.00035716048286891594	50.66346835334048	0.07365952991940021
1.9298590326805374	0.000498029634813292	50.66325030668656	0.06493708675577489
1.9307328649308815	0.0003740329214985743	50.60421008629527	0.07365951435075054
1.9315583583581168	0.00041990928380005653	50.55111532049454	0.07365954725398507
1.9323445826973673	0.00036573489866545004	50.60898092548223	0.0744788466378463
1.9330766918945241	0.000413424989201034	50.72269523596417	0.06406151178506793
1.9340818005705915	0.0004957142255283776	50.44112369708741	0.07447883244763079
1.9348922127008326	0.0003954572102846779	50.52051308186725	0.0736595105809031
1.9357285517025482	0.00035354321605146806	50.56817004493118	0.07365955234624404
1.9363877490887198	0.00039534293055341863	50.52401707151586	0.07382895488931963
1.9371864163472656	0.0003803233649159619	50.52667252032357	0.07365951149319032
1.9379898205457904	0.0003684551451713103	50.524984188860785	0.07365951835508439
1.9386765639926162	0.00039326487844358626	50.48367821016766	0.07365952860866071
1.9394401267883015	0.00036104448988375393	50.523456044595335	0.07531934308006007
1.940214692148063	0.0003881717757420309	50.51902647395356	0.0736595279263763
1.941039621757648	0.0004219285865690046	50.66186376091663	0.06406150687335156
1.9417682998147572	0.0003523500384144129	50.54725474809811	0.07531934761137676
1.942584148819145	0.000459711819512959	50.60068470377914	0.06363532136745767
1.943562618588898	0.0004997071242908096	50.55024841529771	0.06406152539014724
1.9444570056027626	0.00041189914641437755	50.53017900478167	0.06936278560004984
1.9453275985643792	0.000452547643457702	50.60894157036678	0.06363533532056793
1.9461173137451446	0.00034944801646901255	50.58125512003769	0.07303842703973502
1.9468047071938344	0.0003525423437208866	50.585902208011206	0.07365952831057516
1.9476220789066043	0.00044470283362727566	50.652134375545494	0.06449536944310115
1.9484875674300857	0.00044926681310885247	50.59205911531525	0.06709294258535578
1.949305407041105	0.0003601876798079915	50.58817007516727	0.07259693760023361
1.9500879285362043	0.0003854791837095481	50.52258589554323	0.07365952634563243
1.9508473639489274	0.00040768929289289985	50.653444713409954	0.06406150859071573
1.9516211032887054	0.0003456485524500389	50.5408660815901	0.07365951336220565
1.9523346567428677	0.0003960931025823752	50.4571344070366	0.07531934276971267
1.9532087821273416	0.0005162814067352396	50.391304736336274	0.0736595281271233
1.9542699940494566	0.0004612488616224696	50.49308523536547	0.07365954322728771
1.9550925318977286	0.00040909067945913937	50.5297488547603	0.07531936243626405
1.9558968484703767	0.00034642891784929095	50.56683771277575	0.07365954204437206
1.9567531474466593	0.0005150554074119276	50.34318015644085	0.07447884993220627
1.9576860169100003	0.00044103689267923783	50.41876556787726	0.07365951822598561
1.9586109715902196	0.0004460138811245237	50.41682982366651	0.07365950422160444
1.9594217938566878	0.00040208078494767866	50.452047626271636	0.07618178513179134
1.9601839563691215	0.0003795682801236804	50.48745078953344	0.0736595241217542
1.9611224320852627	0.0004834342174302156	50.37427562562599	0.07365954369091775
1.9620001949656403	0.00040028764042762606	50.4542668985976	0.07365951530956352
1.9628351829663946	0.0004434541234815308	50.41077205043608	0.07447887059066267
1.9636194526412352	0.00034558591148670505	50.52124426920045	0.0753193623389459
1.9643556105167272	0.0004051276277358269	50.63459641911092	0.06363536066529203
1.9651954086711272	0.00044804221144989915	50.538264070623505	0.06627280454232393
1.9662684510574797	0.0005486451498253185	50.3063597652434	0.07447884681733215
1.9672472368020237	0.00045694821137745443	50.385151485461805	0.07365953245802152
1.9679795917316896	0.0003485016996922914	50.49406001725884	0.07447884420127666
1.9688020175353786	0.0004137128456437139	50.42173025438596	0.07365954039254326
1.9695894377942573	0.0003673990217220703	50.4958933946278	0.07447884624336577
1.9703880986550182	0.000430051537019936	50.455706789071044	0.0744788247045933
1.9713254852296047	0.0004865706695397543	50.421690547084886	0.07365953362444361
1.9721198159883748	0.0003601039032185023	50.522527628070165	0.07365954768762475
1.9728669047071912	0.00040356195134468	50.443179995630075	0.0744788447255636
1.9737361252895824	0.0004187509934584793	50.60797510238451	0.06363531346944251
1.9744564876288178	0.0003975248583484136	50.540911861772116	0.06985929824230958
1.9753760372881457	0.00048489930149442335	50.38728454862414	0.07447884386251137
1.9762584310092297	0.00038679128654171987	50.46412385506514	0.0744788530728672
1.9769508088591556	0.00036405937589036014	50.47388569722676	0.07447883216535435
1.9777553036327955	0.00037640409769843246	50.46070954397089	0.07365954356842813
1.9784724261187345	0.00035035414859788913	50.49535941833791	0.074478844283216
1.9792560599283378	0.0003965402409277521	50.449422766797596	0.07447885342530396
1.9799864782901166	0.00033393059869277095	50.54618802197578	0.07243872954863449
1.980740405301069	0.0004547745128710103	50.37961164878996	0.07447886283643049
1.9815390393352255	0.0003344222938466105	50.514615996904176	0.0738289802293881
1.9823082024239493	0.0003926429613705334	50.445005259336774	0.07447883286363577
1.9830938974425285	0.0004075882277384316	50.44336981511643	0.07447886408351806
1.9838502678479895	0.00037060033925841667	50.50693968240326	0.07365951006973992
1.9846744060256007	0.00048075564314237115	50.39696475060204	0.07365953346921736
1.98559372008053	0.00037356274155390105	50.49782961176407	0.07531934914720634
1.986292475995568	0.00039516231286468024	50.4737700233558	0.0736595198335906
1.9872748298941856	0.0005310455553440334	50.314252519848324	0.07447884664242216
1.9882019234369155	0.00040724294128767583	50.410156299762015	0.07365954637702621
1.9890509432670926	0.0003954177981351369	50.40518440917469	0.07447883036766455
1.9899786596033109	0.0006345102595795236	50.203555276433605	0.07365953469610044
1.9910625221468226	0.0004232333255986945	50.36833342452797	0.07531937057039344
1.9920604469313612	0.0005569914222424644	50.25210923189157	0.0744788507944987
1.9930047167854332	0.0003541263882960366	50.4538672503268	0.07447884130987811
1.993837862909413	0.0004434459406890838	50.36707785766918	0.0736595293239038
1.9946944554992982	0.000458903235978763	50.35850998203817	0.07365954986205317
1.9957492497928015	0.0005663997587011326	50.27540207803696	0.0736595327071596
1.99668554179252	0.0004481340759788251	50.36043068653041	0.07531936000417268
1.997640366262218	0.0004877015909344506	50.32581416462732	0.0736595325665916
1.9986945110581482	0.0005431539728911127	50.270243392858255	0.0736595310123425
1.999660003014328	0.000417628106637343	50.38003631757674	0.07447886443876976
2.0004160264394084	0.0003674752350048668	50.43635629343774	0.07447882840498159
2.0011374834615174	0.00041781879790573164	50.38526902601011	0.07365951010286526
2.002050468237297	0.0004313924843226101	50.36557132503677	0.0744788364731385
2.0028771409842965	0.00038302755277530175	50.413989749321566	0.07447884675134636
2.0038110012450283	0.0005549166161313302	50.24446332180594	0.07531935124773066
2.0047992374482533	0.00047228236501540286	50.31067033954999	0.07531934804451151
2.0058287406059616	0.0005067136831440535	50.287283403244686	0.07447884731240817
2.0066927426942405	0.0003542593945844445	50.44776756026847	0.07447885038187045
2.0075973060879346	0.0005189221188595919	50.28759841067384	0.07365953353907803
2.00849998934141	0.0005036065654044328	50.30182657431831	0.07447884864632222
2.0096817237011155	0.0005343182219718721	50.269087313321094	0.07447884526771313
2.010633617366928	0.0004481384981300274	50.342402751213484	0.07365953450283666
2.0115122129711827	0.0005420210308646459	50.25203275877256	0.07463955372945096
2.0126711662769656	0.0004679773614091395	50.311446358712594	0.07365953540761105
2.0135362711069615	0.00047903499518595094	50.297288832764835	0.07447885149885689
2.01474286667033	0.0006793924588174428	50.142064990677774	0.07531934962415393
2.0158766517892057	0.00047386817775445234	50.30978316085057	0.07365953292835421
2.0168688778885953	0.0005436530629147195	50.253558170409654	0.07365953194595533
2.0178887746748053	0.000459808431217973	50.3327395891957	0.07365952732713212
2.0187991796943785	0.0005000438050386891	50.30085445339197	0.07447884895066008
2.0198309992108214	0.00045056411046683645	50.34397471295543	0.07447884448784793
2.0209013743374924	0.0006800761577941643	50.15671899995707	0.07447884832277527
2.0219997907673464	0.0004196926536936237	50.362190888469584	0.07365954447857602
2.022937335569516	0.00046622639941222934	50.30446759896821	0.0744788461867321
2.0239614172127585	0.0005892982388816227	50.20449730902346	0.0744788469932853
2.0252307753873175	0.0006662265742801443	50.161469943813394	0.07365953331142347
2.0263881514840714	0.0005015029638660376	50.28960937764246	0.07365953260355153
2.0274273613265406	0.0005588667354843018	50.24628016827623	0.07365952736099506
2.028642343901361	0.0006152007596124695	50.18918907082423	0.07531934225401515
2.029862973457831	0.0006255226930634085	50.17715837846697	0.07447884653451259
2.031189303276972	0.0006376290950947329	50.16940002839843	0.07365953694212285
2.0326004028138462	0.000797194645814165	50.067917782550666	0.0736595324573129
2.034183919773744	0.0007868374026626435	50.058342052027655	0.07531933771963027
2.03545749262094	0.0005233526488468974	50.24107960447982	0.07365952706647143
2.0365316132839166	0.0005181048650777805	50.243208246882915	0.07365953601725465
2.037686912470343	0.0006503481124580377	50.13962661525802	0.0744788536632608
2.039007294192868	0.0006331353610679735	50.150939916364976	0.07447884401169606
2.040204078479884	0.0006304126092381603	50.154891662778546	0.07365952801855621
2.041481650780395	0.0006305159257020993	50.15246465408711	0.07447885303375637
2.042883140294128	0.000760027766861495	50.08222113267586	0.07365952833122903
2.0442704089151285	0.0007095251726674735	50.11826054507877	0.07365952849833701
2.0457820116965073	0.0006785064851037672	50.141534649596515	0.07365953282462538
2.046942921311839	0.000575335715857633	50.21032220934685	0.07365953427304482
2.0482865085877253	0.0006702743634219795	50.14069806637464	0.07365953777900651
2.049707491896821	0.0007289942403945334	50.105949765282794	0.07365953682407608
2.0509574512392783	0.0005910837508147616	50.20130029836211	0.07365952956090593
2.0522133602964336	0.0006585190140983591	50.148096373539886	0.07447885377602537
2.0534799117793074	0.0005776760563593687	50.208218996734615	0.0736595325806576
2.0549437407517366	0.0009074298024745092	50.00699028559174	0.07447883556103685
2.0565631925971517	0.0007473184825671757	50.09559872043556	0.07365953748234327
2.058012919087446	0.0006916596119653183	50.128163695505066	0.07365953101225524
2.0591838668322744	0.0004922430832758994	50.26983414491797	0.07365953705734503
2.0601953292373976	0.0005374456595638226	50.21041709909108	0.0753193408649798
2.061634868186746	0.0007512405273449849	50.058605770896804	0.07447884313515268
2.062797034731147	0.0005095714475205314	50.222137668521015	0.0753193549657476
2.0639338212162843	0.0005936421431487261	50.16650769994424	0.07365953581792375
2.065422103673644	0.0008682207678921497	49.99704334309257	0.07447885470122668
2.066713493051158	0.0005340514116517314	50.199766349306785	0.07531934866791058
2.068164718554702	0.0008609165563539355	49.996127535990105	0.07365953017570444
2.0697512721702345	0.0007327514921852095	50.06046074083177	0.07365952557102616
2.070932143007952	0.0005288888573856019	50.19818154962658	0.07365952921047213
2.0723921232918694	0.0008202583581280342	50.005548568848425	0.07365953734354304
2.0741936781817714	0.0010045327005550897	49.91661762392233	0.07365952778458079
2.0758451121323196	0.0005960968407246849	50.13267377823031	0.0753193455938924
2.07729409772436	0.000885315898245961	49.97007257385275	0.07365954612610795
2.0789221480026763	0.000752864031828831	50.023053385188085	0.0779756418733234
2.0804163347420297	0.0007167637454961682	50.082640588056776	0.07365953488248242
2.0816764380587283	0.0005894831657180048	50.17494577534422	0.07365953379195563
2.0828466972222555	0.0006096708281623902	50.160934785143354	0.07365952946441462
2.0841290213879353	0.0006725595614156929	50.11199540443535	0.0736595390679492
2.0855391931557827	0.000720282343498151	50.070078411200875	0.07447884450425368
2.0870882800915695	0.0007265186950412377	50.05404420459894	0.0753193558926522
2.0885871332979002	0.0007669917228752078	50.032025354496604	0.07365953878332188
2.0898360279098753	0.0005417803875171207	50.17197932046947	0.07365953620322443
2.0910534351961485	0.0006305257955819325	50.10009640214821	0.07365953128951383
2.092528259706326	0.0008452386486050403	49.96667390005077	0.07447884566082512
2.0941972739011656	0.0008588798123790652	49.954628437290694	0.07531934600696029
2.09584437330164	0.0007849012409450384	49.99861868649571	0.07447883522978008
2.0971723603345374	0.0005653812393727179	50.14095429003733	0.0744788575011072
2.0984431445293645	0.0006687587153593264	50.06349166695059	0.07447884822792139
2.0997871539923527	0.0007649866883880504	50.006618232668195	0.07365953581286921
2.1015051850488042	0.0008820080868420287	49.93160458303299	0.07531935882310951
2.103148600306261	0.0008570491217964468	49.95232302390357	0.07365953870412652
2.1046886397641007	0.0006870999271946004	50.04417399188963	0.07447884867575486
2.1060337100083157	0.0006664395618439861	50.05326510105772	0.07531933714032513
2.107363708008362	0.0005942657939153513	50.11451210519995	0.07365953659640956
2.1086938323454536	0.0007523886678828223	50.00731312841916	0.07447884641950776
2.1102460753647008	0.0008210451117078133	49.97286879771616	0.07365952995033918
2.1116564143761063	0.000563885953258541	50.1297561845594	0.07447884649039474
2.11293284459802	0.0007177153327871084	50.02832296707811	0.07365952373178715
2.114449378536441	0.0007069498912918833	50.0328418563048	0.07365953701905242
2.1160808478720297	0.0008952955264530668	49.914547150540855	0.07618179449702069
2.117455982887723	0.0006085176356355902	50.091208360887485	0.07447885447394353
2.1187449626156534	0.0006942643749809886	50.03227470518659	0.07447884570307299
2.1201875503650127	0.000737630757539295	50.00882910145545	0.07365954088717659
2.121745642376333	0.000739458399815811	49.990493064766696	0.076181778074307
2.1233507912814478	0.0008828621035456228	49.92033223669592	0.07447882967625316
2.1251717927592435	0.0009726879375971542	49.88139440145141	0.07365954806523453
2.1268952624514834	0.0007383707222959483	49.99331347903946	0.07447885967569358
2.128384704156826	0.0009639180146501344	49.87975838368806	0.07365954593690217
2.1306507316703915	0.0010671711681000957	49.8288502575813	0.07447884009851043
2.132627716306817	0.0009085824408769768	49.897245770561355	0.0744788478109309
2.134149784434123	0.0007071862409683255	50.013186905633425	0.07365953181747374
2.1358317665157185	0.0008291380408930441	49.94316615390626	0.07365953981885696
2.1375221482646407	0.000906628166678808	49.89842584220108	0.07447885026085818
2.139426041188543	0.0009564943867535414	49.86931252476548	0.07531935728141279
2.141291328739107	0.0009092809364803291	49.89883645147388	0.07365952481817636
2.1430867534631504	0.000846734019938738	49.92035549185296	0.07447883593401106
2.1446620905741005	0.0006925864451426954	50.010544686050636	0.0736595284713077
2.1460619630704443	0.0009185559487138732	49.886159605095465	0.07365954747869473
2.1479518146101046	0.0009057699001996662	49.89085401182809	0.07365951937970143
2.1496468211477655	0.0009163391894087762	49.884602992009086	0.07365952515244785
2.151634967799825	0.0009459092716473693	49.86922483168761	0.07365953110663685
2.153443368491788	0.00093480243677027	49.87347179768969	0.0736595361922037
2.155563867337928	0.0010035416345860507	49.829227003962494	0.07531934808622866
2.157158334525056	0.000704398564192874	49.98552481697111	0.07447884514995785
2.1591221593271777	0.0011634818434823335	49.75862854380979	0.07447886958277256
2.1611602661753007	0.001152468824899185	49.75897015914017	0.07447886442335903
2.1636495160744684	0.0010355734264216316	49.803188721862824	0.07447884987992565
2.165731895299849	0.0011007475670932218	49.77637866123339	0.07447887098505014
2.16797750854642	0.0011787167576706998	49.753512234460146	0.0736595181540183
2.170108354224326	0.001031917646689419	49.804325922137984	0.07447884891391476
2.17190168802216	0.0007159993042038323	49.966255641717105	0.07365952663319218
2.1737193695248	0.0011062811689896595	49.77618608847868	0.07365951897899327
2.1759542880676337	0.0010808787057305514	49.780019089982304	0.07447883634184053
2.178553656207285	0.001414509955110863	49.661304495708244	0.07447883664778532
2.180829152194844	0.001031933800558561	49.79668571964	0.07447884476272312
2.1828380110345798	0.0010977675250446722	49.77494885209993	0.07365952873156549
2.1859500009421056	0.0019920125459671075	49.508884812993344	0.07618178026860704
2.1893390055826156	0.0012149877412440183	49.74398509936382	0.07365953416638228
2.191908111545937	0.0013419471753870977	49.69155993391652	0.07365951473882056
2.194557635368531	0.0013296622244628918	49.67223487086307	0.07531932417250285
2.1974020918123967	0.0015066703369426965	49.61099252541856	0.07447886029725805
2.2003256964102538	0.0014731673514892646	49.61312100737335	0.07531932946789438
2.2030633455009276	0.001364856205636897	49.64951019420533	0.07447885947959004
2.205817995129875	0.001437914867134898	49.45460935384113	0.08672607287757883
2.2088632393354155	0.0013899684072702537	49.63768581984606	0.07447884890227124
2.211691791058279	0.001548402318651537	49.58629810944359	0.07447885136988006
2.2147605529356973	0.001529300616303202	49.58363760536854	0.07531936276415092
2.2181235695943933	0.0017104870400414625	49.53236809609295	0.07447882493144663
2.2215227450995654	0.0017446174958351136	49.52309057122515	0.07365952723254848
2.224896803711507	0.00157732444182851	49.575882926871756	0.07365954247004872
2.227665180354197	0.0013326682304610734	49.46391910653121	0.08993510183503946
2.2308409923730284	0.0017986041629150943	49.33260168666805	0.08830078200862022
2.23418572672178	0.0017308628967579397	49.33346119967669	0.08830080699420641
2.2378066875947824	0.0015631613116546834	49.37975018300571	0.08672610041896067
2.2413711800633704	0.001992734037482443	49.26155978935122	0.08830079186376408
2.244655685449562	0.0016443242737441723	49.34490140112874	0.08830079592896464
2.2476383288519446	0.001276111555674693	49.46234862580098	0.08859209130528327
2.2510177725209646	0.0017453140780115926	49.31336528512851	0.08830077001366138
2.2538870609479877	0.0014086360477176653	49.40097223225776	0.08830076806195017
2.256309142538811	0.0011128923884687152	49.5015086010842	0.08830078264599033
2.2588019588398485	0.0013702627999201908	49.40704664472498	0.08993510413547776
2.2617022831364837	0.001529224579111698	49.54782367639469	0.07365951677095599
2.2648569841558324	0.0014059386619612606	49.5855650648596	0.07365952804061097
2.2676075307976453	0.0013500194217338105	49.427350085317364	0.08672609685845453
2.2702091601300327	0.001280761516234617	49.447917558971156	0.08672606037873551
2.272832024135255	0.0014512251691044537	49.557508306805374	0.07531932764983199
2.27552868617693	0.0011545349692376713	49.487371482277894	0.08672606378690606
2.2780726602584394	0.0014125578010724968	49.56209908995933	0.0744788548848038
2.2809145371379196	0.0013588476935797622	49.568605082293104	0.07531932452575768
2.2830877529883895	0.0008482281261307002	49.78974570417258	0.07447885418717758
2.2846150693659215	0.0007491928160963064	49.845447144355795	0.07365952703902065
2.2866587358395405	0.0011214316378196836	49.65257046177312	0.07618180540315085
2.2884642760749703	0.0007021731071038775	49.861981887448906	0.07365953792476865
2.28968754897472	0.0006637668099365138	49.88327498896591	0.07365952975259592
2.2909437135424566	0.0005052623810447686	49.99600065871954	0.07447884911490923
2.2920941646299604	0.0006235943381900771	49.918165556188306	0.07303841736760841
2.2933428501036492	0.0006981610394194298	49.85373397993524	0.07447886265384272
2.2947707586942268	0.0006876858495749592	49.85792805701275	0.07531934417039869
2.295821338072888	0.0005023406921504783	50.003170670944314	0.07365953662934792
2.297084874289477	0.0005985613010410968	49.92681671614211	0.07365953943987309
2.298327970777425	0.0006236356879076612	49.90367630310441	0.07447883984079462
2.2993500167508234	0.0004928772327754616	50.01087188757347	0.07365953658986789
2.30044021108341	0.0005866850481009304	49.93353367647805	0.07365954020289843
2.301580849540924	0.0005137148516808907	49.98622711800932	0.0744788438439982
2.3027827760167687	0.0006132544486749023	49.91316148132787	0.07365952461379778
2.3037105033827725	0.0004721870228421399	50.025037788915554	0.0736595437440632
2.3047727597263554	0.000496891021414246	50.0007502194609	0.07365953344347076
2.305770193803798	0.0005367091126485597	49.9557103197025	0.07531934977027348
2.3068693479451796	0.0005953077078177133	49.90869906572115	0.0753193480421788
2.307975782697648	0.0004569877472197338	50.03124861807842	0.0736595256642036
2.308939493967859	0.0005845560014090943	49.923459763904624	0.07365952638552016
2.310095449018389	0.00045765933385549454	50.01837045300913	0.07531935204245951
2.311206838370301	0.0006849971265752566	49.85495549406406	0.07365952240967516
2.3124458386493245	0.0005599507919993441	49.938301486780794	0.07447884368681333
2.3133850577513777	0.00043225343033678846	50.04967229591354	0.07447885298254268
2.314389524758326	0.0004985243365679013	49.99149278966077	0.07365953820052884
2.3154957148698303	0.0006829470098783639	49.85342801626486	0.07365952047342295
2.3166208845682355	0.00046302595580634563	50.0199205784936	0.07365953968183812
2.3177519434011464	0.0005552208610037735	49.93253536518647	0.07447883969359674
2.318771152423983	0.0005534031535507883	49.93254374139783	0.07447885766471457
2.32003048515955	0.000685633037967863	49.843214482732336	0.07365953444457883
2.321158357837837	0.0005246993602224388	49.95354856677387	0.07447883945197545
2.3223212009848018	0.000554018231315935	49.922496171832805	0.07531935276991393
2.323401778414361	0.0004979902431819545	49.97719182027103	0.07365953777114702
2.324307940776831	0.0004872680639332878	49.98591250950783	0.07365954330094737
2.325564557069319	0.0006378185787023627	49.86309560294437	0.07447884022378864
2.326582348573687	0.0005138772616041545	49.95609482437147	0.07447885223957416
2.327692343726135	0.0005295077667271875	49.946553940361724	0.07365953073949508
2.3289911579862506	0.0007560896773201697	49.79025382705752	0.07365953529318439
2.3303916593160148	0.0007104314030171075	49.815979396974384	0.0736595277293874
2.3317771379111187	0.0005989498206900365	49.888700285643516	0.07365954290699431
3.00689275522353	0.004777547454678513	48.04892843787523	0.1050105187206418
3.013956096847963	0.0030030792552951575	48.221031558231196	0.10361376025239304
3.0213104572836547	0.004364825009056686	48.069129893238774	0.10171066612952868
3.0304237743582076	0.0042741368709405805	48.05190737129203	0.10430674308398057
3.040745131425722	0.0050331049255311604	48.000399901314175	0.10171067349828548
3.052184462700537	0.008250156618405356	47.75785063664962	0.10395890185631276
3.0658668563539826	0.005329540852815882	47.93356177658258	0.10361374683860076
3.079713391313905	0.008753401427074299	47.7060219282647	0.10395892695523436
3.0983013102283943	0.008601673990508301	47.68976290082378	0.10536654151678942
3.111666228209542	0.005317415865153628	47.88465451727001	0.10361372858106685
3.1260819321891176	0.010388466509888264	47.57193372952376	0.10430677823998395
3.1502554076584195	0.011638599194694468	47.361543997401235	0.12080756305523996
3.171257462634414	0.009816646690559563	47.41034741219116	0.12195285182674954
3.2004781060372274	0.017505492548102918	47.37111331250633	0.09695531955262962
3.3932466003408353	0.005724525244237704	47.44713234273636	0.11846308750868279
3.4031383752707174	0.005009415980076151	47.497341344178196	0.11976193633855307
3.412652600517608	0.005213689525306946	47.44614464752182	0.11910851239969063
3.4229580265615556	0.003920408068658264	47.531124077784405	0.11910853689787565
3.431494201013368	0.004243479251879598	47.46011778690767	0.11976193433611158
3.439273203790172	0.004070066319383295	47.51031977505929	0.11846307180999902
3.448432569615949	0.0060977279495878865	47.36858208528852	0.11943420654723172
3.457974448940331	0.0031000186970276534	47.80096061335362	0.10347328494118808
3.464104603951944	0.002639777290188451	47.81032843282673	0.10367629531727779
3.4690356288622612	0.002426823196200316	47.84429996911898	0.10144888561432255
3.4746634928435136	0.002802376029803822	47.75901690649071	0.1038802515201599
3.481726678422597	0.005469569686026442	47.68279013678493	0.0839210489310784
3.5883393690493484	0.001078500964201141	48.060434695351134	0.1032711845917699
3.591644861471329	0.00200253089750589	47.76704511111249	0.10462086435289149
3.594629154777056	0.0009258373238437497	48.092229008579544	0.10360483677572371
3.5965149127709153	0.0009901138861213338	48.071786823309374	0.10200766173442465
3.598694241228	0.0012908815450648702	47.94706347911437	0.10200766683353428
3.601125894299718	0.0011485539506956505	47.97174973665103	0.10360482742709196
3.6034673104701063	0.0013439619788743176	47.90339515679848	0.10394096001722584
3.6061802444565347	0.0016027192742245294	47.83060631823079	0.10360481423972581
3.6090756836575495	0.0010282156815344745	48.02268941822497	0.10360483426825128
3.6116549848391686	0.0013848102100835864	47.88812374825615	0.10360484353004762
3.6143602734679123	0.0013106850622304504	47.90547115522327	0.10360483281274974
3.6171367339305056	0.0011720901893624257	47.94478156923292	0.10394096592914163
3.6188751213111243	0.0009728377958946561	48.0449977510322	0.10327119840593527
3.6217287931375126	0.001449718883934728	47.904319620761505	0.10169408062919039
3.6247330175191617	0.001791636616756309	47.81008546158257	0.10496467267469205
3.6279876394722295	0.0015242284542008686	47.928997066944575	0.1036048258247866
3.6312966392592583	0.0016072010813936836	47.94939800082868	0.10496466559451643
3.6346579746143974	0.002063875102249759	47.81049897473697	0.10327119943534943
3.638456965466307	0.0017669120266770484	47.81174482924331	0.10427964352010893
3.6413433833778455	0.0010469692126286567	48.03463429685474	0.1036048512144694
3.64401666415637	0.0017750370521348077	47.82654156148792	0.10327120242087393
3.6474555857842765	0.0011537854221993125	48.03181248760875	0.10394098388406224
3.6493641330571926	0.001209189842254908	48.01246545979214	0.1046208751818111
3.6516136477895755	0.0015883191630803304	47.98755303673426	0.1060118840197197
3.725393517677191	0.0009388727221730173	48.05757242001981	0.10165715522982521
3.727096562236462	0.0008593710751963366	48.062170713431655	0.1035850515572485
3.728809301666789	0.0009315173265664364	47.986259741104824	0.10390113903080707
3.730841225287548	0.0010023453916511284	47.922734518660306	0.10390110056343867
3.7325770174365807	0.0007986737812862794	47.99872617306573	0.10327118965030832
3.734069368195723	0.0008208137955334656	47.97068860561977	0.10358503526259195
3.7359998988330374	0.0010647981537099968	47.873345043810744	0.10107354802517934
3.737863397879426	0.0006903870664836645	48.06250277947428	0.10358505702413817
3.7396519725563855	0.0009822152002232213	47.95521262025143	0.10136435782779726
3.741118004670216	0.0008565383565502725	48.013209664887015	0.10358505447604822
3.7432515052073403	0.0010958654498844467	47.91486446313383	0.10390110476555842
3.7449170524253783	0.0005579732377952195	48.23467769432176	0.10107356252967056
3.746284572464131	0.0007254892538932089	48.126088408240044	0.09957594807723247
3.7479746377591403	0.0010599258637922007	47.900065696629994	0.10358504971453661
3.7496889671971334	0.0006958331647976049	48.08493006167419	0.10327119231366151
3.7513127221786395	0.0007888529324194366	48.03338770905274	0.10358506825489769
3.7528661188334174	0.0007622199758336417	48.03575298313673	0.10327121772019042
3.75445665042326	0.0008543604077340948	47.961553127853726	0.10327118429831632
3.7565543159115022	0.0009919526130975928	47.85756456683642	0.1035850523884056
3.758216183076764	0.0008234716221217077	47.949251765616566	0.1039011125644421
3.7596303401981683	0.0006800952224405782	48.04514511249515	0.10327119978035962
3.76147653739458	0.0010041223243041474	47.89109108358441	0.10518803429624544
3.7629569762467887	0.0006981750967345605	48.05553434875687	0.10358505869790476
3.7648144028159014	0.001042783947899802	47.86486252764366	0.10358504320789286
3.7668144155466075	0.001038001960137747	47.84437913234871	0.10421944887158716
3.7684446480110716	0.000689408576838535	48.00141130090002	0.10486287173739627
3.7700797957386567	0.0010073266682689487	47.83809932369079	0.10327121199095787
3.7725102449292023	0.0013431884514798855	47.95524894718424	0.0816436876477021
3.8290150873328233	0.0007995461492347278	47.963853581669234	0.09984842975989941
3.830866260788063	0.0011544119472457841	47.769519537855594	0.10358449020453792
3.8332699342651453	0.0009896869324450383	47.83944516483299	0.10421777904932172
3.8350319333230938	0.001044820855572162	47.824238711878806	0.10390004455672568
3.8371832883558272	0.0010592716259529994	47.79653014573515	0.10421778340953024
3.8389512218367545	0.0007033095958766656	47.9580281691516	0.10327119385339395
3.840538480148757	0.0009343276989480214	47.80259449556725	0.10453776753132073
3.8422061966928394	0.0007950142607728553	47.9121921433123	0.10136388810090423
3.8439045732070674	0.0009078015151146551	47.852828592810674	0.10390004050288681
3.845614504209664	0.0006733646547142936	48.00305065006739	0.10358449833338024
3.8468767117107086	0.0006330413148296754	48.014325354798906	0.10390002511253206
3.848330818260908	0.0008030055511142012	47.91709725436735	0.10136386451790648
3.8500055333335736	0.0009141809580180904	47.82795670881919	0.10358450585890774
3.8517333923745922	0.0008157062612170764	47.919519590477606	0.09984842471996612
3.853289925314829	0.0009261930480773469	47.826945936268096	0.1039000102877132
3.856187218245602	0.0012955656881160017	47.71374525952372	0.10358448118980759
3.85774389657399	0.0007109461990197712	48.01985607600268	0.10107358085408404
3.859130948597841	0.0007086791973798197	47.98620858982242	0.10358450437043987
3.8609062206756817	0.0009658123557002851	47.829752033392225	0.10453779466336227
3.862557949785647	0.0009436455700032726	47.82852934367301	0.10390003498220357
3.8652515289424687	0.0019441795485497255	47.83619425198438	0.07918354242774814
3.913143194809718	0.0011033879488739735	47.86439343175669	0.10230110183135634
3.91508595260358	0.0008197507405173739	47.92987350103836	0.1039290446974951
3.916630897259608	0.0008495091881229839	47.86851765594698	0.10359890528228233
3.91834268342487	0.0009926274489136032	47.73942008303144	0.10493418643640952
3.9203041231737985	0.0009719508765498674	47.75933559350984	0.10527424358993305
3.922401666562551	0.0009833934183987002	47.77015917795815	0.10426162261582594
3.9243496116133447	0.0008505912023533627	47.8597382317494	0.10359893320999322
3.9260913857090514	0.0010070394632868283	47.83701114129072	0.10230109341207891
3.928112687987768	0.001034180400185355	47.820989913391614	0.10459667412263986
3.9299291935739213	0.0007288320434650764	47.95064500155704	0.1039290417536954
3.9318170763460922	0.0012304760370643955	47.71646726478848	0.10199095662209175
3.9348931123181994	0.0018482744599067678	47.732913020294745	0.08165518864323476
3.939210493725288	0.0012717466948866663	47.49043601494916	0.11959004658164872
3.9411159564049316	0.0007720613535259668	47.82092340177436	0.10459667524234716
3.9429917936387393	0.0014485916069910602	47.699244293438305	0.10164440928268162
3.98283254861718	0.0007434319432862547	47.8712820333411	0.10421842095170286
3.9844342292000214	0.0007965951594890101	47.835386477197694	0.10358469004389244
3.9862219737606908	0.0011691098664751971	47.640062384302375	0.1045386104425602
3.988732484877026	0.001134693655264231	47.621644972494074	0.10453864078381175
3.9905636548016497	0.0008681089239340807	47.729499970842454	0.10421839040020152
3.9925388782759073	0.0011110767955526519	47.5115959754372	0.11591478077303811
3.9946819566026	0.0009964093983742476	47.64686369384042	0.10518597947406988
3.9970124103221507	0.0010453810930428084	47.49599180642132	0.11949862082324135
3.9987320393804766	0.000960112930690473	47.65585322813058	0.10453864974746925
4.00128267133562	0.0018148078264362203	47.665033712227775	0.07891066622705727
4.0436540203252225	0.0009755115898236572	47.53669997654808	0.11874393775125713
4.045468750094817	0.0009228728694231781	47.680504899285886	0.10346684703118102
4.0471677460083395	0.001028131198789166	47.48187827886845	0.11812304874604464
4.048857026525028	0.0004939967470988306	47.912525239910224	0.10366340485634137
4.0500979900536045	0.0008770448077453968	47.50396774647964	0.1190571343784454
4.051871425267442	0.000969191043781687	47.49464108693555	0.1152329832536246
4.0543142819532125	0.001166027849799233	47.39424926268261	0.11843257456953074
4.056113473493366	0.0009479228241025741	47.54448616802217	0.11128870627340097
4.058159243962078	0.0009788484234734426	47.60341648254736	0.10425825869664368
4.061003273780696	0.001734017377777167	47.457156444143884	0.09439020623486889
4.096828265887915	0.001488836922143467	47.48565661742185	0.11854907842496995
4.099508985855484	0.0013081229164715992	47.57627837565271	0.11785373712095963
4.1030692322564315	0.0017121932256551947	47.46431543199985	0.1196095877476309
4.106104864084796	0.0012461599617168586	47.60550762164222	0.11960959094849967
4.1082690714899845	0.0014186031611614354	47.672119619739895	0.10393506096567273
4.112775665109541	0.002599870502997703	47.61747200433027	0.08441822833284225
4.144161876220857	0.0008803939584415991	47.567611821196024	0.11786024862686045
4.145477166630503	0.0008584394581852091	47.58617082944894	0.1150748400152194
4.147579646925407	0.0008830903071432248	47.47746409859296	0.11821340311043864
4.1491103190775	0.0007269391029560369	47.50793746024811	0.11786022007633577
4.150711699015034	0.0007814429906323879	47.48806057195927	0.11892682578368413
4.152803038563655	0.0011191135424229136	47.35477630974776	0.118926877682663
4.154423784691554	0.000793690994557669	47.502970046138834	0.11856893313149316
4.156161123767432	0.0009881547246093489	47.39764886546988	0.11892687750742911
4.1578270766611505	0.0006843727287190231	47.541886266044706	0.11892687295444994
4.159123456639182	0.000691682484298345	47.561295124042516	0.11507481635542426
4.1607473406441535	0.0010522289080427951	47.441866622909664	0.10943351606708311
4.186220310427065	0.0004917741879799306	47.848793319308555	0.10371858376017318
4.187705586907802	0.0008314096385776928	47.46614828052433	0.1182095244132361
4.189515042279677	0.0009412512826032227	47.36016741919806	0.11820954302550814
4.190741776752489	0.000599659722003118	47.525992772577034	0.11820950932259443
4.192193497834063	0.0006929322761737052	47.478241862792586	0.11856309098034795
4.193700322349698	0.0007250616166763981	47.46231001937008	0.11891901550804976
4.1949828503333775	0.0006712856856080359	47.513155857065044	0.11750943164075811
4.197098139150074	0.0010191662094838638	47.34987246624514	0.12000131546016271
4.1986822043564604	0.0011946552816254183	47.30551678857161	0.11820948941143795
4.200780143441041	0.0006708788488549463	47.55973078125257	0.11891903059823518
4.2022394595236205	0.0009394242091330081	47.39977338732841	0.1211057871822635
4.225725992511886	0.0010904607030227235	47.22296606593607	0.12049980514371206
4.227490637696493	0.001070063366942357	47.23086729833456	0.1186112459129677
4.229554859302412	0.0007391361435756947	47.391043038526625	0.11824137900619926
4.230988243727266	0.0007050122261379505	47.41599777935656	0.1189836535096942
4.232947061450443	0.0011513345029224218	47.20370391465585	0.11898364429290446
4.234590601881539	0.0005813494850461997	47.534648575242684	0.11477874501589828
4.235917029281368	0.0007127217251424534	47.41729670579239	0.11824143032830729
4.2383968416911895	0.0019234877920076788	47.235413617515825	0.09260404439068509
4.374488578202229	0.014916151779838667	46.875962434330035	0.09106397831486765
4.424540514725194	0.013416127260005382	46.704391589409695	0.09954113007602157
4.477900818414673	0.03229154376122004	46.563627742246226	0.10373371307226541
4.574777947549427	0.018018608301226195	46.361141721636976	0.1217765954643715
4.649089057240418	0.022805809094781894	46.35508726196451	0.09854260723011649
4.6959190622056735	0.030988640419379442	45.97096571063712	0.1251761712023568
4.800266544361383	0.045436903650737145	45.78124869199306	0.11634365637301965
4.853064181261458	0.00986258955485287	46.24586974668582	0.124594311147593
4.894207833353929	0.025272664981530586	46.0233650770747	0.11382212727582733
4.964280370514832	0.024519527290293133	45.86688973458439	0.11622634881027061
5.051805470677362	0.027845423254478356	45.7119801301254	0.12283731178227629
5.167675938746505	0.08086820048691931	45.25321494185651	0.13243123506762666
5.28425606408624	0.04248815932140011	45.28522433302847	0.14257992252958068