0.14317067430374653	0.14560236301377427	50.58914220415064	0.13834291165627718
0.31012540767575325	0.03947732892672608	50.767892958962044	0.14210736630292037
0.4888260129089217	0.12033860886510551	50.372127158867144	0.1524430705769002
0.6803272656243371	0.07742901490287514	50.47364051554953	0.13680245488702172
0.8127706878549272	0.057076891370514006	50.514115226273404	0.14843787648153836
0.9141220432147621	0.045196932079906535	50.74804369821605	0.14439083019309826
0.9962391500357215	0.03741035673562243	50.877321189504656	0.15991636735287745
1.0395490469638824	0.007360784800873275	51.44911290172415	0.13906099594073765
1.069108056993296	0.021699061040411895	51.368309657868906	0.13007303286529948
1.0908642031865627	0.0005813751201318706	52.08915837356019	0.1492072348064049
1.1413047653460668	0.047103944044996994	51.43856256253267	0.12857949903250038
2.754698455533699	0.005729388838517724	48.2914826278562	0.14033552666113586
2.7622341140249698	0.003300811714402316	48.47846738528642	0.14192650338550802
2.770720196810972	0.005712260720069031	48.20131515856254	0.14248912643440623
2.7819100091575066	0.005010257847482576	48.22886539142297	0.14248912242319986
2.791141349875783	0.0038148936365994903	48.43574400682115	0.14033553969717705
2.7988552447973634	0.003747803281230651	48.47757429293348	0.14192651968438186
2.808535513677776	0.005585005347123686	48.2830526505405	0.1411131668292226
2.8198069072353524	0.0059521048781812315	48.14290696535819	0.14220637540380945
2.831650165295535	0.005295590012873231	48.095614122463815	0.14220637821533721
2.842065164997708	0.005493192153830974	48.094467863793206	0.14192651742518658
2.8523278754385295	0.005838218488901982	48.079136289342486	0.1422063634487792
2.8682336486268247	0.008518537773273995	47.91650948668787	0.14306347807125655
2.8836892463026027	0.00645912282337052	48.00386469250335	0.1403355241686931
2.8917676127168623	0.00345824984504632	48.22199554644273	0.14192652407763579
2.900362677602595	0.004944413740526081	48.05939013508115	0.1424891196226075
2.9125156766858384	0.008242297971158342	48.16915489110016	0.1421970106262646
2.927811557350025	0.0057025393748665314	48.25049683998188	0.14302491906139408
2.937801509776596	0.0037584194196640195	48.22218627251294	0.14085139319079665
2.9448171600684816	0.00382570129638586	48.19037550945666	0.142206377208509
2.9534785819096405	0.0038751987966886086	48.205330475428596	0.14248912250041612
2.960655430545136	0.004057618822614519	48.222485488949225	0.14192651448573354
2.9677188859291057	0.003508228459105123	48.282483105267104	0.1424891194369542
2.9754749868194503	0.003564995656518872	48.214021135567684	0.14248911997570438
2.9816575221922865	0.0033974666612978516	48.18786505095987	0.14220637815397758
2.989826769806436	0.004483844825756181	48.070312295696496	0.14059218159929987
2.9968784505814976	0.002488595680637881	48.29119176011207	0.14192652029088393
3.003454737547435	0.003565368058340708	48.11559093636843	0.14277482160346816
3.011508654997923	0.004702959026051091	47.983953687052605	0.14277483435935986
3.019851499968607	0.00407658226545366	48.08667216644082	0.1388733618708439
3.250124576477871	0.002714908977045412	48.066294655133895	0.14215242461747196
3.2550419640889094	0.0023097817026602936	48.12442095447103	0.14260997119290217
3.2595278832500845	0.0019771117797921295	48.18549701002932	0.14075159778686464
3.26287535414391	0.0015327632610609393	48.25322641526442	0.14192651435230408
3.2666894501453334	0.002491749198884425	48.031679085473925	0.1430752878289672
3.2720631148498036	0.0031214174621671917	47.9612865963564	0.14284164418887194
3.2792015258441674	0.00330671812821928	47.97632414094761	0.1407515790047675
3.2849105228496365	0.002505932260824998	48.06647132319637	0.14238025733500437
3.289605820504011	0.002306032716886376	48.088262653970666	0.1426099971285041
3.29602908513682	0.003919496062234838	47.85342954294673	0.14117437467663418
3.3027302827021385	0.003411995922119421	47.866465902635625	0.14260998718208823
3.310408455583966	0.0037918694122836783	47.79742709232045	0.14331089983839335
3.3168711367677406	0.0025447240057585936	48.00516572910726	0.14054272222730516
3.3235916845334184	0.004478167550745832	47.738477333650195	0.14354859420684685
3.3317808737869927	0.002877355370188092	47.9600220871139	0.14054273869178743
3.335560031040069	0.0017114595770405959	48.161051183117564	0.14238023352579893
3.3405487396713114	0.0029736578403278544	47.913409727507585	0.14238024977252628
3.347387687506162	0.004390343581454214	47.913017347225605	0.13104711312311798
3.473633366365227	0.002226534481414723	47.94082530082446	0.1424906534953647
3.4782597181725348	0.0024269710679410005	47.90851139124375	0.14085279373307374
3.4835431499446963	0.0023238462305249278	47.87545973189903	0.143066612410219
3.4884637414644657	0.0021517858641825786	47.906716350717616	0.1416481722577585
3.492706692892018	0.00292542470560494	47.7487984993472	0.14425525935327
3.497988045274124	0.0022121497296475833	47.88117569194267	0.1424906593529616
3.502619232442244	0.002329886773039575	47.85894960847791	0.14220715423798758
3.5068520109947205	0.0025519985460784843	47.82521924570576	0.1427770993676547
3.512267547889269	0.00265848622766883	47.806272676182104	0.1433590854513383
3.516417426010546	0.001504684208893388	48.03935802307881	0.14192653604049432
3.5209787189940944	0.002707213840898776	47.774232251561756	0.14164817973558883
3.5254657816487476	0.002344467251518432	47.80016456691178	0.1427771198076032
3.5296766776790194	0.0013931098081600532	48.013915305575104	0.14306658354953303
3.533315112443099	0.00286135065845547	47.68378478699493	0.14459624635166252
3.620903886595267	0.002634704908260234	47.63711881300164	0.15473073331431392
3.625885050312825	0.0018870543521697346	47.75698740319494	0.15380147758305027
3.6293203213207472	0.0021886137178022597	47.77345380934355	0.14283450196673042
3.6336801972978816	0.0024539060795061365	47.54385782692031	0.15441827615332968
3.6385068439026047	0.001884627785426283	47.6540441203884	0.15349711712622996
3.642581759521112	0.0023018210774489786	47.56099056701008	0.15319536139569617
3.647088312195494	0.0020755709004154303	47.72456327381901	0.14283453855525294
3.6511462974843742	0.001955954832554413	47.649509518334085	0.15319538640031627
3.6552516487343882	0.0022356389802759514	47.68858336479711	0.1466659721527534
3.66149713360655	0.004186859777173253	47.665690826204	0.1302655477493914
3.7284621568177116	0.0022665803963055394	47.51147328074233	0.15469616164903313
3.734777424751201	0.003640368567460289	47.287088699389315	0.15440923971474035
3.7406316840607867	0.0028365744834787576	47.38159333625833	0.15398314978693356
3.7466022332756306	0.0038243962997561356	47.250124101910714	0.15384227791107946
3.7589329769108972	0.007141031010678173	47.18639076772192	0.1382393375574699
3.8203761200194424	0.006929377682843042	47.16526744663406	0.15688995197894334
3.83395677001483	0.009366128585976163	47.15388683938589	0.1445713351185188
3.8999204211421445	0.01231699138517733	46.87835393637936	0.13611531020387577
3.9624225552952086	0.008804675831023468	46.805274485983205	0.14075196424992403
4.0194233822483785	0.006465173550940794	46.74726706854	0.1516935200283615
4.137117236720474	0.07955502873755041	46.23982106285249	0.1559417614052118
4.283556500849478	0.08464709583336022	45.93364319319228	0.16740134478666444
4.7429742800400305	0.361708099458768	45.18317989302618	0.1897564253394035