-1.582876651306714	0.4289327982758951	50.56185895919265	0.22894932112823477
-1.1881656165807544	0.08642675862093988	50.91441503195562	0.18939844222077806
-0.9104367116750289	0.15958327180773713	50.69341581164695	0.18448893510218112
-0.6582145781583291	0.10203688179502926	50.720773032664226	0.18217212558083248
-0.5366369017826133	0.028920831131897133	50.96047880571273	0.1890722101965253
-0.4417560798768817	0.0619867233599763	50.797078409420784	0.1933715505890933
-0.3704588716343421	0.013150476224613124	51.23430570507777	0.18669728354573564
-0.3326977118705935	0.02411072759214778	50.997253972900296	0.2084238004353549
-0.28697035982922015	0.021701160765396573	51.14775760320875	0.18827435575420562
-0.24560233685272456	0.019729448308414794	51.137048970540945	0.2023546673584395
-0.22161532287341923	0.0046673238481801755	51.55802210660714	0.1876251072075682
-0.19011460385266432	0.026044646510216176	51.25186926907421	0.18423477102212668
-0.15270602757509216	0.011947578575592062	51.425799690318655	0.18971640938136813
-0.129445073620647	0.011324497532158265	51.330762535935456	0.2133860530002933
-0.10736690385079833	0.010763184172528134	51.58659419469377	0.18012628115978543
-0.08295211391032564	0.01356640313776601	51.372975404779325	0.21180639853005398
-0.05663315125538926	0.01276867272632491	51.523901498492904	0.18810228537838938
-0.03181843533821849	0.012059548259288039	51.38856878322215	0.1994200880258443
-0.011210967555601248	0.008625511040672508	51.454022518670726	0.18937242327552928
0.005706242816966245	0.008295978637068149	51.4123029227288	0.1899371714443986
0.021989105850161728	0.007990698822902932	51.35045243000231	0.18799273006944736
0.04024493869974105	0.01021568906326281	51.16585765652885	0.1991075255670823
0.06021028088675989	0.009756685893995457	51.25586360469806	0.18031108714994404
0.07929797677162614	0.009337156276675883	50.87002980519484	0.24208036242325587
0.09308261275131641	0.004522723066730942	51.2382030048611	0.18640879642481611
0.10203514935058561	0.004430446121077279	51.23350256059499	0.18635965881746822
0.12364092106092223	0.01686171245940869	50.79209977054845	0.20445402774522137
0.14422257387878973	0.004020314561457249	51.32182007600906	0.18207863579241904
0.1580705296626635	0.009735361615062367	51.14486066443468	0.18626901011757832
0.16959859977264508	0.0018960684569850146	51.476260891982925	0.190234337989547
0.18267230705756704	0.011039046340419408	51.20849398741892	0.18368155403274986
0.1989230088755431	0.005316806550166075	51.383626442237606	0.18905616847036866
0.21458750145302735	0.01025690568454038	51.188001302439645	0.20417510847416276
0.22970660850740549	0.0049529878124926745	51.526420709599726	0.18808379336692888
0.23788411384491986	0.003240399040845856	51.654896413513335	0.18610574219638448
0.24591048306784274	0.00477159291195766	51.33171462293827	0.20897168650308293
0.25535032941213626	0.00466899639319301	51.231148538639054	0.19089587695937937
0.2645893474907282	0.004570718978239426	50.904218345907	0.2146274416979286
0.2736359053794561	0.004476493543800757	50.872662522083765	0.18954929378857566
0.2824978588212736	0.004386074549312161	50.579547552623154	0.20349701029365327
0.2911825907907481	0.004299235914419149	50.49904737404755	0.1848926053029221
0.30110003763373766	0.00560289607201667	50.08802461011703	0.20702625377427183
0.3080477870297564	0.0013784938284537357	50.51095046490934	0.18337417497786224
0.3148861336809979	0.005427832920903254	50.242442658542146	0.18303134573030164
0.32560834449116877	0.005295466926811276	50.1809327365059	0.19380045207229935
0.336072201890033	0.005169403143338496	50.27546961440703	0.1856188286094486
0.3475503335867301	0.00629321086637078	50.2368733499319	0.18612301589804442
0.35503728024749165	0.0012371299839229806	50.58647129380825	0.18824757617540924
0.3575045181884177	0.0012301217430260324	50.650100867305184	0.1849801742166476
0.3636119800511976	0.004851774687827941	50.331228139377124	0.18627493910900492
0.370829337658179	0.0023859056803318076	50.578720663612	0.1833026577159676
0.37557512422793066	0.002359975446665875	50.58236605994695	0.1997986154454112
0.3791007373500153	0.0011704473313782068	50.96208205799903	0.1823470743458275
0.38259796151116016	0.002322119937447785	50.83346047042265	0.18573510912198965
0.3872175447209473	0.002297550490201036	50.871250677979994	0.19616135454569797
0.3917885062352107	0.0022734955190003704	51.09502184014269	0.18375110573559783
0.39631185890179893	0.002249939031843686	50.97517028599414	0.222700285257838
0.3996737218935636	0.0011162947731415658	51.435968719741474	0.18702058224315474
0.4030097597380478	0.0022155055844263172	51.41066979631835	0.18057446068961724
0.4085135023953644	0.003281409004115037	51.4035521218032	0.18040786602744482
0.41286682342235165	0.0010828936067490483	51.57561293363401	0.1887435652594685
0.41717693835046826	0.0032165990511576602	51.415271682574065	0.17843512426779162
0.4214446995357907	0.0010617149032990604	51.61833530223343	0.18491056524955693
0.42461822034992697	0.0021079698185136582	51.242574517372965	0.22014635780051986
0.4288138289037056	0.002087703310541023	51.40649539715668	0.18958381814540431
0.43296929073266627	0.0020678227927389183	51.36023690683194	0.18934890694375686
0.4401470285293942	0.005084820060955422	51.02448275342737	0.20293300165949751
0.44620634489761696	0.0010028737600086479	51.485215213054076	0.18071267475991418
0.45119198670381017	0.003965706943950497	51.08112251383647	0.18448765791024574
0.460024401231313	0.004857336782439985	50.903001597090096	0.19193214832204808
0.4677274205444966	0.002863165466818203	51.02570178444401	0.17943881707225562
0.4743572767993162	0.0037597184851326355	50.957848619853785	0.17923941947079589
0.47996055166847834	0.0018557610581917037	51.04605456740692	0.18447816064703473
0.485492452875731	0.003664545780145276	50.84647940993392	0.18822051657268096
0.4909547765426207	0.0018093718621744548	50.97101553442108	0.18924744950320618
0.4972418496814664	0.004458417839371487	50.67716676432247	0.1981604980466424
0.506068380129852	0.004368720266940933	50.731852877646176	0.18559539770305622
0.514719089045188	0.004282560711368553	50.63128609690878	0.18877472122818942
0.5215176936821295	0.0025296251716812306	50.73467421599373	0.1856495510428681
0.5265477021882745	0.002500496008698168	50.597529256645466	0.19482571914435726
0.5298689649018005	0.0008271488080123438	50.92898695918435	0.1829860242224873
0.5331650209377887	0.002462684896616628	50.56395063378074	0.19502556777613872
0.536436249622863	0.0008147349813271092	50.917613858374224	0.17578869000652886
0.5388736023807914	0.001620350645277241	50.52235473385925	0.20862346146441377
0.5421022723725522	0.0016083491594253566	50.579047469593256	0.19021060771035495
0.5469007132918426	0.0031813532231987603	50.825755765666166	0.1776928671859937
0.5516467165474086	0.0015733882126674102	51.12579097603186	0.18683286468489432
0.5563414144020817	0.003112943154206266	51.29877045655633	0.17890744546662235
0.5609859056749289	0.0015399148359851573	51.62521376284159	0.18637567216630066
0.564054866220393	0.0015290713200918043	51.651394701654624	0.21074367492425838
0.5671022919127822	0.0015183794485043188	51.965210235139445	0.18636088441270457
0.5716337076746227	0.0030052381737276953	52.08086481009184	0.18189001790001594
0.5776029722956897	0.0029642145326694747	51.74057237462805	0.19363770642013062
0.5820266870928976	0.0014670871787560477	51.86143379064565	0.177624582864695
0.58495099443356	0.0014572417804287461	51.64159979782165	0.18472056872485684
0.5907411906513795	0.004313826488648557	51.192553111706836	0.17950793291698014
0.597164198830626	0.0021252482587208665	51.15968939072937	0.18532927147113962
0.6055830615580224	0.0020844467563613973	51.25770627683445	0.1881300800440632
0.609732073279776	0.002064627913125086	51.333284328322	0.18613077162354358
0.6158822038538978	0.004071192704889201	51.33214319724564	0.180908463425481
0.6226150646626463	0.0026723758584489155	51.30501278852938	0.18306365168353583
0.6266052415272854	0.0013239676306179735	51.34060752749796	0.18604887469607018
0.6305590920005064	0.0026239376580712045	51.08645735410432	0.18858764802717212
0.6357755135098293	0.002592609397810019	50.99679202067696	0.18414832170934944
0.6396471190214617	0.0012847998871034906	51.13756034957618	0.1810267415764125
0.6428472994474943	0.00191305108973013	50.89634229593638	0.1949410964670091
0.6453905723110143	0.0006339602687170686	51.14215971465279	0.1898517145402468
0.6472883013823079	0.0012623922143399934	51.00682589911341	0.18935844064967147
0.6498057746511192	0.0012550956782431684	51.09046157650833	0.17833692530150438
0.6535548334792247	0.0024886153237309925	50.83875486570443	0.18490899045839013
0.6572718047911139	0.0012337035203954672	50.907891647991036	0.18935408012532695
0.6597322290312195	0.0012267339363683947	50.89500086352074	0.18896394573688932
0.6646116510273385	0.0036390851067512825	50.635115285600975	0.1898910354148682
0.6706348318716147	0.002392642278740089	50.78413954556447	0.18353324786658304
0.674209047000184	0.0011865158983722297	50.94594305031974	0.17924444910700973
0.677754086522445	0.0023537401627653893	50.7879883631383	0.17962172749760416
0.6824362365518002	0.0023285006736151154	50.651172361136496	0.19637647516661516
0.6859150177926137	0.001154961722052927	50.899001573104584	0.1859560558057934
0.6893661539853597	0.002291640297226442	50.690794687210406	0.1908752414315791
0.6939254189250932	0.0022677082786715665	50.72233384875337	0.18708243863999555
0.6995580052739887	0.0033577306748861276	50.544393844989	0.1975064672831248
0.7040120609402203	0.0011078234345926195	50.86323695807752	0.18534774797527143
0.7084209002665307	0.0032899020145553967	50.516619587257345	0.20658681353921277
0.7133279267756691	0.0016264695651220416	50.82681173078536	0.18753182834936732
0.71925107254094	0.0010696249784642243	50.90841988302391	0.19017285191259656
0.7250945212904452	0.004748982850675511	50.660506330325255	0.18601977250009144
0.7313807823018601	0.0015602460276404524	51.00421984337922	0.1791730172513698
0.733973438067469	0.001033972934515923	51.046644943745406	0.18794783878900564
0.7370643316466037	0.002053280453351384	50.91026213866587	0.18792348935379316
0.741659813310847	0.002539585297619002	50.80831863447125	0.20108586604727818
0.7467095124518937	0.0025102276270021692	50.93707546646538	0.19003564400838574
0.751701171124362	0.0024815409505138195	51.02956293153994	0.1870495043266331
0.756636108397938	0.002453502523875271	50.88297693108649	0.23396197922554524
0.7610301093817156	0.0019430433728248207	51.19562658362701	0.18903616291829425
0.7658607524592436	0.0028823260779645555	51.202284965102535	0.1878168505934972
0.7696869495298206	0.000952347967509201	51.498770413291425	0.1883861390140518
0.7725346369028614	0.0018922476195010218	51.41544207207118	0.18306739696291052
0.7781745991012161	0.003735665667211266	51.31525211363538	0.18674616544290595
0.783281000843046	0.0013844997032843901	51.580813953436575	0.18663536401875955
0.7860412103300207	0.0013757282566362451	51.62721591498555	0.18789446430016904
0.7887839877155098	0.0013670672526342495	51.436172811952	0.20150754083024325
0.7906029292417034	0.0004537845275452434	51.72363837894712	0.1836856768744532
0.7924142849903779	0.0013556874724211774	51.40568574139678	0.192997203584964
0.7942181173030378	0.0004500227775716654	51.61473447786486	0.18646136060921756
0.7951172313159935	0.000449092065233187	51.385528320759526	0.23222488255967005
0.7960144877503812	0.0004481651946454742	51.60123201114526	0.1853849163589108
0.7995850910415874	0.0031114695996437075	50.969323256780456	0.1960649369034313
0.8031265770468465	0.00044088572359716685	51.36996305985454	0.1880154454419318
0.8053254300087247	0.001754636561113706	50.97159345727529	0.1882299339674328
0.8092555261329553	0.002173537269118691	50.66864808246038	0.2063810507842436
0.8127193356650633	0.001293762420526798	50.80351493274628	0.18521799111472975
0.8157276713726129	0.0017131087490556954	50.57778386525888	0.19454428200549934
0.8182897619566794	0.0008515160667842144	50.69303835124874	0.19096970445936262
0.824209840904097	0.005039924356996294	50.52939280933725	0.1822730230034279
0.8325295145134743	0.0032961964370751746	50.75895595531867	0.18908903477472075
0.838666319797879	0.0028437036364192627	50.974138280335424	0.18608386869807358
0.8427098710952106	0.0012074356564974755	51.2348428386592	0.18944534822521725
0.8451180532080187	0.0012007589009325555	51.34065963368247	0.18595169251160676
0.8475129554481278	0.0011941555801903657	51.184351422947294	0.2207119966142492
0.8498947236724921	0.0011876244888411956	51.41691822567704	0.1777652604957403
0.8557926163796061	0.0046864203781121425	50.993711036082274	0.17734939511356695
0.8616114853217152	0.0011560121070578828	51.14003549082884	0.18378162100107315
0.8650657479537831	0.0022937079273318106	50.81238796261842	0.19461068503635934
0.8677335296416635	0.0003799435563447734	51.22513801805922	0.1855451989412285
0.8711396301947283	0.0030158030071838057	50.747267536279324	0.1815009622750603
0.8748931168677077	0.0007474626425500758	50.943402823151686	0.18601438582878685
0.877872722906033	0.0022270560152289455	50.56373612203633	0.19879905683609994
0.8812005246239392	0.0011050281541848256	50.78530698734616	0.18072423397047238
0.8845030205073112	0.0021933141629063117	50.544759269197584	0.18703715486069397
0.8892293894676868	0.0025311697038398685	50.2471974231757	0.21749190164151355
0.8924716179930756	0.0007178124569043097	50.65005998737431	0.18555999301891202
0.8953334180412293	0.002139293863815286	50.13739331298168	0.2282290607841209
0.898530561745617	0.0010618014305010179	50.473341801120895	0.18353099481136126
0.9038073810772083	0.004195913032349988	50.01258818214088	0.21703355817098505
0.9107448630713839	0.002752946281524797	50.39342651702128	0.187727380547222
0.914854774068766	0.0013635084395540945	50.62571298287943	0.19105835896079096
0.9182502371539523	0.002029334442248178	50.493444701314296	0.20908297919400406
0.9212836204595689	0.0010076048456577266	50.79367231242817	0.18938819464511575
0.9232941691641219	0.0010029509606548999	50.63008534421789	0.23550924762022696
0.9252954528245381	0.0009983398687390178	50.89721058383989	0.18858378535928502
0.9269561734465541	0.0006630197042114479	51.02500613330579	0.1883309221614761
0.9289406914516154	0.0013199938658745595	50.95498628736782	0.18690847891825246
0.9325555882610703	0.002290841620581908	50.93546314330608	0.18410543623996917
0.937113272366632	0.0022669261943613506	51.021369634002596	0.18901352408665562
0.9403397237415516	0.0009643487993579378	51.29169127945146	0.18813861644936847
0.9422641512313363	0.0009600850710158124	51.30890055449689	0.19446380389148485
0.9441800890429917	0.0009558588792740572	51.45544512353638	0.18497289314808693
0.9460876114382222	0.0009516697313039606	51.418640039924895	0.19470861701776848
0.9483025166415291	0.0012624380851094035	51.56071132930519	0.17999878171975683
0.9498777042093174	0.0003144668779050789	51.67010017870325	0.18896494419537982
0.9505061828707053	0.0003140121339518278	51.63369605531014	0.18859564113786434
0.9514471990904474	0.0006266649569998371	51.47048949910252	0.17904329049513662
0.9526987239567839	0.0006248616695125654	51.223491944363026	0.19275432223523478
0.9539466526115945	0.0006230687305060354	51.20498453755145	0.17950664025635069
0.9551910056628488	0.0006212860511552606	50.91820674848244	0.19817488400568092
0.9564318037726627	0.0006195135433197079	50.87034714475253	0.18403630108455696
0.9576690665053882	0.0006177511211749312	50.74576701332031	0.18599684716128378
0.9595183771004061	0.0012302524181887152	50.57170430715664	0.17664484250742554
0.96105347639139	0.0003064778813404309	50.902052728715226	0.17831090670292252
0.9616659998753396	0.0003060459334634874	50.695713411052395	0.21414811818764823
0.9622776606804289	0.00030561520144182434	50.88877160612574	0.1876762210683964
0.9631935401249816	0.0006099427432254567	50.82030023259465	0.1840451673648322
0.9647157262454789	0.0009117129878466549	50.63830011037495	0.20106235270958353
0.9659296453339739	0.0003030560565671205	51.01950094668539	0.1861554774650431
0.9671401809397857	0.0009066375181425577	50.95963277527292	0.1743371881821561
0.968347351572681	0.0003013736386090856	51.19434115995731	0.17784744653678894
0.9692505327220671	0.0006014950754914869	50.82162856528377	0.21233078518960666
0.9704518597829843	0.0005998335442955896	51.00955781606518	0.18455152428199664
0.9713506796137832	0.0002992967035249864	51.124622560943585	0.18738967803599443
0.9719488607504816	0.0002988847471009146	51.177710700423646	0.18257501071271148
0.9728445904508436	0.0005965378688395588	50.97700517674767	0.18501792463550193
0.9740360305946874	0.0005949035742155882	50.76790437145042	0.23554809408611155
0.9755207487254949	0.0008893098838577347	51.0222047037748	0.17517080609815355
0.9767048793664699	0.0002956294761118457	51.28592420899913	0.17504260150010578
0.9775908634875334	0.0005900539816541284	50.780484835124845	0.2312637263088886
0.9787693709700591	0.0005884549735760139	51.076762162140405	0.18285080810345083
0.9796511578931264	0.00029363069647390114	51.22981921888529	0.18537583814293562
0.9802380224681972	0.00029323417963097293	51.09248404695445	0.2045292642840482
0.9808240950799312	0.00029283873225100426	51.28280125599469	0.18265866173168063
0.9819938732333042	0.0008761530852732626	51.058694918951204	0.1831440344816173
0.9831605088905486	0.0002912675509990549	51.344132466357635	0.18817096491269364
0.9843240191786509	0.0008714647975738578	51.11903065279329	0.1851335618588163
0.9854844205109332	0.00028971313963434964	51.36619196313386	0.18859442536932572
0.9863526916480869	0.0005782690079808934	51.21876863842505	0.1897048063962932
0.9875076922058192	0.0005767331522326245	51.29748694363299	0.18510941144479243
0.9883719317008994	0.00028779330155470634	51.52972629444592	0.17731755269185193
0.9892344543594356	0.000574444604201273	51.3335919349094	0.18720100059142158
0.9903818267859454	0.0005729289689699926	51.27247091245206	0.1976829403351323
0.9918117923013552	0.0008565684530951733	51.29522820543298	0.18400180043387793
0.9929523845306945	0.0002847739299137652	51.71876603477688	0.17316686908255421
0.994089989055426	0.0008520868809458294	51.32449603473692	0.1853783056315964
0.9960736545560549	0.0011309383987043965	51.3199305597842	0.1838337031234259
0.9974850316260713	0.0002818172557131114	51.52134374548466	0.18986283988254515
0.9980483005891452	0.0002814519827835151	51.399474782313064	0.20347485445750826
0.9986108403716356	0.0002810876552424584	51.38696917040177	0.19060352192376406
0.9994532855445717	0.0005610858588653698	51.297569910751164	0.17702805615070513
1.0005740101509035	0.0005596398076412372	51.10957085485475	0.18389078530985684
1.0016918496824756	0.0005582011914246321	50.78091147973609	0.22589599715558045
1.002528345604695	0.00027856353658785234	51.179397945232054	0.17583871045199656
1.0030851155167582	0.0002782066441392688	51.09918271453632	0.17861683357437763
1.0036411725579797	0.00027785066501367434	50.955698500387086	0.18503737434687176
1.0041965189650037	0.00027749559544541297	51.03206934023771	0.17823047653259808
1.0047511557264566	0.00027714143248000776	51.145512241103404	0.1755133291972863
1.0053050850655734	0.00027678817238676554	51.11410193970787	0.17943890771426582
1.005858308784649	0.0002764358117175246	51.19161416201041	0.17592620509220624
1.0064108290904932	0.00027608434678013424	51.130203696780086	0.19317562875534122
1.006962646948361	0.0002757337746851144	51.39681641241175	0.1718546647873034
1.0075137645519325	0.00027538409177438745	51.48075571381787	0.16746312377784026
1.008064184086031	0.00027503529440972677	51.275283656929105	0.1740340854558419
1.0086139064987147	0.00027468737974929497	51.22531409450289	0.1721372472570734
1.009162933961877	0.0002743403441882932	51.07428520814723	0.1734486935520621
1.009711268230388	0.00027399418439900416	50.985204688637815	0.17520761889738892
1.0102589114602427	0.00027364889681355363	50.828384536762144	0.17973782980060612
1.0113521297240473	0.00081888277913881	50.63869555089324	0.17227463112751296
1.0124426034221394	0.0002722764062178096	50.84336534257298	0.1793397808689863
1.0135303456271905	0.0008147859325784635	50.596404480684654	0.18269052085619358
1.0146153703920993	0.0002709176144143889	50.875957057904984	0.1835362249616763
1.0156976909925417	0.0008107298750105216	50.81855128076551	0.17013913862802668
1.016777321141443	0.0002695723173307887	50.91837972593526	0.19018534606785584
1.017316131286286	0.00026923807814276454	51.01395081076475	0.17957198389255638
1.017854274181917	0.0002689046665178334	50.941967576931525	0.18585388212330636
1.0183917506789888	0.0002685720798812557	50.99099933163712	0.18503623457267226
1.0189285628251161	0.00026824031492793057	51.0609378995515	0.18050768912361867
1.0194647122606242	0.0002679093686165568	50.877979941744435	0.1993624777846222
1.0200002010184885	0.000267579237675164	50.98858713104993	0.190961303147071
1.0205350299289908	0.0002672499195842706	50.98503433467489	0.19859421456319365
1.021069201013553	0.00026692141110100473	51.09859544977992	0.18156447603838655
1.0218692281476516	0.0005328603192559364	50.77514125608215	0.21756578734715543
1.0231993398556978	0.0007968462405075903	50.985265817517586	0.175833996154905
1.0242605040599826	0.0002649671955128478	51.21831797040853	0.18191042377641345
1.0250546789019133	0.000528966209276257	51.06084306392574	0.18122541674120143
1.0263750852601332	0.0007910406153783285	51.096683820063596	0.17513654783718643
1.0274285275836341	0.00026304138680271187	51.23718268891825	0.18986285258175312
1.0279542918694329	0.000262723137104445	51.09849598646188	0.2152584534692224
1.0284794204255918	0.0002624056565663418	51.440356565502874	0.17346580534364553
1.0292659248193705	0.0005238617434563551	51.20875955980286	0.1807492034840345
1.030312386509802	0.0005226009829937114	50.98416768922688	0.21682948684018308
1.0316169278189047	0.000781550310625215	51.19712053395939	0.17429172858496383
1.032657746486171	0.00025989317015834247	51.38157937673366	0.18154287857917809
1.0331772222992233	0.00025958248809927374	51.27102088501389	0.19358225308338423
1.0336960771038288	0.0002592725481764076	51.42785474071398	0.17749773509425593
1.034214312768408	0.0002589633475036737	51.28880004417531	0.19929168349514204
1.0347319311542453	0.0002586548832098484	51.4547123643264	0.17752656883243545
1.0352489329606147	0.00025834715312547706	51.38583525639372	0.17557295907550385
1.0357653200387404	0.00025804015440385907	51.258156745323724	0.1724744331180243
1.0362810938487432	0.0002577338844408115	51.022830145372346	0.1732910171009857
1.0367962562291422	0.00025742834041712594	50.7120358056712	0.18636590067873227
1.0373108078620412	0.0002571235202085384	50.26464401075155	0.22998172808489495
1.0378247505760954	0.00025681942101977957	50.3919082906382	0.17930787100164916
1.0383380858107896	0.0002565160402956262	50.462655576877545	0.17613878108256115
1.0388508153822935	0.00025621337526768046	50.51526179478061	0.19452858979328816
1.0393629399558906	0.0002559114238557735	50.82817171906497	0.17909307745106412
1.0401299964664357	0.0005109196574501611	51.05211867315292	0.17858686669724402
1.0408957005801567	0.0002550098246051572	51.66162726885317	0.16948794587964353
1.0414054208830814	0.0002547107016804291	51.62702830048502	0.18546162494975785
1.0419145436416055	0.0002544122796674776	51.783283390107535	0.17742016292589474
1.0424230706337467	0.0002541145558840365	51.67383212554214	0.20017322522435657
1.0429310024961964	0.00025381752832454404	51.81867761280463	0.1835026868811122
1.043438340997619	0.00025352119432915746	51.764254588590816	0.207665286793732
1.0439450879000516	0.000253225551251469	51.93081151742404	0.18809704995488372
1.044704100748548	0.0005055667551380194	51.981962945388	0.17728120906562903
1.0454617893905809	0.00025234274541151503	52.24035748105781	0.1771325016862904
1.045966182136024	0.00025204984284841846	52.08472822174556	0.20290845379125289
1.0464699893804499	0.00025175761967781847	52.35119281754362	0.17618675180003737
1.047224606289895	0.0005026411062126632	52.137543420950564	0.1757839832190494
1.0482287267848307	0.0005014803057857038	51.86346599790458	0.17856059807270644
1.0489802963957715	0.00025030660901695313	51.959357817371405	0.17146527181982718
1.0497305679946205	0.0004997491231653671	51.52816103286138	0.18399346136700967
1.0504795453144022	0.0002494440032825861	51.629049368092225	0.18860884116464452
1.050978146891934	0.0002491577877967293	51.484480697777805	0.20995731548244562
1.0514761770658998	0.00024887222816076613	51.60821185561058	0.18179216515462032
1.051973636404048	0.0002485873225470579	51.663935687194375	0.17994566550484078
1.0529668491501205	0.0007440583909366225	51.531128253398165	0.17838830843067957
1.0539577955204122	0.0002474541932710192	51.742487129777906	0.18901419861801355
1.0546995243719266	0.0004940638569675022	51.51525332878474	0.21218319067653454
1.055686529648146	0.0004929422909599249	51.80413336895127	0.17853740854155947
1.0569171403173072	0.0007373212106897837	51.64136713680296	0.20139290532729073
1.0583892847617056	0.0007348261163195623	51.86457150320089	0.1828198552166514
1.0593679493153756	0.0002443906935254903	52.22642819516276	0.1771597957626444
1.0598564561184047	0.00024411595046093962	52.173535060702825	0.18550854294610492
1.0605881870339349	0.00048740998492798103	52.03768238036088	0.1784954853730633
1.0613186871494749	0.00024329541579947822	51.99301053250074	0.18288242774652003
1.0620479609605076	0.00048577442662433706	51.609037512925546	0.20136939071888998
1.0630184245162246	0.0004846901391873719	51.547480849164735	0.1849142343947738
1.0644700662993267	0.0009661455061151602	51.165755908679046	0.18099922772211388
1.0659168719086638	0.00048146612549559243	51.047244074410145	0.1887720343979996
1.0668787381907285	0.0004804009644332339	50.88787172993851	0.21432653213776934
1.0678384788584856	0.0004793405059388555	51.032236469787506	0.18669664008417083
1.068796103464126	0.0004782847187428539	50.91172707509962	0.20485537918138005
1.0697516207852698	0.00047723357263367906	51.030924065438285	0.18479586681058016
1.070705040784648	0.00047618703629811245	50.99648838831662	0.1869608000558985
1.0721312574587234	0.0009492516200366477	50.84791233191533	0.1846690900572269
1.0733162038259971	0.00023666629354565923	51.07751630032978	0.19002503950889404
1.0742618388923602	0.000708454607241753	50.77433972758111	0.2150674041151411
1.0756764416896556	0.0007061507523542391	51.135754897846155	0.1796009982576894
1.0770864518536427	0.000703861832723929	51.17082166957655	0.18765371554504615
1.0784918988766807	0.0007015877039636164	51.28562438646245	0.19617211060882583
1.0801258593076233	0.0009319374090118879	51.42489891155344	0.187643774927084
1.0812892214347058	0.00023236108284242378	51.88159781136787	0.18706766970706423
1.0819857458669122	0.0004639774384861552	51.715179444715815	0.19032525471916834
1.0838377013850764	0.0013860093566973044	51.562813762851235	0.1823755143983264
1.085911755038575	0.0006897029964558247	51.70881125387212	0.18914654540776912
1.0872889749654326	0.0006875192979780279	51.726475803183405	0.18721894652649818
1.0886618414149782	0.0006853493834828659	51.74070686522339	0.19018723360679216
1.090713037942011	0.0013642401461386848	51.35331320898835	0.19534853049487008
1.0927545920796518	0.0006789210524276051	51.18647528571493	0.18786602664392799
1.093884655741038	0.00045143783351389317	51.07121773294555	0.1843926232149909
1.0952368619306332	0.0009000688724473333	50.64869696976291	0.1867753592597068
1.0979287089130414	0.0017890146263062625	50.015930310487825	0.1826234782451378
1.1010482538031976	0.0013321576089669741	50.00094036454037	0.1899478326561902
1.103041907241193	0.0006630281394561908	50.33128979660955	0.1899206102003132
1.1043659431128294	0.0006610098402424813	50.40912439143551	0.19610808928273074
1.1059055671677254	0.0008782275105463014	50.55548370740553	0.18564328911761024
1.1072209144144138	0.00043778582386554046	50.803729807383384	0.19064196489239404
1.1080956047793906	0.00043690498908674356	50.825019141645896	0.1943635917350738
1.1087504681508045	0.00021812334291637729	51.10369283239448	0.18525805506528698
1.110274653864058	0.0013041549966812352	50.8997508460292	0.18130580572933686
1.1122264936960198	0.0006491534568896769	51.34979822751838	0.18161562763807826
1.1141696007053625	0.001292511044448373	51.39045554461357	0.19850456702930191
1.1156749185459167	0.000214673133015569	52.10934457763795	0.18772240890060138
1.1163184607711243	0.0004287105272639186	52.09317863486781	0.18171725371381373
1.1171750366815523	0.0004278657981244885	52.25252366740615	0.17890039064067603
1.1182433859308962	0.0006402218351268626	52.05000605089492	0.17805826495721308
1.1201598168195708	0.0012748058468864901	51.50647806227485	0.18337486953376186
1.1220678282319845	0.0006346087262547965	51.34125502028831	0.1818639961945747
1.1231242235278731	0.00042204463630677626	51.217319919409015	0.1897189635831174
1.1248091294433606	0.0012612312824793299	50.99157240317588	0.18943547148931217
1.1266968677438827	0.0006278805067420769	51.22059406857505	0.18209004085281738
1.128993015590678	0.0016655189735668217	50.978478408523756	0.1923881889854662
1.13148413583947	0.0008279964382733292	51.20131712517474	0.18497970824684024
1.1335492093775794	0.0012361029820248193	51.12550762602106	0.18930460097492652
1.136014405505726	0.0012291063375757672	51.18190587401316	0.18445870167064488
1.138261941397533	0.001018968306356571	51.08005593763066	0.18734499884988484
1.1396861592605936	0.00040625287695405745	51.204805011049864	0.1838118326113958
1.141308138069477	0.0012142153683447098	50.8336584315945	0.1909762149475937
1.143125652650062	0.000604572258510266	50.92029444288856	0.18523314340848887
1.144333117107955	0.0006028937070215066	50.801894009632136	0.19106649569700157
1.1457375956533267	0.0008012628525119539	50.659186753699856	0.19241861844119496
1.147337172028832	0.0007983171008178675	50.59675056487788	0.18760203210838905
1.1493283929221112	0.0011919978459418155	50.35229818254189	0.19185731298789457
1.1517058691606767	0.0011854902714434569	50.25317574212718	0.1862673110213697
1.154070401112068	0.0011790533658384184	50.08186248804517	0.20637965511679865
1.1566175326847044	0.0013675182172738138	50.261405266909776	0.18798032269551465
1.1585667492799798	0.0005834546676667549	50.52890017828645	0.18601237959721453
1.1603135954527874	0.0011622251471377113	50.139100726658604	0.2529253471278231
1.1626318473370576	0.0011560377503447414	50.54082460753102	0.1838901736960461
1.164362451289272	0.000575720132352302	50.80910226029408	0.17871224481973932
1.1662772908394006	0.001337437088018134	50.65289125859778	0.18227864092703439
1.1679934575270459	0.0003806178495989091	50.90106713643311	0.18898307628121316
1.1693235809690818	0.0009486347652731081	50.73084464267798	0.19956105658257775
1.171216718357124	0.0009445085618699968	50.79522771149647	0.19045983383877393
1.173101639043139	0.0009404180981135081	50.60153098346195	0.23165861700814397
1.1749784142669595	0.0009363629111792442	50.81271141754499	0.18984229042801676
1.1777784571325827	0.001860690567306686	50.74610296076676	0.18191941053350952
1.1805605628190992	0.0009244045078540879	50.88363539927779	0.1848178818152286
1.1829573884151119	0.0014709069896448688	50.77664939079686	0.18604991681365443
1.1858892835679296	0.0014610104307609803	50.694304904920166	0.1999606210866274
1.1878935410133877	0.0005453562903699039	51.18750560181068	0.18733885899771088
1.1898885912711543	0.0014476181142255256	51.00937639352803	0.21012050187967576
1.192774219626682	0.0014380314375773999	51.39506528936961	0.18925305132018277
1.1951047563882742	0.0008939595352857686	51.714319030675554	0.1893884534343972
1.196532741407257	0.0005346149835065661	52.033507094053185	0.18071235220919277
1.1981336321128588	0.0010652958407467758	51.74838371150761	0.184778786575027
1.2002590146194394	0.0010600951531826042	51.37268724738495	0.22413596858288742
1.2020222556616564	0.0007038665859345742	51.50348762518013	0.1892754800777194
1.2048286351352508	0.0020979987448803477	50.87349758120159	0.22422979116000985
1.2090044921297425	0.0020779226021445016	50.77888616498103	0.18403863866326964
1.212453961082002	0.001374322444133702	50.54663412103027	0.18812789290705165
1.2155352300631317	0.001705757867522436	50.039622640218084	0.23542005181402562
1.2175773308577313	0.00033955120649009136	50.59354193395037	0.1903196979073204
1.2184253803727196	0.0005083332145459909	50.41095503988411	0.21220230321548195
1.2194408586238261	0.0005071460055948624	50.54481653681995	0.18985933276918368
1.2224731242997227	0.0025180870983623595	50.24567826028603	0.18997186192242213
1.2274803220021206	0.0024892215386892558	50.12944587964714	0.22520534052551103
1.2319379654283968	0.001971042068967413	50.44705469603951	0.1870432051703009
1.2348845102358856	0.0009788572307565856	50.64451971554513	0.18641319115561417
1.2410401084469977	0.00514709854245234	50.46612444146521	0.17629881287736857
1.2469510329660238	0.0007933623460897453	50.88073987108095	0.18275613150438025
1.249797786916527	0.002049265263515382	50.439943997421345	0.21676582785587906
1.2540332328884267	0.002185482915884197	50.56349809870996	0.18326034767445717
1.257608908814988	0.0013934333922325612	50.59006964707155	0.1868519380788655
1.263605529137283	0.004581084881018168	50.302459972000065	0.18114094966412408
1.2690683293974931	0.0009047644628336395	50.517782744870566	0.1892856351046379
1.2711743319466828	0.0012005168725200094	50.27478596057767	0.21579631111044292
1.2731208033697219	0.0007469676852389145	50.49906449553534	0.18873462950128184
1.2781707097616988	0.004282327731279054	50.080203513896286	0.1860147455183632
1.2866520082179622	0.004199509836182599	49.90810663017812	0.19435884845082518
1.2914046606276524	0.0005729384170506272	50.41866186935896	0.18318374484215583
1.2962475347537254	0.0042493874711872805	50.0927181558484	0.18088317275007812
1.3046642219809361	0.004167826636187579	50.205573774179214	0.1862342420483541
1.310186071061462	0.0013717233836133733	50.60823717602694	0.1799786001502124
1.313057178814619	0.0014989533582995705	50.43236236913574	0.21239218909497692
1.3164505989175634	0.0018929103675732319	50.59488655208724	0.1886343942832028
1.3190119805730713	0.000672064006854742	50.89111276681019	0.18417348352995425
1.3210235069889218	0.0013379167969370723	50.75152798498182	0.18766055848451485
1.3227593252686871	0.00039977399722049305	51.02656848735385	0.1896722717562157
1.3284519469754057	0.005260907398353953	50.53720384773101	0.17835462847531378
1.3349787899039907	0.0012956086033279338	50.74666615576048	0.18425250513194233
1.3426836885320257	0.006364128337383507	50.34825007089209	0.18657431897491816
1.350254272572437	0.0012508301489343632	50.635852705976546	0.19079556569036188
1.3551053160510258	0.003587114958287778	50.32483089847416	0.2108509083656415
1.362220934030255	0.0035288213878757464	50.53941701243593	0.18512476719030202
1.3674220552885543	0.001683288643904976	50.73737040687635	0.1864513945818697
1.3699396767703385	0.000836779392806294	50.88412928613294	0.1893973587692678
1.3784623750579599	0.007619098614559551	50.45458752082705	0.19163829808162414
1.3875103831931168	0.0014924011748127855	50.92418059425382	0.1875407785826166
1.3955856464745635	0.006535742906495584	50.65990516468808	0.18500463050207147
1.4052802466419063	0.003195732095345516	50.80663144114904	0.18533549897990864
1.4170214415757585	0.008473410816927516	50.57620686891913	0.18451449706423964
1.4418268505857732	0.0161073051675507	50.410423207270604	0.18368133222774408
1.4589106440364916	0.00126615047251714	50.91998289797117	0.18641249859085657
1.466920212584219	0.00669314818892868	50.53226000965251	0.1875432737242526
1.4801043491054613	0.006493013473067241	50.51280914378978	0.1888420069834772
1.4891007412678006	0.0025439578022654957	50.73159221505829	0.18587608272605718
1.5058542599169842	0.013986799066231726	50.51666061907459	0.17376515108309953
1.5329638547238886	0.013140404705176063	50.53149083684206	0.17695240515282934
1.5509814502675114	0.005042560724329591	50.67206865054079	0.18696555321120578
1.5661560705364845	0.01004316213219317	50.587169147195084	0.18243518073876197
1.5858644520597545	0.00967029676476154	50.54413556229455	0.19412771167661882
1.5960683142635261	0.000639185343860393	51.17333515874431	0.1904697000623731
1.6387822304157758	0.040101297932529936	50.47517092087071	0.1838936437837022
1.4495182112152059	0.0016670522548507482	50.7239099779936	0.1659463116188325
1.452360297182271	0.0014460662518122754	50.74917137825455	0.166102599590992
1.4553066820742566	0.0013110739752630843	50.754213291265685	0.16626245783717555
1.4583941371887805	0.0017210884323530492	50.60906195350524	0.16626245405797824
1.461692118727697	0.001751616668326505	50.62616639447423	0.165973341887869
1.4647923239744443	0.0013379980885433766	50.75414799609473	0.16612857760120375
1.467350273367538	0.001260887301607356	50.77344817930141	0.1657002795586958
1.4699976928073393	0.0012413567721938675	50.739233729065276	0.16626245862134365
1.472695123946418	0.001528524850219468	50.63463705897115	0.16642599076189266
1.4758491989872924	0.0014237934873887993	50.66479929770757	0.1662624564900456
1.4782265973505349	0.0011761356186982754	50.77057279038023	0.16574975306019046
1.4808041029240686	0.001273360014962835	50.70224779456888	0.16610259745707784
1.4834400457418833	0.0013346905010644323	50.67591673699158	0.16597334407989892
1.486215598143361	0.0015937118497102525	50.58956685805676	0.1661026000195478
1.4895411676830086	0.0016995473622517484	50.579575095315626	0.16594631264953663
1.492611709727478	0.0013270772582722815	50.70690036451361	0.16582152674370396
1.4955398616449758	0.0016605680032372426	50.57821063454617	0.16659331536296804
1.4989727202917515	0.001689680368553741	50.57057658003693	0.16626245528422912
1.5028894516185938	0.0020859865675851583	50.458644194224625	0.16626245973671863
1.506483210206445	0.0018549334687591784	50.50497660993057	0.16594631173856003
1.5103374124579632	0.001905597251557718	50.478715193282774	0.16610260349417455
1.5139689933627976	0.0016580709957584514	50.53833428519021	0.16594631203275262
1.517229962266081	0.0017393409268561964	50.51321525843614	0.16626245973886508
1.5207370243469396	0.0018562842187841396	50.48947220619492	0.16610260221429488
1.5249946208557597	0.0021811338075901484	50.41327997519565	0.1661026044568705
1.529413794359285	0.0019147873963799233	50.46556262633513	0.1659463089489404
1.5332101674293317	0.0018263014377765004	50.339023786301	0.16610260331698673
1.5356370743763885	0.0010223351036213711	50.345148881827846	0.16517973446716067
1.5377663024465908	0.001025457574839121	50.29867751596836	0.1659463214216114
1.5396668491131313	0.0010270450291736584	50.308715927326105	0.16586594070578203
1.5418770449688486	0.0010198200267009499	50.36806023409041	0.16507585080206091
1.5439599576199274	0.0010970166589058198	50.29911468623288	0.16594630497135007
1.5460727727393344	0.001000054264671439	50.3377592060882	0.16594631428564977
1.5480682896907147	0.0010053847454200241	50.40161397745098	0.16438741165690676
1.5500941568366664	0.0010500502852881853	50.26996809518935	0.16612181352352323
1.5522991817906204	0.001121319948120554	50.23110051775669	0.16630176111989947
1.5544696205134816	0.0010512482284889295	50.265597967554655	0.16594631634663032
1.5563919966805138	0.000996025795465383	50.10898245003897	0.17042439662685094
1.5585847119941199	0.000987138489725543	50.3429490475548	0.16511114959895418
1.5604350366167359	0.0010214884367593148	50.27124313807957	0.16594631833110313
1.5627033598300568	0.001169550817878734	50.21183099626413	0.1659920113166767
1.5648683341633514	0.0009882209290999378	50.2788533650575	0.1659463119003341
1.5668250990768806	0.0009856775851552326	50.26844987887	0.16630176292401186
1.5691397254724593	0.001190127377592688	50.18262298771512	0.16630176587976553
1.571295486391291	0.0011710762734839242	50.19254952773398	0.1659463152615952
1.5737883684908605	0.0013400574236116175	50.13272150687626	0.16612182414414173
1.5763302019199346	0.0010999783227374923	50.2121469986188	0.16612181583264707
1.5786059407532411	0.0010979261423146364	50.21418672055381	0.1659463153332979
1.580693260731671	0.0009491810578078134	50.089194563138236	0.1708205453412234
1.5824519343005714	0.000994810858686979	50.24820605831077	0.16594631884307973
1.5843458173509126	0.0009284629686870197	50.10973755286855	0.1701402750024881
1.5865074504428955	0.0010745011337815957	50.036699456245344	0.17042439390039446
1.5886258671564164	0.0010168927464442358	50.05677203306885	0.1708205348215295
1.5905434284253244	0.0010250004334597057	50.06362902173505	0.17004248945867842
1.5925528087179903	0.001252961865112625	50.1445334234728	0.1661218183203214
1.5949340558780403	0.000931022667423885	50.10216510235087	0.17004248774811861
1.5973023177684467	0.0014022178316471206	49.912553033943645	0.170820540001464
1.5998901119660847	0.0012214114313305697	50.12615593984305	0.16653542092187898
1.6025080640856895	0.0011948276421916127	49.97925059930614	0.17004248582455486
1.6046161922070294	0.0009383507269419744	50.07338235347909	0.17042440062372316
1.606332814626683	0.0009173086297047745	50.119157489585604	0.16935697278549083
1.608087584145879	0.0009412425243860888	50.07477329473183	0.1700424860299611
1.6100519723819628	0.0009455910194009189	50.06614867749881	0.1704243867404933
1.612277853298445	0.001551393814537185	49.854523755310126	0.17004249328540177
1.6152201305276779	0.0010040607080734724	50.038415316585755	0.1700424842037062
1.6172134768473572	0.0010028450572363119	50.035171661326444	0.17004248397718313
1.6189922888297295	0.0008842185798464561	50.114094823661794	0.16927045520528508
1.6209281958689288	0.0009808899661537004	50.04061714008137	0.17004249065375152
1.6232859803941277	0.0011373418400059047	49.967779847058566	0.1708205309819467
1.6250567521352144	0.0008719572099431986	50.089238660575575	0.1704243957290815
1.6270253980752298	0.00107633685754592	50.00205565874592	0.17004249510696307
1.6291135228622524	0.0011156007377828472	49.98369027579575	0.17004249499900767
1.6313324643354128	0.001149204372148737	49.967047679728346	0.17004250076578292
1.6339243394593908	0.0012888235524107293	49.91364467739361	0.17004249445809508
1.6364555406460006	0.0013347226477804452	49.89284137867433	0.17004249460340953
1.6390975193921387	0.0011256234766707255	49.962204699075286	0.17004248203280295
1.6412693572307053	0.001230409298032659	49.90831722649731	0.1708205401355173
1.643691409143726	0.001268117611565824	49.89208116640812	0.17082054284802287
1.6466440032997287	0.001343283079406154	49.86912227216828	0.17042439176106214
1.6488791539222452	0.0012310486888833438	49.91066883385572	0.17004249396976304
1.6511497831325035	0.0008492639088205248	50.07732316728173	0.17004250031459409
1.653461500155621	0.0013643654557570994	49.89309521324229	0.17042439263808873
1.6558909480510895	0.001064363840718128	50.034525074141555	0.17004249017181153
1.6581683978289545	0.001546643731485844	49.88483857442077	0.17004249176045175
1.6613576726608668	0.0013474216905701667	49.90982494208064	0.17004249404407695
1.6640320432603124	0.001263234286855262	49.90858620849073	0.1700424927000684
1.6664938255738178	0.00131950253484427	49.88386614333059	0.17004249379161518
1.6689897690903863	0.0012113688101697215	49.92193841081133	0.17004249629497037
1.6717280882395578	0.0013946850462285695	49.86244872609099	0.17004249472896824
1.6748374453778068	0.0018231114949424465	49.73962680883465	0.17004249219904538
1.6782422130667909	0.0015458457224522954	49.811206956224524	0.16977436051321285
1.6808996215050827	0.001356777754309911	49.84515260397589	0.1704243915729728
1.6845210538233548	0.0021855503081212547	49.641561189118406	0.17042438984070574
1.688307846405062	0.001461613526019764	49.829368213787816	0.1700424937573582
1.6911613760146516	0.0013094047950813368	49.87759907724862	0.17042439190823247
1.6941181311815732	0.001633442299724844	49.77746519401877	0.17123162217883686
1.6969929736388245	0.0014453402321338198	49.85296717192544	0.17004249100120916
1.7002178572456241	0.0016665379517986291	49.78768037817758	0.17042439318470162
1.7036934448994479	0.0017003711965770764	49.776114557086544	0.17042439287194722
1.7067728259974033	0.0015645169061656336	49.815441339440866	0.17004249500480645
1.7102975668948632	0.0018166577268228872	49.735091850318945	0.1712316257999886
1.7134742841829267	0.0013440951369241556	49.88195752697063	0.17004249158887377
1.7161057086810323	0.0014558365116703728	49.83369306510184	0.17042439102713264
1.7190317440244356	0.0015704675772338032	49.80390654217788	0.16977435827946083
1.7221427817821353	0.0013985506879235577	49.833053910565155	0.17042439137067952
1.7255111763128679	0.001879321018626302	49.70856345000461	0.17042439379151306
1.7295148860292646	0.0020488052548684917	49.674834158374374	0.17042439030029619
1.73353377701521	0.0021541358209274135	49.63946712911299	0.17082054207676323
1.7377772611044113	0.001976884456648015	49.67352278377329	0.17042439024478778
1.741375286416913	0.0018131816220082748	49.70832488209908	0.17004248951844278
1.745142817995835	0.0017282394530076554	49.71380281310361	0.17042439317886468
1.7481179738595198	0.0015650634804604657	49.74376671140341	0.17082053891684415
1.752006293297534	0.0020049167696480903	49.64471890247573	0.17042438927762907
1.756255648754233	0.0021425570973994923	49.61955817317356	0.170424390397983
1.7596751539321653	0.001601928841878611	49.74872390509824	0.17004249285931824
1.7630534402996147	0.0018735741238276604	49.674632285612354	0.1700424893125184
1.7673426192486374	0.0021807123101939196	49.59986609698594	0.1700424933402587
1.7715068772969094	0.0021219677321450974	49.592351183820114	0.1704243892936688
1.775269764975644	0.0016041889045784994	49.701141971765566	0.1704243882129719
1.7789816862174463	0.001828242831210699	49.64111316101982	0.1704243906498972
1.782329268996837	0.0021622452879132923	49.55749001749041	0.17165836534383208
1.7862658544145145	0.0013475164919639912	49.79034408799531	0.17004249329204002
1.7897376084079153	0.002004044337758751	49.61679722799316	0.1704243940122823
1.7933802668487697	0.00157023072626177	49.72698496358491	0.17042439096163595
1.796860694998244	0.0019647336722763854	49.61743934266176	0.1708205419582544
1.8000893006674805	0.0013718979018090118	49.76291546499371	0.17042439455465438
1.8028862279583864	0.0014888130343913692	49.72034253006084	0.1700424956023718
1.805741956314984	0.001395790035178463	49.75806929884618	0.1704243917470328
1.8087466201999791	0.001490618712188477	49.750280646359734	0.17004249244363775
1.8121648201981877	0.0017434131936231417	49.663030566510315	0.17082054657825765
1.8162455776804611	0.0023569948538176605	49.51498852645236	0.1700424917642668
1.8204239437039584	0.0020103185782805455	49.56643001483733	0.17042439281739744
1.8237581127070914	0.0015040911048272063	49.7252117911541	0.170042493695005
1.8268498605838914	0.001399495605423775	49.77627286661848	0.1704243896615591
1.8302512335821164	0.0017748113844129512	49.659051000234996	0.1700424939529409
1.8344145501242846	0.0024419539345752845	49.45732206887477	0.17210152296646547
1.8390175781155809	0.0024568001679754294	49.46932779253994	0.17004248650663287
1.8442045162213536	0.002313319933482646	49.48942421338358	0.17082054130067634
1.8481116107172668	0.0017291404060016614	49.62986318011097	0.1700424932533204
1.8516587174089807	0.0020965315111646605	49.568781106779085	0.17004249047070066
1.8556656738304875	0.001812612288138783	49.663696152930555	0.17004248828076698
1.8595082384968435	0.0021557808033990165	49.57831777892873	0.17004249001673374
1.8637506108190451	0.0017676770672947035	49.61714046948234	0.17004248865519062
1.8674788930005408	0.0017554183110595992	49.590840673147454	0.17004248784873008
1.871322424677567	0.00220720405692521	49.51652428421436	0.1704243927249976
1.8750407156398095	0.0017148438609447547	49.655616115497374	0.1704243892568909
1.8789089225619255	0.002096775365693816	49.5500239734455	0.17042439999349787
1.8824621058162236	0.00162977958480962	49.64176304127006	0.1700424895465245
1.8857532360690832	0.0016685058359698149	49.61525499348738	0.17004249735973068
1.8896811489376364	0.0022702660057905165	49.46326918593772	0.17004249083960082
1.8943214234291905	0.002204145947127302	49.461074069266544	0.17004249351967704
1.8981516872156234	0.0017225051944196165	49.56973788217138	0.17042439523355574
1.9015374142529962	0.0016528901937559771	49.59897918570384	0.17004249296003301
1.9057593323098443	0.0026428838763033068	49.39343941754785	0.17042438676572702
1.9103523908625224	0.0020372999345375435	49.51380177110636	0.17004249893828274
1.9147201066836987	0.0019188808562056044	49.53085172728572	0.17004249450282255
1.9183009674101839	0.0017737693175381992	49.54673124600542	0.17004248765046903
1.9216529184999733	0.0018708741155280522	49.507033652464344	0.17004249492952478
1.9253270657658104	0.0016903991265863325	49.59264416390409	0.17004249280691514
1.9286353354389298	0.0016684899684943865	49.63574384031268	0.17004249822649153
1.9326701151357324	0.002241161067528458	49.50483597945454	0.17004249973573754
1.936692067545358	0.0016823947460928355	49.609573996580835	0.1700424943317123
1.9409468388214877	0.0028857949297901118	49.35617544930578	0.1704243863516769
1.9458893016184344	0.0019581613558237124	49.52424309257113	0.17004249571847277
1.9497345980322622	0.0018064211896533181	49.54026109069832	0.17004248827675203
1.953157754560293	0.0017048505284843287	49.5233499762529	0.17042439401050086
1.9567182341133909	0.0017443285914038552	49.47742949327902	0.17123162678805484
1.9600854605029037	0.0016064560242125526	49.54692113436491	0.17004250191033027
1.9641531388617564	0.0024176497048215635	49.391080728901066	0.17004248365719946
1.9681695047304362	0.0018278260392780529	49.51593398154758	0.17004249306906913
1.9717724828105077	0.0018844863006177409	49.498176365776	0.17004249385344158
1.9751515280981775	0.0012668609806134594	49.66421769468426	0.17042439306105203
1.9783734545604617	0.0019672321848191484	49.474968980111655	0.17042439119463926
1.982183664840481	0.001737674197438399	49.530609451920114	0.1700424936946528
1.9856726933019613	0.001961955801089905	49.46074869943612	0.17004248756455537
1.989797045507948	0.001951300330345817	49.44346139850759	0.17004249617759234
1.9931502572396154	0.0015064794873802373	49.5522768161692	0.17042439251585462
1.9975244842632565	0.0023325304303519795	49.36481917669248	0.17042438241022487
2.0016513782653105	0.002181374425863991	49.40403300394749	0.1704243913697182
2.0055859342115396	0.0017806719640602038	49.51969744535104	0.1697743630118822
2.0089255646713617	0.001670273654712494	49.539643884458876	0.17004249053512097
2.01262635095405	0.0019282623285870304	49.460416504092564	0.17082054698300006
2.016379519774152	0.001900202779493749	49.47640205034501	0.17004249350736653
2.0200349847318155	0.0021170511514801067	49.434231418422655	0.17004248576883904
2.024517446119282	0.001774892236043795	49.496170724999565	0.17004248948668582
2.02820643276068	0.0023125910057151347	49.3494379785853	0.17004249738717633
2.033079867766398	0.0021822799530075068	49.31845964586258	0.17165834760823193
2.0372130898366896	0.002146178620738591	49.335775655062015	0.17042438779842795
2.0416969667528595	0.002222132187127139	49.156412796216486	0.1764942113779672
2.045590465213605	0.0019885024359315865	49.352742383195675	0.17123162940060896
2.0504857813816066	0.0023328915422943654	49.29323003112334	0.17082054647583023
2.0542620575689305	0.0016728552224448826	49.446456884384745	0.17004249521943418
2.0575740878178905	0.0017564665437977793	49.414692358128626	0.17004248867932828
2.062115963915489	0.0025432380834252096	49.23916950244214	0.17004248300587224
2.066190017967261	0.001822406401791026	49.394887430117706	0.17004248981668138
2.07031677472034	0.0024980475996481803	49.26389992878454	0.17042440688119745
2.074926097123955	0.0018026192550216005	49.39435007745247	0.17082055006470534
2.0787303731886646	0.0019522648017011796	49.35409406099451	0.17004249789360906
2.0829728950236217	0.002297839093270585	49.27394341758295	0.17042438842852742
2.087238553931287	0.0018668316181937091	49.35654631153123	0.17042439199884188
2.090461717630079	0.0015146143620014714	49.438533657280274	0.1700424930539299
2.0943640436430013	0.0023375591735600157	49.20119715482328	0.17082055569635488
2.098640376919822	0.0021974432077012575	49.21594784074751	0.17004249117920944
2.1034273973827675	0.0022070288701277977	49.21258556659804	0.1708205389782792
2.1077098647439207	0.002390900681227547	49.18643976851251	0.17082054748526132
2.1118595670122526	0.0017753111121980429	49.329084946149585	0.1700424970641748
2.1157983379027576	0.0017582099168533647	49.14986586891294	0.176933802297711
2.1191110861190463	0.0017554985812936717	49.329680559706176	0.1704243900077482
2.1225181667684665	0.0019937759401887816	49.2842214391653	0.17082054502483926
2.1269625891199944	0.0019797513250434796	49.320015482330646	0.17042439508402893
2.1305651230367584	0.0018472318746992436	49.35243762221398	0.1704243875845391
2.134520523364927	0.0019604990704867376	49.30793126777586	0.17004248576196018
2.1380264958578343	0.0017367538069298944	49.34471260286404	0.17004249208677677
2.1420501987807	0.0018752853991528824	49.129191750552096	0.1760969455612814
2.1457786583770915	0.002077578289242492	49.260818095940266	0.17004250632866305
2.149550842157053	0.0018431756691372572	49.30128079472746	0.17082055021427545
2.1532009620483223	0.0017352049626512185	49.326568346756396	0.1708205435135352
2.1564416732543363	0.0018869622765231402	49.275609946511366	0.1704243889020204
2.1608053255659305	0.002013695071442042	49.20854002275287	0.17042439064778198
2.164234814509268	0.0015860952741136535	49.121182367184446	0.17609693817432243
2.1678154821552233	0.002017625491029479	49.00203674165032	0.17781694201419646
2.1717877703656834	0.0019535068840538087	49.20954175761587	0.170042488428058
2.175350926830902	0.001682604835985158	49.12751792425308	0.17516303388763216
2.179042814778703	0.0018608472773792547	49.04214490243445	0.17609696015741932
2.1824707972588846	0.0015121308841997089	49.11779126354423	0.17693378071230081
2.1858518435174967	0.0020675079894378356	49.168866125222024	0.17004249386900738
2.1900450867578694	0.0020281962828089333	49.11033185196388	0.1722978314764154
2.1939984143587683	0.002063592030489125	49.16037962217224	0.171231612178508
2.1980492879756346	0.001673727238763133	49.078396740777684	0.17609694394499167
2.2013715716515683	0.001741597788228111	49.027258309111026	0.17874966091900565
2.204644146847585	0.0016808612063617728	49.056586914096656	0.17609694038762333
2.208239316048488	0.0018595509513179276	49.22114763559121	0.17004249485471912
2.211460737148291	0.0018126632338807164	49.16953260607157	0.1732450150123346
2.215383391030158	0.0021470203517844322	49.15901822458134	0.17124066637570196
2.2198869179467784	0.0019129330299371566	49.20165688268349	0.17004250763318873
2.223793111969157	0.0018460140988247706	49.04016119141754	0.17609695061821204
2.227268686565685	0.0018063954136374038	49.08452640167708	0.17609696196551644
2.2308657099498115	0.0015395667180261093	49.17322601484041	0.17609696104078346
2.233923351578311	0.0015868095343742044	49.12916684449173	0.17693379048384014
2.2366477632021526	0.0014310588763292369	49.18656312280225	0.17552016512026375
2.240141654390816	0.001956321381978912	49.22014712333834	0.1708205545943235
2.2438945848444063	0.0019922205022448922	49.18605357453008	0.17135724762006757
2.247299179424883	0.0013500134209996509	49.17962414665003	0.17630581654626823
2.2505191593550404	0.0016488878705265995	49.051707649473926	0.17693380358807623
2.2538513313633795	0.0016690809851327918	49.02912286009541	0.17781694394976577
2.2570488520783027	0.0012964025954255382	49.14601023812891	0.17609694659567626
2.2596917340008127	0.0015986337759673864	49.06126044355601	0.176096951447587
2.2627158880475187	0.001365284883459679	49.13519430419183	0.17693379699003428
2.2654485536388025	0.0014859689632002323	49.10203927433025	0.17693379060668152
2.268455673473665	0.0015123346173877752	49.1571291685016	0.17382854203458914
2.2712981175676825	0.0012676845708648825	49.13362650193137	0.17609694374289805
2.2740594735521946	0.0014970454305070489	49.05460853856067	0.17693379419601282
2.2769618554454185	0.0012316393822547147	49.14980965142669	0.1760969416327191
2.2797110893869217	0.0017381343613356466	49.16358985082378	0.17082054575465394
2.282945738134918	0.001247282260671541	49.12106351576081	0.17693379843862905
2.285194943356307	0.0014475247702700885	49.05584379101196	0.17609695831031663
2.288620585404967	0.001683018605133466	48.984285201926426	0.17609693851029873
2.2924318692841616	0.002053061455942778	48.892780024918785	0.1760969597352204
2.295913120851467	0.001705316992677496	48.968613762708706	0.1760969599021298
2.299140211406516	0.0012501721901256398	49.132304861507684	0.17781693932092726
2.3014752694021063	0.0011993837643677996	49.19968740987877	0.17609694639349935
2.3041450172956264	0.0015380290693428455	49.0847662431709	0.17693379945559784
2.30699679204896	0.0013745792030992535	49.09939366112506	0.17609695656086116
2.310210761346174	0.0014289115968287602	49.04153163025534	0.17609695170784756
2.3134031628864706	0.0018827519990084036	48.92923353672088	0.17781695691897756
2.3249346354068727	0.004986792655092958	49.066756625829626	0.18069268651670245
2.334403807008169	0.004066141058351295	49.11560340091199	0.182918789379525
2.3426022200166554	0.0047879954225324125	49.00294295769564	0.18247282557526115
2.351085279021567	0.003912607888822811	49.02752428039957	0.18382988409565815
2.3599504795977166	0.005367153403440118	48.86199946057111	0.18269441850798637
2.387928628035473	0.022695635451925683	48.772110159453646	0.17882218363144595
3.131072737241524	0.0024676440889540093	48.19938155474441	0.1848070913509573
3.1366644232707475	0.0025642743893100925	48.18608843840814	0.18386622329905725
3.1410625947651947	0.0020307594155771227	48.26177463993386	0.1835880887962323
3.1462961171414348	0.0027588534756436763	48.05685401390574	0.18605504552700025
3.1528170290481983	0.0035825120176912113	47.95907238249503	0.18443506279969699
3.159462400402135	0.003163135995834364	48.02050486919232	0.18472594940883338
3.164086593690743	0.0018055013357611799	48.248663751333446	0.1848070871730976
3.1674320640639984	0.0019111246151458725	48.243612764430466	0.183866221080537
3.174847397266006	0.00446208518155236	47.845037001853186	0.184725963746484
3.181531395729053	0.0032376453136759354	47.970298960379445	0.184435066382598
3.187047870336769	0.0021692389207976642	48.1313793525941	0.1848071033735045
3.1921691959866005	0.003272122213987317	47.9846458573424	0.18443507107067894
3.1990830150765226	0.002998327237647629	48.00688302965925	0.18605505867748953
3.205585091198789	0.0032820172526631876	47.98213923278881	0.18472595579689485
3.210914399337255	0.0023774443131630604	48.089641090533576	0.18542132830130095
3.2156970762811254	0.0025651860035094324	48.04586233666875	0.18511180838183985
3.2214929026812182	0.0029530293458433655	47.97315705545388	0.1857357125374155
3.227399663686555	0.0036414531469881562	47.866224939630115	0.18605506488689139
3.2368558525891467	0.0041737831734564865	47.840377799560095	0.18386620108222002
3.2422908199923226	0.002814944557410379	48.00545857681173	0.1851118221526925
3.2489724892138914	0.0032669775254011084	47.99273022635497	0.18272774209312995
3.2542700590056604	0.002347177205421647	48.09495188823917	0.18542131679865054
3.261190013284896	0.004331389073761016	47.85635855907715	0.1835880936825552
3.2685935209411245	0.0026495196485611257	48.01565098974415	0.18542131249880467
3.272835891127123	0.0024363389687353638	48.043448421668934	0.18502127176376687
3.2787669466393217	0.0032352101364883155	47.87308229688698	0.18542132511652548
3.285015972808199	0.0023689594672481854	48.025155575607016	0.18358809863671482
3.2892896732789874	0.0023457978909889312	48.01674262619996	0.18414850956486495
3.2974376433012247	0.004338723305070268	47.74649943901856	0.17494936462440266
3.509695047687709	0.0030958610867288633	47.55860637684582	0.1854527584668833
3.5156319843776465	0.0032681257646086565	47.54494115846295	0.18417718520985507
3.521626622199363	0.0025364091507392066	47.649681221408855	0.18523516377082389
3.5257149474766236	0.0013610016614339984	47.78498826779047	0.18480710070312112
3.5288697783544056	0.0018708433242890488	47.561578923564866	0.18546656409662873
3.533439605186612	0.0024683476571674056	47.46422500968647	0.18418976277475063
3.5384785430958448	0.0026431697503964033	47.43249278306592	0.1843946876122194
3.542276341150884	0.0015620257407637738	47.65158144081116	0.1854665717794587
3.545898903806202	0.001848868213641897	47.59432377596282	0.18502445734151632
3.5505014721278463	0.0023238190650211	47.488986640037695	0.18524426580994355
3.5540908888208897	0.00201045727251201	47.52936247168268	0.18524426415447162
3.5576705506628046	0.001459000363939694	47.67620125240086	0.18398704757822168
3.5615863264233796	0.0023616376913949302	47.463310649769014	0.18502446459174837
3.5653883077260677	0.0013855123602023235	47.70887429904898	0.18502445029367645
3.5684392147940174	0.0018502486175997273	47.5587402111516	0.1848071085712941
3.573072445980484	0.002299996377048964	47.42130755093466	0.18524426539233296
3.5764036638532137	0.0014439789547993351	47.625661521137744	0.18418977479980314
3.579378865355953	0.001526651014635231	47.572321580950636	0.18502444462895623
3.58300420684596	0.0017892255710673483	47.49241880756068	0.18480709993789787
3.58745191113449	0.002905970885668772	47.537931507442295	0.17282271090511703
3.7072417626864946	0.001688706987099157	47.40162040192074	0.18502267603086697
3.713235451946622	0.004656760594049672	47.20498429149791	0.1735283746267699
3.950024283756401	0.005261243838356322	46.97816795092692	0.1942031238861445
3.9663687030368364	0.01311315482641611	46.75027484999634	0.1822810603051255
4.162599746793384	0.03201957390147985	46.37119016951091	0.17903055354284766
4.250683426918751	0.025237895946804853	46.27697685404516	0.17834883671155188
4.333982166352026	0.0421871728971367	46.108428807212164	0.18957473583339515
4.724126690393004	0.20728043252284858	45.186129483027436	0.2000728225921549
5.0416090716402	0.12882908839904408	44.7195087366084	0.26313386640560266