-1.3186628148091364	0.0479883449034013	51.48366833309668	0.1080065505406864
-1.231949066681672	0.039302667155134995	51.40817879662989	0.1088369926659883
-1.1597008484215892	0.03327927106952713	51.1232002372506	0.17548727775890546
-1.0977748714679287	0.028856777326194773	51.3597450409556	0.09202740060438355
-1.0435869967197051	0.02547181861640249	51.285139204076486	0.10161124248365973
-0.995416372899562	0.022797610512999486	51.1714033133493	0.10712915753933172
-0.9520592615026007	0.020631567175093967	51.23052809475975	0.09313002782007294
-0.9126404391909992	0.018841409816837597	51.16509864521625	0.10407603799522763
-0.8765036447993128	0.01733710588279512	51.20132099810517	0.10648508189408984
-0.8431440868217646	0.01605524893256166	51.35492814859787	0.08602210555321843
-0.8121652256569944	0.014949896376756769	51.335330913957094	0.0871220961939471
-0.783249763201461	0.013986940260080525	51.31479732222173	0.08182500774343762
-0.7561398889970324	0.013140528901062983	51.146521190143865	0.08512469373536619
-0.7306233357841456	0.012390712851590963	50.93723192697639	0.09888663194428639
-0.7065231504708487	0.011721848586980723	50.96398899668724	0.08061732427905172
-0.6836903287908793	0.011121497935099582	51.061812044895525	0.07593759112884235
-0.6619981935908288	0.010579646343671825	51.261066145728954	0.06983032361577228
-0.641338203442279	0.010088141384283223	51.24543744004009	0.07910267117274213
-0.6216165677308884	0.009640277256546289	51.617364230903014	0.07298680947908255
-0.6027517250179601	0.009230488419610541	51.90115973384949	0.0777417571351151
-0.5846723448312813	0.0088541179186277	51.88562698644114	0.09122391155732167
-0.5673156135952467	0.008507237754742722	52.02820309874315	0.0727072381272014
-0.550625974990035	0.00818651254644363	51.870479731075235	0.07209496788383941
-0.5345540311399953	0.007889091404345249	51.587934860950114	0.0770241721257116
-0.5190557088730217	0.0076125238385397935	51.609871583712994	0.07136169602595697
-0.5040914586418348	0.007354690735864665	51.584441031128	0.0739145177802826
-0.48962568448005767	0.007113750698155594	51.8168949185589	0.07765471714915595
-0.4756262647822864	0.00688809647982279	52.15991232310401	0.07545544678283989
-0.4620640575440142	0.0066763179985097525	51.94876890582511	0.0774048801632526
-0.44891257884016356	0.006477173577766164	51.66057805003881	0.06871131221262546
-0.43614767117729736	0.006289565263626177	51.4011216279864	0.07189027104283392
-0.42374727439146387	0.0061125191276058055	51.417887538972536	0.06394937123887759
-0.41169113880729924	0.005945167507721491	51.5786675690744	0.06806024280755733
-0.39996066479186554	0.005786735359528246	51.85138287030297	0.065686506406646
-0.3885387120921083	0.005636528001401511	51.542833596986945	0.07097446021775779
-0.377409483155261	0.005493921376153434	51.29883289168609	0.06615217628392048
-0.36655834040352536	0.00535835270758173	50.879056226134566	0.0703781640694663
-0.3559717170686786	0.005229313440307428	51.28454403229734	0.06851124948350737
-0.34563703805416146	0.005106343131854079	51.756879368001805	0.061758991155582435
-0.33554258259741643	0.004989023382104613	51.06336224734187	0.06764942237438504
-0.3256774362075273	0.004876973468480962	51.270707319267004	0.06663902853873431
-0.31603140463831586	0.00476984604207243	51.677888585586146	0.06382071274657315
-0.30659497924493945	0.0046673238481801755	51.71402856034598	0.06258988629080421
-0.2973592373709887	0.00456911610661642	51.49280702356738	0.06727742462914238
-0.2883158139638994	0.004474956012877085	51.58637161851664	0.061684466425195164
-0.2794568756603465	0.004384598514854643	51.37188542086804	0.06469040205535755
-0.2707750394571232	0.0042978177602165865	51.03319502383148	0.06286577634356151
-0.26226336289790625	0.004214405496114294	51.4622422138736	0.0655129635831614
-0.25391529775055693	0.00413416927038523	52.05474034880143	0.06534387874434139
-0.24572468455567548	0.00405693118680591	51.894890433514675	0.06404793822368557
-0.23768568790289574	0.003982526228143557	51.57469059463797	0.06308668811772432
-0.2297927906782909	0.003910801269015972	51.361646935797225	0.06462785599345638
-0.22204078850157177	0.0038416141755364033	51.78105894267481	0.06464726248953831
-0.21442473374212545	0.0037748325433135835	52.00860861067566	0.06572549637707432
-0.20693994022454032	0.0037103330680788	51.61444530439015	0.0641298383150983
-0.19958195453998795	0.0036480006857818287	51.25719864833413	0.06695365134335225
-0.19234656200436284	0.0035877280722309336	51.421449044534974	0.06947384841749008
-0.18522973919572033	0.003529414746818218	51.543323887135905	0.06564647283646322
-0.17822766257398848	0.003472966701335065	51.190024752240255	0.06907715089556478
-0.1713366855221674	0.0034182958069263725	50.90354009237918	0.07338212708089792
-0.16455334742710487	0.0033653195169967656	51.190662512028204	0.06744947510544078
-0.1578743323801261	0.003313960206212785	51.587711077145265	0.0637532015958049
-0.1512964752263768	0.003264144919017095	52.10227884906813	0.06699841926441921
-0.1448167669383919	0.0032158051301244108	51.64498494245768	0.06475078974875483
-0.13843231689507612	0.003168876206727715	51.589087215353416	0.0656200607349249
-0.13214036484149888	0.003123297270069164	51.649883211625344	0.06457392292775968
-0.1259382641972447	0.0030790108617516467	51.89311095418615	0.06260918701570733
-0.11982349381199803	0.003035962833377976	52.332950822922115	0.062491617271464045
-0.11379362404437138	0.002994101927228503	52.19350538729749	0.06436691944172135
-0.10784632513541076	0.002953379675892138	51.389558343446005	0.066275535653159
-0.10197937483311936	0.0029137503023361887	51.625164358089904	0.06069677063252765
-0.09619062678334589	0.0028751703657999683	51.84879752294784	0.0614779395777838
-0.09047802361904417	0.002837598725343598	51.77491942575922	0.06259647890473326
-0.08483958393507585	0.002800996335826257	51.44557131202314	0.06406659694704225
-0.07927341492810669	0.0027653262211020076	51.71531542408479	0.06782613270243275
-0.07377768334442969	0.002730553185471562	51.91410371475659	0.06513352296935462
-0.06835062471102515	0.0026966437828511353	51.885452657903315	0.06949762975693789
-0.06299055184436664	0.0026635662824151017	51.79568823021013	0.06701079663108032
-0.057695827412485245	0.0026312904176931575	51.31961870888978	0.06803259292154878
-0.052464877170979585	0.002599787396028553	51.9100317644555	0.06587537146836037
-0.04729617925627283	0.0025690297646820503	52.005478893828474	0.0631266472292698
-0.042188276898477484	0.0025389914222800286	51.67952940889005	0.0678472296917969
-0.037139752826374384	0.002509647407211563	51.46383740720024	0.061606601767368645
-0.0321492423687364	0.0024809739207725095	51.40981133733476	0.06199278041186535
-0.027215423710854947	0.0024529482189574975	51.462590844750984	0.06428219634165219
-0.022337030466141328	0.0024255486354398384	51.53376018985611	0.062411382355075935
-0.017512827647816698	0.0023987544002335662	51.934522871687186	0.06300350463904333
-0.012741621013150017	0.0023725456519647086	51.42898279828465	0.06144375112098788
-0.008022265782136162	0.002346903445418572	51.810554275507165	0.06000318874947065
-0.00335364364059787	0.0023218095885392236	52.11230760819264	0.06353639321502959
0.0012653245825227089	0.002297246678008314	51.80069425788513	0.06116936725580618
0.0058356873742217985	0.002273198021521308	51.55190703175327	0.061852601240388286
0.01035845037235894	0.002249647671324263	51.526546888746864	0.06145382143843963
0.014834598141823974	0.0022265802812992887	51.96026693213569	0.0619044839537628
0.019265085080186428	0.0022039811290681323	51.19324059058243	0.06227520934576594
0.023650826884124565	0.0021818361336218652	51.715456698147385	0.06255462014225417
0.0279927215065765	0.002160131724913173	51.54482917976896	0.06201098660900644
0.03229163701499915	0.002138854883883264	51.54854372550334	0.06073827204063302
0.03654841910694029	0.0021179930840185476	51.92202424528314	0.060906665476122
0.04076387944643034	0.002097534328681027	51.5222316076559	0.06235416867988873
0.04493881563581381	0.0020774670347383875	52.04187823186804	0.06098477932502878
0.049074002463758815	0.002057780058697504	51.90678166239049	0.061516555245795884
0.05317018365445514	0.00203846271881463	51.71698261044526	0.06240921385117465
0.05722809116865468	0.0020195046876675003	51.71164496806924	0.06403726765319229
0.061248433629293664	0.0020008960327429857	51.768471615413404	0.061670011496595276
0.06523190311419091	0.0019826271707895156	51.41709149816895	0.06356919217240668
0.06917916402087432	0.001964688905598093	51.82906743880872	0.06146762589994538
0.07309087155032523	0.0019470723308170823	51.48752018946746	0.06216351963101879
0.07696766045522674	0.0019297688699431723	50.81367886512323	0.06316293252613071
0.0808101514899554	0.0019127702361086548	51.640633996004475	0.061996501009964435
0.08461894057576291	0.0018960684693201462	52.486781350526485	0.06309300501800201
0.0883946165427395	0.0018796558479698083	51.673720316851984	0.06499397675861965
0.09213775297115667	0.0018635249159360127	51.69358317219057	0.062231061620096756
0.0958489004538371	0.0018476685064108672	51.63966794658096	0.06157834305610293
0.09952860382459783	0.0018320796591091227	51.54012073740629	0.06357785645592481
0.10317739145420357	0.0018167516583938285	51.81635736118566	0.06300105860617253
0.10679578119130362	0.0018016780003698907	51.49759080050808	0.0629056470273939
0.11038427003801199	0.0017868524284467763	51.72077887096997	0.06311155372752478
0.11394335074343154	0.0017722688572399791	51.417706345112514	0.0633593160406768
0.11747350401892098	0.0017579213987773915	51.449375082992596	0.06434838995718242
0.12097519113162314	0.0017438043858591414	51.682198975976185	0.06583605043728387
0.12444887005495753	0.0017299123004056892	52.04647384182167	0.06241328039821158
0.1278949852821285	0.0017162398092239394	51.93699908624961	0.06445752655267653
0.13131397334569272	0.0017027817364554125	51.73789957794968	0.06715347553719249
0.13470625297645378	0.0016895330970162967	51.912029877605995	0.06418607406234791
0.13807224070234236	0.0016764890302344636	52.0783497022919	0.0645755142883115
0.14141234342139863	0.0016636448246955596	52.0111463768459	0.06559192875727424
0.14472695131582647	0.0016509959406150595	51.686190897799726	0.07105250396563974
0.14801645306352174	0.0016385379470302342	51.93972146002735	0.06375512083844069
0.15128122613486927	0.0016262665550710613	51.853173326846395	0.06497592307904715
0.1545216419561558	0.0016141775944538076	51.504052585312806	0.0658173070301127
0.15773805652088635	0.0016022670446676508	51.99695805399354	0.06620403676665235
0.16093082511627144	0.001590530976439226	51.84753511140962	0.06491093290969335
0.16410029288052208	0.0015789655835909936	51.67062568337309	0.06182900039242974
0.16724679978592893	0.0015675671614200823	51.54418833163835	0.0638540347814874
0.17037067149453855	0.0015563321366048402	51.71568426799257	0.06369294315600636
0.17347223363189357	0.0015452570124835547	51.15277271787597	0.06366316572371522
0.17655180487999866	0.0015343383914575303	51.27373052003799	0.06487582230871221
0.1796096903624409	0.0015235729954013325	51.226413008907876	0.06470741586544296
0.18264619559771023	0.0015129576135424763	51.77778425174436	0.06458122363403755
0.18566161748568188	0.0015024891319387382	52.21327482208984	0.0620610796653601
0.18865624900793587	0.0014921645146002524	51.3381268352958	0.06052640749309789
0.19163037048682852	0.0014819808312310156	51.518910805746984	0.06046789990975893
0.1945842631347401	0.0014719352082756074	51.46260408628088	0.06275217357978635
0.19751820244975338	0.0014620248497707203	51.424102687935275	0.06290670195743843
0.20043245187738368	0.0014522470564527074	52.20397609674212	0.06019863296829981
0.20332727607271062	0.001442599178979891	51.511412024941045	0.06237080125041148
0.2062029322837744	0.0014330786451862549	51.43313987434201	0.061973618991644254
0.20905967480356624	0.0014236829434069172	51.21025102614248	0.060935703415718016
0.21189774660309857	0.0014144096481893123	51.586695111831375	0.06409179199966836
0.21471739223014719	0.001405256376182291	51.45955275916035	0.06583601833784226
0.21751885148640582	0.0013962208055094763	51.72556094519223	0.06215520309637384
0.2203023533477928	0.0013873006936105496	51.35701434130453	0.06151809143260974
0.2230681286041204	0.001378493834973703	51.286389055967256	0.06320228902742217
0.22581640160951022	0.0013697980863425646	51.47905633983612	0.06303164139202236
0.22854739451395978	0.0013612113518441952	51.708927234957315	0.06604631596220986
0.23126131924305282	0.0013527316068241723	51.66780354196307	0.061039474403577966
0.23395838980871297	0.001344356857851462	52.17324640797577	0.06882154341355047
0.23663881425687705	0.0013360851668360624	52.49797319958744	0.06460365423226372
0.23930279878370242	0.0013279146370454725	52.43621889231943	0.06674476112623132
0.2419505399019174	0.001319843435938421	51.67278183125437	0.06654038742953672
0.2445822364400665	0.0013118697572533145	51.858271187661984	0.07138743440597368
0.24719808362205853	0.0013039918382592984	52.037766075255426	0.07413616077614653
0.24979826735927346	0.0012962079757472022	51.98891863598968	0.07433242386433313
0.25238297602673954	0.0012885164895698282	51.82810297258841	0.0778420815999395
0.254952392735864	0.0012809157449892475	51.76610571559976	0.07229353188856842
0.25750669926463465	0.0012734041400497644	52.07972000449432	0.0678005973279236
0.2600460685320428	0.001265980126779848	52.18974023906644	0.06991080107154284
0.2625706760898957	0.0012586421765354637	51.44403101693296	0.06894736422449223
0.26508069443525006	0.0012513887960367903	51.221089350836706	0.07586232705730415
0.26757628751878704	0.0012442185422863895	51.30201920022074	0.08047296777956102
0.2700576220325043	0.0012371299891742757	51.55223743842245	0.07536304217735075
0.2725248599838733	0.0012301217482179997	51.92318600360599	0.06918794142080707
0.2749781624575339	0.001223192457086805	51.94145596147234	0.07668365186984123
0.27741768237597886	0.001216340799317319	51.95660274436114	0.08137047790376264
0.279843575526456	0.0012095654724917772	52.02581452179874	0.06938844882203933
0.2822559950900241	0.0012028652031633488	51.79992978674839	0.07547516796318522
0.28465508635175896	0.0011962387607847283	51.68881422472853	0.08335260417331947
0.2870409975400694	0.0011896849269913082	51.709675085226124	0.08241173241626691
0.2894138726808493	0.0011832025148836975	51.79092739546684	0.07697878319888507
0.2917738552055946	0.0011767903585397136	51.87315066021151	0.07564913366783832
0.2941210809784951	0.0011704473313782068	51.599101579043634	0.0967396380399028
0.29645568889561247	0.0011641723168246746	51.60390909214733	0.07672026473106483
0.2987778138901783	0.001157964226822687	51.52129360672308	0.08658918035931244
0.3010875904588496	0.0011518219918494339	51.73592951343026	0.07867359330327964
0.30338514583281717	0.0011457445785627723	51.76170305701854	0.07429981872035474
0.30567061034751997	0.0011397309617546185	51.684149390617875	0.0758069433335086
0.3079441122825548	0.0011337801377224361	51.47448487872365	0.08293572410981585
0.3102057728626204	0.0011278911368028677	51.38720441265136	0.07577833280328283
0.31245571646170156	0.0011220629962341766	51.41785683429707	0.08740176129745685
0.3146940638586342	0.0011162947774171327	51.855720655628204	0.07485851959160787
0.31692093562924173	0.00111058555672218	51.98461359301391	0.0773509447572582
0.31913644555621945	0.0011049344419716424	51.73171730630303	0.078217314331385
0.3213407106208448	0.0010993405464448398	51.64786273190683	0.06597365230668394
0.32353384602384416	0.0010938030013716792	51.23461654545219	0.07247992583145002
0.32571596035617156	0.001088320967672607	51.25164340935593	0.08047603123903996
0.3278871654371943	0.0010828936107725794	51.62371519752176	0.06733494415075929
0.33004756980382943	0.001077520116726114	51.80332402301187	0.07489733282445314
0.33219728197894804	0.0010721996837192202	52.16849476029159	0.06838733917562685
0.33433640410447274	0.0010669315374909507	52.200381765283254	0.07813750526922457
0.33646504158219204	0.00106171490716675	52.22691089331307	0.07946041053894495
0.33858329826385136	0.0010565490369511153	52.03324066056413	0.07102170238220346
0.3406912717811236	0.001051433197140125	51.585003456936725	0.0744342067039359
0.3427890630436119	0.0010463666606781382	51.697819856611716	0.07625926783235404
0.3448767699463945	0.0010413487182496454	51.99097444530214	0.07936332360611649
0.3469544905238384	0.0010363786703952375	52.051718708779546	0.07721460580147839
0.349022316791727	0.0010314558419661163	51.96232901790568	0.08016211172559015
0.35108034406140776	0.0010265795595945392	51.9124029600237	0.08494953583420033
0.3531286647658567	0.0010217491662371286	51.76780012344631	0.12088742855009314
0.35516737155171596	0.0010169640136104912	52.02500475550286	0.07436888654374742
0.3571965512349793	0.0010122234761314164	51.74830575788169	0.09371671447226315
0.35921629393837895	0.0010075269292474048	51.67447273914763	0.09114421679633421
0.36122668852609674	0.0010028737600086479	51.59500081658163	0.08887518127762116
0.3632278181645029	0.000998263377057482	51.52788918232516	0.09740759719217673
0.36521976933137723	0.000993695189571336	51.53435657704665	0.0982500670547495
0.36720262583923113	0.0009891686209126114	51.40945160339551	0.12560652721004456
0.3691764718250934	0.0009846831015762497	51.67511878438737	0.0796418320763887
0.3711413858953967	0.000980238082290894	51.44017277074885	0.1093788915375534
0.37309744996988115	0.0009758330137379664	51.17978483146219	0.08801797091351013
0.3750447448597928	0.0009714673564879968	50.715392592516764	0.10423282745040938
0.37698334596433747	0.0009671405904070965	50.50554521073493	0.10321193343465172
0.3789133319945702	0.0009628521949297609	50.84417241010181	0.12021826207362014
0.3808347791820127	0.0009586016618922685	51.28294610136877	0.11443511976618649
0.3827477641729764	0.0009543884889394011	51.67474469530698	0.09454549463417515
0.384652358351411	0.0009502121918573105	51.66823855892291	0.07919982631847605
0.3865486364078121	0.0009460722855493691	51.322935697894195	0.09646606325231162
0.38843667205239485	0.0009419682933899576	51.19266995257475	0.09816695653470571
0.3903165338394359	0.0009378997560949805	51.15330549790085	0.08771286038942716
0.39218829362355156	0.000933866213200187	51.045134568352914	0.12392300153209844
0.3940520209426772	0.0009298672151469474	51.17347868500582	0.11867525595465386
0.3959077858230282	0.0009259023171027102	51.35953951391592	0.09791026108553406
0.39775565326960627	0.0009219710905890746	51.3571783950079	0.11910654453409132
0.39959569157688346	0.0009180731055991672	51.620014601703936	0.08716521227940971
0.40142796680685877	0.0009142079422843371	51.47316598770269	0.08896140557672355
0.40325254554546464	0.0009103751849930292	51.175367469107684	0.12416892542110039
0.4050694894845779	0.0009065744335221149	51.14814130513442	0.10660233791283281
0.4068788635920899	0.0009028052858402908	51.00579429308142	0.11337592927908775
0.4086807320216369	0.000899067346621172	51.06260629589438	0.08945644208540125
0.41136959248247307	0.001787036240490862	50.638805970673616	0.10285256644582133
0.4140419077053351	0.0008880369755615116	50.83601364721851	0.10407851457202313
0.4158143607946516	0.000884420083383411	50.94759240453804	0.10813918759679955
0.4175796081859803	0.0008808325368882779	51.04325398551475	0.11585814870755667
0.4193377095319427	0.0008772739777338414	51.340461205881695	0.09633110845270773
0.42108872375833184	0.0008737440533881867	51.27950077673063	0.12811695150804803
0.42283270518558413	0.0008702424248078538	51.51813009088011	0.11184845994619921
0.42456971136746524	0.0008667687505462865	51.510574969162775	0.14980006554125758
0.42629979787829175	0.0008633226971855819	51.85398930349714	0.09900903409491359
0.4280230209122081	0.0008599039340520774	51.87946975527433	0.10771873330245695
0.4297394321631479	0.0008565121432805537	51.93514265576349	0.11753441137368419
0.43144908653843383	0.0008531470044298273	52.09635112697221	0.10520884511587762
0.4331520382944877	0.0008498082021142956	52.115585992969116	0.12101053620190604
0.4348483372629227	0.0008464954332804359	52.296665447391966	0.09960581732492824
0.43653803647295775	0.0008432083921867603	52.35003506615004	0.09282176311640994
0.43906032310740606	0.0016766508340623565	52.178686817769105	0.10315625730114925
0.4415680454027512	0.0008334986703606112	52.29514856156396	0.11881763788060402
0.4432318512563681	0.0008303116002996458	52.42779558186184	0.09928963306675366
0.44488930729773324	0.0008271488103598286	52.197439882801476	0.12428771497840906
0.4465404630378297	0.0008240100218037374	52.06734071698167	0.10907977059024783
0.4481853637507832	0.0008208949670802904	51.9514948424833	0.10581171373225312
0.44982405786328894	0.0008178033757149462	51.66690988161269	0.1337657591226562
0.4514565932513427	0.0008147349813271092	51.5958450721484	0.11657702728279663
0.4530830136199989	0.0008116895283346904	51.32443563004629	0.12984468365180601
0.4547033658091485	0.0008086667581640732	51.15387639480255	0.1158535136120834
0.4571226154018736	0.0016083491616442562	50.63018079360661	0.13540701070210517
0.46032745955664633	0.0015965241519746685	50.30373781310277	0.11859346578797955
0.4635088275297029	0.0015848717522759623	50.48564117164572	0.10975316012746729
0.4666670590036238	0.0015733882169143613	50.76894773412158	0.10968438834893447
0.4690207524568816	0.0007824420897107019	51.201506886117116	0.1003054036775783
0.4705828237082489	0.0007796328556130416	51.3557643458659	0.09653978007073605
0.47213929662872	0.0007768437215673745	51.337407593816984	0.11344249481951602
0.474463597639908	0.0015453944733422684	51.27420117237	0.09840875640430512
0.4775434395806796	0.0015344739246054987	51.181341636830524	0.1140257891003425
0.47983907319093466	0.0007631921304782787	51.423599830511215	0.09544048728497413
0.48136278106532127	0.0007605191877526786	51.30674711970626	0.12064979355432326
0.48288116174569107	0.0007578649026811924	51.42733521815189	0.09756990995459096
0.4851488259337028	0.0015078360641908564	51.05730830696148	0.13706548244926706
0.4874047110142542	0.0007500120581929852	51.34369321187214	0.09901410340673716
0.4896489387255626	0.001492292697210454	51.15727575847013	0.11754512158420886
0.49262331537203974	0.0014821072682189773	51.288514373717305	0.10431006902628975
0.49557745972807987	0.0014720599350332526	51.313384005646874	0.11173672039071898
0.49851164518305036	0.0014621479080739186	51.40783191457649	0.11101426253765634
0.5006993482754086	0.0007274005221748782	51.599260569281235	0.10310519375224433
0.5028760852258533	0.001447527646756678	51.41740763817627	0.12475851184078798
0.5057615337441862	0.0014379421646564573	51.42237754461461	0.11830081757488162
0.5079131086154701	0.0007154179757733594	51.55378949442496	0.11177847346130065
0.5093415924022909	0.0007130686848202658	51.32538548107083	0.1698744432468342
0.510765394071225	0.0007107347708458006	51.47605956609554	0.1200880542790564
0.5121845421072319	0.0007084160868142613	51.46114449864649	0.11574992662023632
0.5150090014030048	0.0007038238110494009	51.472394840261984	0.10556810786503384
0.5171153571967902	0.0014008369712096515	51.31616643998704	0.11300638967192188
0.5199080323076851	0.0013918579683659484	51.31647055843561	0.11918811821249803
0.5219908175675828	0.0006925994449845479	51.49289769094879	0.11814147141349388
0.5247524162245781	0.0020646279163752763	51.28600728334927	0.11127165166025033
0.5295433580962788	0.002722636045892409	51.188701189634635	0.13418573729620709
0.5329333877105139	0.0006753665845847755	51.67393162860841	0.10389082123378178
0.5356264867949153	0.00201357460215725	51.3591307667932	0.11556966181351337
0.539635078873781	0.001995074568310981	51.32016951143457	0.12042728482474743
0.5436070096104099	0.0019769113820710294	51.31907798603519	0.11684135243679702
0.5475429428727664	0.0019590759294099702	51.22580841203228	0.12636583298054638
0.5520902305292358	0.0025848938755239615	51.24152393009539	0.10772430416716666
0.5559503655586712	0.0012810101971995887	51.332411874480904	0.11441155203989271
0.5591411408974799	0.0019074495957939698	51.0963772021626	0.14472297983225757
0.5629393821195249	0.0018908402102741089	51.221092325753766	0.11257091496605698
0.566079403592309	0.001251478949138273	51.25074882403287	0.11541121015402299
0.5710566889218595	0.0037116542877850918	51.07412913690333	0.10474819988362712
0.5771991360304644	0.002439685314823492	51.149863305610474	0.10170533291247033
0.5802380849922887	0.0006056683390415505	51.44122780843227	0.10511089279669243
0.5844572030477403	0.0035988770017656756	50.99409895291279	0.1092366806513154
0.5915959622028834	0.003540203645365016	51.02936222614273	0.10984071441106377
0.5986192724334803	0.003483412730715892	51.02071468511402	0.11859105242072361
0.6026643573658835	0.0005751863875192312	51.416195215202904	0.11804625712139115
0.6043864971869871	0.0011458201497394063	51.17794771750444	0.14150553708871474
0.6061018358943052	0.0005706517071945271	51.4656254691777	0.11670816745710304
0.6095123194988671	0.002830939848332791	50.97205840831538	0.15939314586520523
0.6151376098447116	0.002794507961497631	51.1676333830333	0.11845602304175955
0.6223432226526447	0.004397640474622694	51.01777886737943	0.13909009519244014
0.6310506275663587	0.004310347815739353	51.13684739153468	0.12009564346528433
0.6510568194235343	0.015436093198776592	50.98011019533941	0.11345306409023218
0.6711654736864544	0.004912555649125333	51.258089660692384	0.11979414022034868
0.6794375362535582	0.0033739097439392136	51.39268673001941	0.11458016438891068
0.6870816604225988	0.004262199813838074	51.26301719632394	0.13689783223116098
0.6941278560585483	0.00279573723786562	51.52343018397311	0.10403636542253678
0.7024351075509486	0.005485536324641714	51.34879373240147	0.1162440177103731
0.7290315182323993	0.02063871604485433	51.14122526200384	0.11844748952319484
0.7532802296244215	0.004066237368028624	51.652247848721785	0.10437029849868217
0.7672838442356725	0.009843037080964118	51.34014972860094	0.14155025652916622
0.7781704493675917	0.001151923828497784	51.99104622192564	0.10540737988453931
0.7987916431407126	0.019040776584328935	51.32223170444972	0.12712250594599137
0.8352951883926191	0.017505765720079104	51.62107747833903	0.09363031349323077
0.8614250623442635	0.008875767670772566	51.73101577878037	0.11322295705157748
0.8720712191420444	0.0018558932320023958	52.1069792936236	0.11025906586829898
0.874538720614311	0.0006151262092566392	52.316448288455376	0.11402103886594907
0.8970142166372347	0.021319725086005957	51.6778101889837	0.10362554911150358
0.9376881273115335	0.019413672078554774	51.551883774468706	0.13682638219099041
0.9571892250076873	0.0005085266614669965	52.32510139034696	0.11732773393868703
0.9594715872413525	0.0017705141806965378	52.048775660092666	0.11067431162518877
0.9637502611954033	0.002504509570281239	51.81105130928007	0.1440294852254288
0.968978139048328	0.002721996126611509	51.87595016157373	0.11351374988807236
0.9726741797273829	0.0009814287325856123	52.03318387076518	0.11900686178601694
0.9756085304354475	0.0019496399407308283	51.57099520344536	0.22046039716973378
0.9794904097478473	0.001932291013031006	51.8680205003785	0.11355258226073543
0.9871516008809224	0.005695509722925133	51.50001955519607	0.1306183929901414
0.9983957958184794	0.005549941464881371	51.54732396421738	0.11942744340331553
1.1896771808364357	0.0025977132360572924	50.47822390701698	0.07472674580110614
1.1944664936499612	0.0021201615552113185	50.37842257325059	0.08341717646589
1.199261817027352	0.0022789011188069845	50.3232915058541	0.08263413029644198
1.2031108331982687	0.0020350788284599036	50.35875918201367	0.08208097028197785
1.2086964838140046	0.002700136298845657	50.203573912298786	0.08341716829991201
1.2130278033856885	0.0027438777563807853	50.1990964704979	0.08263413940897042
1.2192675827944601	0.002875086346151913	50.1740940260487	0.0826341413042819
1.224155776447731	0.0022860137289898563	50.27489851363312	0.082835154206132
1.2293905265037424	0.0023910854573457726	50.24975469497789	0.08422357327620711
1.2337230646395616	0.002427879333597737	50.256347031474505	0.08341716826193193
1.23805942055181	0.0023038788577422857	50.29227593419696	0.08263413921451565
1.2429853837902116	0.0025807363819193643	50.24034494972134	0.0826341347487636
1.2483635908224522	0.002344145903159536	50.273667462300125	0.08341717009275257
1.2539264507278487	0.003014061481944962	50.1745101507415	0.0820809568269933
1.2588861497202855	0.0023864077804904883	50.26166486057812	0.08263413109576467
1.264648750329905	0.0032819011626210176	50.11817430930636	0.08263413718136321
1.2705274779684457	0.0024684950846590938	50.2218849551161	0.08341716863478282
1.2748925305292813	0.002290879535083213	50.2393645228942	0.08341716750568053
1.280079377761958	0.0027895573132312307	50.13602133296731	0.08341716584759767
1.2854976170947237	0.002426643027500266	50.18088435095339	0.08422355941916317
1.2905246624908702	0.0027881755305753757	50.11860998465508	0.08341716079700066
1.2965255345060376	0.0029710719762484255	50.0871781524844	0.08263413608518032
1.3019046151928397	0.0025177491406398805	50.14548216287165	0.0842235596137221
1.3075811508596304	0.002972987595920152	50.07415960882271	0.08422356729194154
1.3139007717358266	0.003251561019039256	50.04682120864962	0.08263414203412932
1.3206200459307742	0.0035264850677497535	50.012802199863415	0.08341716356734771
1.3274321124992001	0.0031355534755389152	50.08075768990487	0.08341716090703888
1.3330541957613127	0.002841078845517146	50.14253906467168	0.08263413768014849
1.3389740453072063	0.0028184489492044194	50.15121464574983	0.08263413711206383
1.3451266227966499	0.0034865118128301507	50.059986731842905	0.082634135821133
1.352218355847206	0.00333277192237619	50.06703804328369	0.08263414066250019
1.3579803173076375	0.003000883176298861	50.08947992054977	0.08263412859154316
1.3634224361955591	0.002551914754833637	50.13506941214481	0.08341716890461275
1.3686246989687625	0.0022306778026881594	50.19272532909016	0.08341716375668702
1.3733657220340154	0.002550227519625001	50.13959568862238	0.08263413086424458
1.378764064875539	0.0026872810843102555	50.10945978556353	0.08263414148050768
1.3842340639949327	0.002910451182899959	50.06198584747655	0.08263413225410224
1.3904384438520871	0.0029535550282724712	50.04122998721016	0.08263414103421679
1.3964352296617153	0.0032991473195133317	49.97222199064956	0.08341717041342121
1.4028517957205304	0.003366941756640682	49.9464989983183	0.08341716349399013
1.4101303038116524	0.0034117921447734648	49.93070652187737	0.08263412819870221
1.416675815473941	0.003334276521293702	49.93355407605124	0.08263413368417227
1.422911020139356	0.0027668719246150184	50.00747275607856	0.08263414242132205
1.4274852481272537	0.0024322385119228546	50.06014110670429	0.08263413902361
1.4331095455929006	0.0026835319503121674	50.01185545094594	0.08341715818241682
1.438191788789514	0.0029106126123899065	49.98171501353438	0.08263414075697477
1.4444838161166471	0.0027217918050498322	50.00535350179077	0.08263413739298704
1.450506388158753	0.003633511838967955	49.863316979116206	0.08341717100618078
1.4572794016104904	0.0032155372610815597	49.90866899761516	0.08263413276107687
1.4641304446258765	0.003392709268104608	49.88362759524182	0.08263414881822288
1.4713928862444634	0.003243065192588654	49.92021660116247	0.08263412549389018
1.4762756505404981	0.0027316538106955065	50.0029355259773	0.08263414058817617
1.482316185640426	0.002673054249926533	50.002245813016785	0.08263413287999898
1.48769337009842	0.0031329673463901778	49.917571247993735	0.08263412918961971
1.4936188908767511	0.002920459322121987	49.93097385511139	0.08263413682166926
1.49935156799601	0.002544694229901866	49.986599498610346	0.08263413769700635
1.5047285831774562	0.002715173801797999	49.954480920529605	0.08263414052774355
1.5111561221984702	0.003919727828819408	49.77743009601133	0.08341717109807593
1.5179865040107088	0.002684217337188432	49.93872559554126	0.08263413802411232
1.5238637178734167	0.0031015615986405534	49.87121732490701	0.0826341476399733
1.5302812462811346	0.003640440105449821	49.787658536337766	0.08341716242171733
1.5375518883080495	0.003311042286157038	49.81128884731327	0.08341716557520312
1.543735490058443	0.0032378817868235366	49.812134122061416	0.08263414488049868
1.5505721868377051	0.003232703940223994	49.81099904855102	0.08263413181310096
1.5572358765752754	0.0031898669780706735	49.80545551260488	0.08422355546466491
1.563018160376123	0.0029507511321681377	49.84371222913754	0.0834171560733453
1.5691130067895345	0.0031457556564606745	49.81606015522659	0.08341717650344559
1.5747403050666438	0.0025792809575910258	49.90470871141671	0.08341717752537192
1.580316815346174	0.0031943213587100213	49.81400548994309	0.08341715639244954
1.5866380363479373	0.0026960819051909664	49.89895309990732	0.08208095150176156
1.5914159648471822	0.002234204260992338	49.96271175665167	0.0826341415682037
1.5959871416135507	0.0026678682045016377	49.86703618348356	0.08422354834039435
1.6009642341360668	0.0020787928930351106	49.97112217278864	0.08263413708977041
1.6060304984294027	0.002709614026133572	49.838200365127214	0.08263412938224399
1.611015774367424	0.0025714841970015585	49.83784414289594	0.0826341429899
1.6166468137100014	0.0030368393438676	49.75033938667534	0.08341718215299394
1.6232492903979003	0.0031816445560677795	49.73293628319194	0.08263412187962846
1.6286788598368362	0.0026098516410559534	49.80646358907856	0.08422356070069081
1.6343997521807125	0.002750797263775536	49.81818940517846	0.08263413696598527
1.6393860761919408	0.0024049069488478285	49.90227636803853	0.08263413641874429
1.6441851333212498	0.0025653588949689555	49.895614755538645	0.0826341352545787
1.6492573647076587	0.002441278941411517	49.9104300207973	0.08263412488518843
1.6539491525303953	0.0023243231725159027	49.92559064264297	0.08263414155667655
1.6588081862674509	0.002357851333230922	49.893178977889605	0.08263414640603334
1.6641704572834817	0.002804436304384305	49.77562145276153	0.08422357019652532
1.67078950074221	0.0037785687444329857	49.63818108350125	0.08263413457387923
1.676923943484364	0.002354842268063901	49.831832530224375	0.08422356969529955
1.681862379352273	0.003050766616430063	49.72810551330815	0.0826341278309821
1.6878221781621714	0.002898085894598862	49.74883078825508	0.08263412036327249
1.6932252937731405	0.002132682567309529	49.87496810119078	0.08263413100230872
1.6969701867928753	0.0020356758201280686	49.884040300996524	0.08341717524511556
1.7017809222130813	0.002883103349903785	49.72865854802744	0.08422355553009579
1.7072854772748993	0.0023529256997943475	49.828689213274814	0.08263412388778431
1.7127367607598876	0.003093637550908959	49.70673720003007	0.08263414425922756
1.7179220108550064	0.0020776474391739448	49.86759354507162	0.08341717527623234
1.7223654818333158	0.002519319731348507	49.78343247572505	0.08263412871857438
1.7276577332368719	0.002503902694960944	49.771984513003346	0.08263411686203044
1.7333782215868343	0.00312457385946998	49.65476549504126	0.08341717110091428
1.7384083195680926	0.0021712725346220833	49.80340071300913	0.08341717982683663
1.7435596669047935	0.0025708540078770345	49.74085064524971	0.08263412530561444
1.7479905007072052	0.002277214175761753	49.79305020894129	0.08341717021606763
1.7528062546136254	0.0022154662571490344	49.80200151520864	0.08341717267163724
1.7567188165954355	0.0022198017599649278	49.792971215886155	0.08341716215109306
1.7623063502474694	0.0027440108762319397	49.691941943526444	0.0826341266701155
1.7678897526380086	0.0029448625005254036	49.64306887124352	0.08263414842900865
1.7737845056254269	0.0030244320703060284	49.60714147850015	0.0834171713360128
1.7792653157963318	0.0025824302249594765	49.67278614259762	0.08341717021366266
1.784233131190839	0.002216058638422583	49.743270076426775	0.082634139000574
1.788528448461169	0.002532619005703342	49.6736894675095	0.08422354806262501
1.793686657535912	0.002105356975759244	49.746488921344046	0.08505422734912729
1.7979247895992865	0.00241603903346998	49.69058468695849	0.0842235621844936
1.8031835260510012	0.0027657566715119384	49.63760782419493	0.08263413854849161
1.808304124188862	0.0025972086411523206	49.65709009705778	0.08263413428245901
1.813412849109532	0.0022579305254414334	49.71014854258313	0.08263413417325959
1.8179281689301487	0.0024824736214255484	49.6656412403909	0.08422357865365829
1.8230727551579768	0.0023839884456080436	49.69672323106188	0.08341717112702371
1.8281057749014198	0.0024129943157438706	49.69007770968277	0.08341717391903203
1.8322292994277025	0.002337641603249807	49.67897706198292	0.0842235586671327
1.836272055418417	0.001898634955553852	49.75526690498348	0.08341718064908193
1.8418737367076634	0.0028889632091728752	49.55824330149494	0.08341716620001628
1.8470225046954472	0.0027590688851522453	49.5692126055298	0.08341718736793424
1.8522372344911853	0.002189490173382989	49.66577578353975	0.08263413971901083
1.85617096997826	0.0020021037379356825	49.70547263544053	0.08263411861919721
1.860393615584913	0.002262347608392707	49.64367646313871	0.08422357022135134
1.8654495866702434	0.002366500642636527	49.6369786399941	0.08263414353557684
1.870186497143778	0.002468976726915523	49.615965588048105	0.0834171578894577
1.8755033965638095	0.003074177299490404	49.52907785851364	0.08263412745269162
1.880536120266338	0.0019899431797394903	49.727250143799395	0.08263413394768834
1.8844091981664666	0.0019286810762191749	49.773133755004395	0.08263412461736903
1.8886248546851672	0.0020187279496119885	49.77632048298062	0.08341716654005292
1.8927424742306744	0.00228134412512209	49.6903021941528	0.08263414321644744
1.8980687000458678	0.0031435885727082126	49.49131029393324	0.08591008487481545
1.9035059386161302	0.0022995860376573774	49.620344756825865	0.08341716169187066
1.9083783414489406	0.002283177397123173	49.61082792752228	0.08263413670073477
1.9134681223811913	0.002884339383816199	49.48864693573501	0.08341713458479456
1.919005914466334	0.0025521175900220816	49.531391015818215	0.08341716891407568
1.9245013958152972	0.0029065636780346207	49.48387468266575	0.08341716169900404
1.9292643980827293	0.0019766787205151505	49.65659040539764	0.08263413785911182
1.9336228721018371	0.0024293979677930248	49.56713177350864	0.08263412146852588
1.9383551261667886	0.0022961930667528977	49.59196919362624	0.08263412919598573
1.943431533220736	0.0026428401384863006	49.51841449253776	0.08341717145506289
1.9485880617737479	0.0026771320078745196	49.49201823321285	0.08341716807911988
1.953100554392757	0.002118797637244484	49.5772085669461	0.0826341418055783
1.9575285341266984	0.0024542655371290914	49.42295429554705	0.091075599340983
1.9626217671194754	0.0024011685023271057	49.56535436265415	0.08263411721663184
1.9675156998647982	0.0021427329724866724	49.621728316894995	0.08263412648360892
1.9714013663084033	0.0021808602593208393	49.59530197285126	0.08263416195024806
1.9758606920273025	0.0021177849177962766	49.39426806637251	0.09763612786929655
1.9803663030361798	0.002180897454053811	49.57253088826969	0.0826341390285433
1.9848554722925433	0.0023612555672585336	49.52792761482621	0.0850542218336159
1.9892089692867025	0.002226103468646001	49.57433006351917	0.08263414204432955
1.9933075645131821	0.00201684562824412	49.62115038135498	0.08263413645855931
1.9981737415032557	0.0023761270525901237	49.539028375134635	0.08341714749101259
2.0028795850171033	0.0022023244053427284	49.55570974664363	0.08341718515567895
2.0072348577806163	0.0024165676576231006	49.500890824000265	0.08341716845078243
2.011664655266126	0.002268684942507491	49.512770676632464	0.08422355502890339
2.0163116481049848	0.002317766881595112	49.50320226528062	0.08263414864526133
2.0211498009966156	0.0024144295235340473	49.47728963510856	0.0826341256489099
2.0257740101389117	0.002611405486346171	49.392244635498976	0.08598979045441864
2.031214460526082	0.0021747208216876734	49.501626420681916	0.08422356285390988
2.0351960952136037	0.002430540633754394	49.41959552067392	0.08574569528910396
2.040574011942171	0.0023014767286710265	49.488308310551446	0.08505420392286504
2.044827658634245	0.0025190540783564174	49.448555954762895	0.0834171651093298
2.0500133907440294	0.002111853861278797	49.493269697623724	0.0826341458402981
2.053558337633129	0.00183908740205841	49.343990695587124	0.09601834035636866
2.057433023715256	0.002372807828331536	49.39200127513013	0.0855238768930239
2.062046060239582	0.0016746727879910996	49.38941916979152	0.09763615730423324
2.0657163849806537	0.0019898236421446603	49.33612693718127	0.09446739193761668
2.0696739843065433	0.001923693260276286	49.52551231595639	0.08263415595071563
2.0733001328878333	0.0023008173654487053	49.430604164805246	0.08422356655790604
2.077751406162827	0.0016002649772400726	49.4145038265377	0.09446738856030801
2.0808589245973783	0.0019001238256477718	49.337407947730824	0.09446738263390535
2.0853946883656125	0.0022451972097809526	49.26341071924027	0.09446738627326379
2.089253710599861	0.001512946663304526	49.42569342321131	0.09601833760579209
2.092589422567539	0.002044488848763875	49.48730661788951	0.08263411889814926
2.0965698168527087	0.0018035615354236186	49.54597677517739	0.08422356567672055
2.1004994374494403	0.0021976994781481834	49.46133803190475	0.08505422736323713
2.1045242409868576	0.0018419153563835693	49.37532987414656	0.09446740243672583
2.108117101700749	0.002158589130515947	49.42325225005757	0.08574568622218524
2.1123765019958696	0.001764889674786782	49.35149013464768	0.09601830297024394
2.1157349600797484	0.0015712669621778565	49.38239080555947	0.0944673876242405
2.1194711746548816	0.001757728211451017	49.303958735279295	0.09763614688936269
2.122974215022824	0.0018889802514447049	49.29023857045617	0.0944673875271564
2.126526707043664	0.0020840639607058215	49.4237579691746	0.08263411195363711
2.1304736895523226	0.0014804504950621934	49.38375922533687	0.09601831845283443
2.133607513212258	0.001668405735069561	49.345461097598736	0.09446739167008142
2.1366028311511416	0.0015892309936209824	49.36434551535064	0.09601832358495997
2.1401494658561426	0.0018086426720111454	49.307704004884485	0.09601832164151076
2.143456304209948	0.0014000071848346124	49.397532966771934	0.0993247128442026
2.14613050418855	0.0015144267727597892	49.38987844494642	0.09485618183790509
2.1495784454426428	0.0017897984090014842	49.47895050167036	0.08263411834540202
2.1528623297888014	0.0015344777869234821	49.40165231861336	0.09303235781473067
2.1562019741818568	0.0017643168103888029	49.48016579902706	0.08263412020047269
2.159650950633632	0.0015413863654409404	49.34903524940919	0.09763613548783322
2.1631597925912325	0.0018213293569825395	49.28782365790864	0.09446738160109988
2.1664089113364113	0.0015470354868242814	49.52937504690358	0.08341717653666632
2.1695450319617304	0.001666884967523252	49.440987480716984	0.08744628979226803
2.172734521290953	0.0016430789582044666	49.51429474850035	0.08263411900335878
2.1760167582985903	0.0018895627109902131	49.43245778331986	0.08320853793353014
2.179975194469163	0.0015938389798194979	49.32603047736726	0.09446737343988135
2.182699903336042	0.0017256929738044392	49.47562712226286	0.08341716725961541
2.18597177239888	0.0012533074235799003	49.45220480419545	0.09601833438086324
2.1885853654803187	0.001252503479995203	49.47317118257937	0.09446735964928543
2.1912330185925954	0.0014644248186670812	49.33740404421399	0.10293103870413355
2.194715246912318	0.0018423071547402112	49.24322206393603	0.09446735584635883
2.1983026007205333	0.0019048643674092597	49.1976440007768	0.09446735166769729
2.2014514593531014	0.0012347769316420924	49.37226731190837	0.09601833258177708
2.2043711844856504	0.0013707768350634244	49.32161052536354	0.09601831885791326
2.206561771716962	0.001284051878077158	49.353741765897006	0.09446736330706175
2.209657921228828	0.0016403130858654985	49.249806467842326	0.09446735786623381
2.2130278033856885	0.001992309183264146	49.19130678668807	0.09446735078071455
2.217347780399684	0.0018866882840238236	49.20385315382047	0.1010881809319617
2.2204577034687913	0.0015237514832297592	49.327258423620584	0.09763612704782641
2.2235455150499286	0.0013900606997266382	49.39033988407204	0.09446739919233255
2.2260971208436793	0.0011666560722511745	49.466196999196846	0.09446737933250829
2.228335674452641	0.001142272747558683	49.46551748585159	0.09601833953654233
2.2309358658449074	0.001495889001114659	49.35795718077229	0.09446736854892109
2.2341028851562004	0.0015367606818853603	49.337068392244475	0.0960183167070619
2.2368825829503733	0.0013440151154500946	49.389462632355524	0.09601832846903267
2.2395941784199933	0.0012619998267177127	49.40981697782496	0.09601831218819942
2.2422711441819834	0.0013050213331084102	49.37350465435188	0.09446739623852982
2.2447048801790457	0.001311827215463168	49.33657635302467	0.0960183202186034
2.247458151938972	0.001438093562871777	49.26200047180012	0.09763614104688145
2.2510712208834898	0.0023631794453829627	49.04646060529479	0.0960183234443533
2.254814673894972	0.0013421847947473575	49.28386615843826	0.09601833510616657
2.2579477098687764	0.0016028607416833426	49.19985579954262	0.09601830172318482
2.2609635678559115	0.0013896392561237698	49.27660435900074	0.09446737032711225
2.2636630622529417	0.0015442407405808864	49.23994841763868	0.0944673641242598
2.2665211539908876	0.0013255097188785878	49.30799557828378	0.0960183426376485
2.26915109821932	0.00109621799514427	49.39899425819933	0.09446737986015957
2.2718773347650494	0.0014647971173110666	49.26701999400872	0.0944673608461561
2.274771393703939	0.0016055927487159537	49.22072188408722	0.09601831008270466
2.2773994373737487	0.0010616060304481716	49.40840723962804	0.09446739903495949
2.280054594422146	0.0014332433013235595	49.276286112137115	0.09446738240665041
2.282266219022782	0.0011030014247145044	49.380556290252294	0.09601832819890849
2.2849773532992312	0.0014699834143791454	49.23951471957203	0.09763616218828582
2.288001201391408	0.0014137854794668229	49.25208960463997	0.09446739587163647
2.2905848475064805	0.001369409240407247	49.253899388515116	0.0944673584155482
2.293569450504405	0.0014845485981422157	49.247932691167726	0.09446737518895972
2.2965715094840475	0.0013308760699300638	49.33324300763064	0.09763616929281338
2.299101345719176	0.001421499698313468	49.34995749690454	0.09763613562274677
2.301818957288976	0.0012183020094139047	49.38949713929835	0.09446735799618997
2.304377944220566	0.0014386270847624614	49.262830050065205	0.09601833919444928
2.3071616663057393	0.0013056304376309474	49.27439966771252	0.09763616511849828
2.3100162461254743	0.0013306461922989634	49.285271096284504	0.09446735681644977
2.3120364243829536	0.0009016061109165812	49.44060039765833	0.09763615856632588
2.314314358945011	0.0012979897979241667	49.28278299406615	0.09601831062248863
2.3175529540529003	0.0018242565110543501	49.128032410214146	0.09446738859398889
2.3206723481803895	0.0013933581367336558	49.2230409410145	0.09601832441952725
2.3236459461539654	0.0018198918337602983	49.10531243433896	0.09601831160461352
2.3269223198446154	0.0012510819772440362	49.27408835313412	0.09446739630469515
2.3293072227059706	0.0012798493946811298	49.262913696330806	0.09446735809794381
2.3330231621529154	0.0019391347446502084	49.123439788645626	0.09601832283435104
2.3359365178205747	0.0012102343460065773	49.38016165439873	0.09601832032939062
2.3389239014667766	0.0016754288212762413	49.233601194936064	0.09601832527722373
2.3416753490986304	0.0012677810689226468	49.30503938511026	0.09446739413777391
2.3444344933319603	0.0013817141191856002	49.224538279507016	0.09446735533301905
2.3468228504097	0.0014345237414360747	49.18650763848741	0.09763613412678909
2.349862655854841	0.0013354695196667976	49.21806421671541	0.09601831082787089
2.3526665896192807	0.0016209407020197418	49.1377149234299	0.09601831905385934
2.3559619102745155	0.0013531352128336232	49.220367488813665	0.09763612778223767
2.3583938784712046	0.0014250722218392892	49.21287051047365	0.09601830484625519
2.3608680129544783	0.0009442329919064559	49.39419255072047	0.09446739451054655
2.3631903819600137	0.0012589186326369946	49.23574137055233	0.09601830504761255
2.3656920152429386	0.0013588902720539757	49.17092815080284	0.09763615564153741
2.368916930337108	0.0016508228006731113	49.084568556853114	0.09446737832017685
2.3716542380580705	0.001525898075620428	49.1230261858296	0.0944673814165985
2.3806535666841033	0.004207859835514635	49.10388864095516	0.10783825036547337
2.3880210650007525	0.0029549550839970368	49.23011928018176	0.11030073128635458
2.3956882914502735	0.004645284323395163	49.07960700149599	0.10626264247561393
2.407645121152728	0.006778930239347126	48.8773889988142	0.11075376149177626
2.416874811400148	0.0033181917467592823	49.195387913748604	0.10820339163135294
2.425151790275299	0.004883326462975901	48.988205302570435	0.11030074032999884
2.436835587573062	0.005810150554698744	48.90117891902847	0.10904478664675896
2.4478564712428352	0.004634587415021096	49.00375506599303	0.10626265467324866
2.4573360717571737	0.0055422600801631585	48.94480458918508	0.10311905927094658
2.4680670828852915	0.004915520414223675	48.96352995082206	0.10626264231691013
2.4769330580727646	0.00481618908246815	48.956069156121345	0.10862186211327819
2.4876030443027966	0.005639014892387917	48.87512816110628	0.11075375327759503
2.498143759704944	0.005503798507744559	48.86790820818916	0.11167503379596197
2.508785042957205	0.004027935488610641	49.04264335090968	0.10446075406040037
2.515589620368903	0.0035247849334118803	49.024508966856075	0.11167505647909694
2.5239233658233813	0.004322283222674943	48.936364951478396	0.11030072851707162
2.5314663806654765	0.004247690698186885	48.938697429088165	0.1103007314010599
2.5439544777058214	0.006603858540124039	48.75313772126096	0.10743831534957794
2.55519006158364	0.004022041296051398	48.90120276512383	0.11030073127319008
2.561219729763925	0.0031732370329658186	49.03170788478958	0.10743831649462164
2.569004251002548	0.004285669957843256	48.91104928847826	0.10778932836234967
2.5755391164044004	0.0030701633004839844	49.03656407980634	0.11214349416813824
2.5818534235834645	0.0030258484241191125	49.09749056827317	0.10626264649097193
2.5881932168248962	0.003354859465877218	49.063654871816695	0.10380156178930784
2.5977158395271904	0.005105390757133815	48.86205382359353	0.10482148143297057
2.606273853169988	0.0050057709559145624	48.81996789845567	0.11121181119070042
2.6179298297079656	0.005917626189204343	48.77939503401999	0.10820340045647107
2.6272174873330396	0.0037479150612264593	48.912287951813184	0.11167506453154645
2.6350833043625697	0.004015212614602422	48.85748528152766	0.10985270951309468
2.643026236532324	0.0036140714739850747	48.90778301229609	0.10820339155665393
2.649241347555752	0.0029149170577781316	48.97445396847581	0.11121183091436558
2.6557949716952147	0.0038283471671765566	48.85657522914525	0.11030073033719978
2.664896233202384	0.00468619186359031	48.763331871957696	0.10947223366077347
2.6721890259421572	0.0030720638662576154	48.9302723272123	0.1086218522666132
2.6786941584769264	0.0030263914937927894	48.92253908739265	0.10778932505152958
2.6839304351443243	0.003289217093586913	48.8521188124417	0.11030074041072441
2.6939817544043443	0.004967016503895176	48.67241186107197	0.11034102927797518
2.701259155203426	0.004021143343367046	48.78759424017518	0.1066505478453537
3.1373789637592617	0.0035786835330249124	48.30941463113611	0.1119628527822525
3.1465713196514056	0.004740348777894056	48.190822737690674	0.11089411646587416
3.156595822278053	0.005437756669593013	48.12871253101332	0.11074890416861487
3.164520727601119	0.003065237595262583	48.35482859061075	0.11054398288007654
3.1710582599720105	0.0028246249821461213	48.38206101399478	0.11089409470331155
3.176062689142094	0.0031774321866654054	48.323515091245525	0.11019684826922052
3.184205974935829	0.0045358669005942185	48.14090212386342	0.1112472355006414
3.1922604226756626	0.003432138308387173	48.27976661469974	0.10842807486292984
3.1993188222180984	0.0032855548236903572	48.27282133828078	0.11054396524088801
3.204715361306691	0.003064692442626396	48.304910375777105	0.11054397710963386
3.2116618303022255	0.003370883686774858	48.27747584586442	0.11019684398746968
3.218892512401455	0.0034897239602880666	48.28246191523668	0.11019686674015579
3.2258248956462388	0.003434461814145476	48.31076989249229	0.11089410318866331
3.233273034960255	0.0037136592906854625	48.24256953335394	0.11019683655905581
3.2389280990078864	0.003332387438358232	48.27637521797775	0.10842808087633662
3.2469968961170177	0.0035163755895350943	48.196702564991	0.11054394604373437
3.252487656280949	0.003472198110261144	48.21044298762733	0.11160348407282866
3.2605701217803627	0.0037252378282721104	48.18808989449005	0.11160349191460806
3.2663607286460246	0.0017988487861272347	48.15102322930128	0.11057782394601351
3.269865825335377	0.0018619604684456945	48.09467505486371	0.11057782824511382
3.273192120020545	0.0020017130772916492	48.22735791997209	0.10811742688942104
3.2773880031393707	0.0016774790040451773	48.33843140012434	0.10985269465684709
3.281745258741104	0.0027175796504294073	48.184747967408725	0.1071108399133619
3.286009626365195	0.0019435288065675362	48.304351188109514	0.1102077005199023
3.290352499100478	0.001924161175002578	48.27339139050174	0.10985268832429992
3.2952952071562454	0.0031462769276005996	48.02917581737395	0.11092729252134675
3.3004182696397573	0.0020247095880459986	48.19125326426047	0.10985267183106519
3.3039921385420223	0.0014343565574701724	48.35799825854759	0.10811744869944616
3.3077112846726915	0.0023463400407701565	48.34077562515667	0.09286111322790294
3.463162275969474	0.0017896382962212776	47.9798677735195	0.10778932297322899
3.4663822223554495	0.0013816523713907614	48.039179667463145	0.11021172573704682
3.4692298097707597	0.0014706742375084963	47.968402817242215	0.11021170390483881
3.472385448114625	0.0015573490470354705	47.89930848371354	0.10985268572683013
3.47677110527465	0.0026497959072861207	47.643228564892794	0.11130829825790388
3.480805076903677	0.001622920259708581	47.85070483987104	0.11093947012555423
3.4843675550749658	0.001751691603885508	47.83946551409336	0.10778931476171683
3.487882993142137	0.0017375696023338143	47.81936412239025	0.10985268715554504
3.4903097828023477	0.0008405782322021801	48.12977637442812	0.11093944395782003
3.492609791299261	0.0014865072479224638	47.8771272895968	0.1105739618143583
3.496250369193946	0.0017965498718405964	47.805489585686246	0.11093949885405256
3.499456444162177	0.0015546789562033872	47.93392219446286	0.10618636794011047
3.5028286040385077	0.002041780019328165	47.78883224571394	0.11057397560999056
3.5060570744486887	0.0011709460125510528	48.015850272572514	0.11057397447432679
3.508813172979122	0.001476814020202501	47.90298171652191	0.11057398146456648
3.5117945257790413	0.001422253082778061	47.92594050142336	0.10812115571134741
3.515292198837091	0.0020721836467342348	47.73825920840464	0.10913380096040885
3.5182034240631688	0.0009634777109507603	48.03792114945682	0.11021171255287804
3.520247826533097	0.0012204870693717014	47.941601712549094	0.10985267832244527
3.522682381357163	0.0009102526525439092	48.08373421999067	0.11021171891677149
3.5246893375673447	0.0013375225753560422	47.955696927616295	0.10812115030273291
3.5271931615359677	0.000943739069654395	48.11021078398988	0.10845579521189543
3.529609139174832	0.0016637210352585638	47.836580406073466	0.11057396705210086
3.5327461022621773	0.0014399789928777437	47.899473409415755	0.10985271001268285
3.535385126587952	0.0015154527983059565	47.85942609539619	0.11205599241836975
3.5385181314661636	0.0014627552093034678	47.88500324325845	0.10985270667571392
3.542084726164536	0.0018653012372120822	47.77210947531481	0.11168043472173572
3.545386926869861	0.0012341256184208286	47.97940513623074	0.10812114400923363
3.549718719059667	0.0035841353363117523	47.83660767404617	0.08705239222874933
3.649103343073555	0.0020015767828336544	47.70080476968173	0.11281718686486086
3.651828581363152	0.0013200108432118774	47.82489645717185	0.11057391435059787
3.6546465281723894	0.0013754525870051685	47.84879433888051	0.11021170135492876
3.6572550937048516	0.0014308116244682327	47.829350538325436	0.11021171160071082
3.6603311664004576	0.0015469945194609225	47.773048071415516	0.1071247794090762
3.6632638547147676	0.0011602761058709945	47.8239310339371	0.10845574658964131
3.6657466148948523	0.0015278239955035342	47.700091213607124	0.11057390159083547
3.668240659532302	0.0009920435779723217	47.90606064605491	0.11021168573979907
3.6704668135490306	0.0014804571952783288	47.855852844074896	0.11021170386186759
3.673315991216525	0.0011950158226321525	47.84909995831581	0.10778932225760517
3.6760349083502777	0.0014007050937250522	47.74359805551402	0.11093937676648868
3.6781434994647744	0.0008484719896346011	47.948160750623266	0.11093940839813127
3.6812436133170157	0.0017751353840656998	47.61867865093379	0.11057391050254248
3.684110856793796	0.0012852313066021063	47.74657941238108	0.11057393111928664
3.686572740082245	0.0014265714791113567	47.70127755619783	0.11093940546205777
3.6892954545479504	0.0014176440977505516	47.707144066716175	0.11057391079174737
3.6919486423283643	0.0012622445677864776	47.756916107056284	0.11021170937461332
3.694474645446196	0.0010506258537861639	47.83142363809326	0.10985270700596123
3.696495484212153	0.0008424101125895351	47.91419862844863	0.11021169062164014
3.698610531641348	0.001329741794983092	47.70580420017308	0.11057391536005873
3.7011124986859962	0.0012646274174617851	47.717749750088785	0.11057391776360098
3.7053911002198903	0.0030450354681412052	47.59417347367369	0.089439898777573
3.7773153800167223	0.0013746162597119108	47.73850395252066	0.10985266689463687
3.7808831113085026	0.0017460794364781475	47.469355417133585	0.12622622200109243
3.7831107597287414	0.0010470425527548573	47.801364216311484	0.10985269371135926
3.7856140531351516	0.0011120040979696688	47.750157979835855	0.11093152936362435
3.787999294381295	0.001270621786560377	47.691876444974	0.11056870363659134
3.790935123078158	0.0013789228591279627	47.64561643479661	0.10985272284220156
3.7934307901045092	0.0016963440747371958	47.52669557732018	0.11129758338181635
3.796356194525417	0.0012233269295608465	47.64583236727331	0.1109315276658431
3.7994831332053995	0.0017416253571579513	47.495191453457565	0.11056874054686297
3.8026599460791126	0.0013194383577806923	47.620047238089874	0.11129762999124408
3.8056020542902407	0.0018528233765963094	47.49679824449737	0.11166698397449637
3.808506516001516	0.0009875805144921675	47.76543307995082	0.10811871437643503
3.81193111868679	0.0016924056815060683	47.3993280469421	0.12113058087283304
3.8142890259765	0.001351020885364404	47.59029736544556	0.1102091434386095
3.8171495478840503	0.0013641600250365385	47.597808916750026	0.10845096555210272
3.831041378233152	0.031572494380146844	47.524627786643734	0.08847614165956356
4.041349902897728	0.0011817230910231436	47.30465295894707	0.1236247608810539
4.043602197791431	0.0013584856992985832	47.23762383766539	0.12450931458919912
4.046421309539014	0.0014145819409330774	47.218935167247565	0.12421265203095408
4.049142644066577	0.0016120467335200006	47.328761474697934	0.10635345119049999
4.092626392128533	0.0013768248561051768	47.19781405960604	0.1240722928050097
4.096190880603608	0.001840052414230507	47.069108426800135	0.12407230568401897
4.099831827502153	0.0020083062567845477	47.02619590535749	0.12444602549520614
4.10430244818007	0.002237552759122441	47.20023743698796	0.10106506304790168
4.22395705061271	0.0011641273016913497	47.16600995647118	0.12457854387983898
4.227365788356055	0.0017624801304192733	46.98425585601714	0.1247891880751577
4.229781863208961	0.0015570168761662067	47.04552966140691	0.12436874217156568
4.2329416812269915	0.001190974522868481	47.16736006674161	0.1252133069569035
4.236397070799345	0.002329468128378649	47.0240779142944	0.10925186280776507
4.271673952613309	0.018670090204571037	47.054290072384745	0.10893486522598797
4.367854592955342	0.030569634255179248	46.90679065665429	0.11681717519979373
4.428183290317761	0.014199548550108562	46.81500428558144	0.1012936390860925
4.464825616893004	0.0014212762641358447	46.81217003461755	0.12545690520867345
4.4700980936551336	0.010895315884681275	46.55165630016276	0.10946322687147532
4.584782396040871	0.05260919675616566	46.42856770453471	0.10698797832360173
4.674387123394981	0.02918681489878251	46.179085283462626	0.12519171057117184
4.733397198488659	0.03212687042426908	46.23626896819322	0.11322895583161807
4.828072546185125	0.024335389022350756	46.099123188441695	0.12508567637156806
4.926911697607481	0.1001090779481303	45.65040740056037	0.13341104140695542
5.084844350253436	0.04681986533925752	45.663867261210925	0.13495441598877375
5.2060846449998035	0.04771257843966483	45.42165169947909	0.13949017616192363
5.273252839011652	0.025301312747899332	45.225019759582736	0.2443246828207366