-1.7932449531317731	0.4237018017474793	51.772362636872174	0.12286986291849164
-1.3232435887667857	0.14356842843731335	51.69371147377188	0.12888443658169477
-0.9893884233434205	0.16639634774763926	51.32935120000733	0.14786123066579696
-0.7423280171032891	0.09420704543005946	51.316051980119354	0.12797758768530257
-0.5858274837548546	0.06570264450531492	51.178804922251274	0.1403651070890729
-0.49168578834865095	0.031738939031015476	51.235184148338135	0.13200096204233155
-0.3885782132399668	0.06675035230588121	50.95588534448761	0.11949356522962054
-0.29847981271318186	0.027122215731303974	50.985737826069744	0.128094694311758
-0.21822630591669895	0.05072875190360538	50.65717955964131	0.11565182659283522
-0.14571899797461418	0.023849230132299337	50.67857589146912	0.1331539687657152
-0.11800340872172155	0.004474956012877085	51.042951768570546	0.12965887940866713
-0.08775686383148834	0.025043410724618086	50.691866822878	0.11848875747398901
-0.055587088266837836	0.0077517979784299095	50.96788335372869	0.11746541621632343
-0.040353801897909436	0.00748460972500584	50.69133512288375	0.1565904288572778
-0.025636785402528228	0.007235226695530066	50.86645913092278	0.12434125663589497
-0.007915252156687425	0.010418899979851898	50.72857232628008	0.13333483313646693
0.03817204420855924	0.03435626966952611	50.516111268648004	0.11757923607590508
0.07698747700215319	0.0057125219346480195	50.84156484070868	0.11608239594840208
0.10732185427981666	0.02397209649305117	50.451837022334786	0.1269179685779919
0.1527995803744684	0.0215887894639029	50.24173644984812	0.15950141809275767
0.17841536162197402	0.004522723066730942	50.776341452058055	0.1321540334636739
0.1917758982183675	0.008771410878577371	50.702714164203215	0.12317364401922419
0.20473765027904067	0.0042567457136375095	50.8427794295896	0.13389842702710975
0.21316877110305987	0.0041749048942996796	50.806208854699754	0.12636003220533956
0.2661613065770515	0.04619171256656431	50.22625727748947	0.1165682012618724
0.3499220963311155	0.0380893248213167	50.65007172097583	0.16072503426353318
0.3933805350787676	0.0068924691553086176	51.60120724540797	0.13237804017767069
0.41226294601819313	0.011878590899537926	51.52421638583117	0.18468459390048292
0.4290906456085083	0.005078725119201029	52.095395813270585	0.13182332678428668
0.4440656496936066	0.009813178514508815	52.06881225356441	0.1478523102115692
0.4585414622752231	0.004745739451089673	52.34558618483983	0.12206775503282424
0.4679307099492893	0.004644239879520925	52.19679118320771	0.1428177648683414
0.4759830167219191	0.0034191928763498973	52.320926586592634	0.13362101152190836
0.5141465772396737	0.03340325300978139	51.58039269937961	0.11498559423753207
0.5530601696183184	0.0066807194194505514	51.5748667972235	0.1262982048659685
0.5615658280541276	0.0018717572742480283	51.910866452296865	0.11874118259557129
0.5825745985141605	0.006241784975665702	51.34796340156107	0.1333006627971828
0.6724641233474086	0.07612206090422188	50.35046304939671	0.17728913826671142
0.7469011916120128	0.004275453726534626	51.493244732568485	0.12698191017944885
0.7553690076403253	0.004192898935129657	51.34214344638426	0.15221030654577425
0.7636748721230245	0.004113471852619287	51.485783058203225	0.12797256835463114
0.7882355711816141	0.019991818098852285	51.01370870854939	0.16559876893540096
2.1915499748571996	0.002781984081866981	49.26970802049442	0.10286655617297542
2.1972215514953954	0.0031129465503987775	49.203365501513915	0.1034767268834857
2.2043213534573813	0.003503998435699842	49.152807679579205	0.10542593296624389
2.210720607864385	0.0030040308468103722	49.23030459505077	0.10286654920870793
2.21774944865289	0.0034809697493886267	49.16891113300741	0.10347672026769619
2.2236323904081283	0.003271113777106677	49.20021735745251	0.10347671693824544
2.230859962020184	0.003244682815880778	49.21898068979866	0.1028665519075581
2.2366353641354926	0.0027870068834939623	49.25178527346789	0.10410615025360093
2.242075293739303	0.00316098745310908	49.219020289232326	0.10347671190819709
2.248774992746729	0.0035020336522181747	49.21216262994591	0.10286655449279125
2.2551834507321558	0.0024762496093823465	49.331680287839575	0.10286654027859754
2.26018848220102	0.0030580886419572955	49.2306183458513	0.10227487943058129
2.265968181932567	0.0030888273206353544	49.228648570104156	0.1028665303656194
2.2724411764530363	0.002723520213718979	49.25664372722984	0.10347671364520006
2.2783962758825966	0.0033111078636705277	49.10534212894594	0.1047556289545117
2.285614731587891	0.003165983416880079	49.077939121561435	0.10475562815804636
2.29089419075032	0.003019079230831971	49.118641208226265	0.10286654409552262
2.2969415387076513	0.0028534013335597013	49.16339679093244	0.10227491179402246
2.3026077739415274	0.0029306684398874507	49.17471873076704	0.102274888919936
2.308642749922547	0.0033032344063836233	49.14433687724708	0.1028665380172917
2.315081455189534	0.003027220346212734	49.17410204702393	0.10286654773681476
2.3213683366607762	0.002928391971890973	49.145423894523134	0.1041061558899849
2.328440439198602	0.0036482891195605896	49.06133924775017	0.10410615756099155
2.335140781954617	0.00349943196500044	49.09094576965541	0.10227491630014532
2.3423443931819934	0.0036372150262478286	49.04544196650805	0.10286654839511049
2.3479346250656166	0.0021110267161414424	49.24266955010352	0.10286654319040953
2.352457523980809	0.0023830084286506677	49.185505587742625	0.10286654974357441
2.3582645282577284	0.0033224640958327218	49.03792434983176	0.10347673097265635
2.3636939065807074	0.0026774954293946273	49.11208478703073	0.10227488558270231
2.3700632189329998	0.002723240406266183	49.08511649505712	0.10410616401813594
2.375449972500114	0.0033030989555867833	49.00215605880366	0.10347672422280652
2.3823056145771546	0.003077432468817152	48.863215038344585	0.11370060970150815
2.3879010618090697	0.002882383579266278	49.04340940116022	0.10286655526475748
2.4070607662423105	0.00920998379957347	49.10333788518961	0.11234088517049187
2.426120248524606	0.010417322457885346	49.045092039916256	0.11188477558849165
2.4475384721700673	0.011441691450773905	48.95926064285803	0.1138148899445176
2.46954737567305	0.012326573992945776	48.95121944674268	0.11249494187126001
2.4939173424335874	0.009597097127889873	49.10682945495258	0.11188478794121805
2.5107912357421003	0.007912750195898393	48.9530523693744	0.12855813149473924
2.52741126645629	0.008884765425487813	49.01281998812198	0.1129977823892703
2.543181451097066	0.007344077310340141	48.91492633700992	0.126887965254926
2.5595781592495244	0.008839964986319006	49.04569180150897	0.11218786815166261
2.581823151088538	0.010078288796799702	48.790015187726354	0.123109498177602
2.6006625295966392	0.009650446791300261	48.73065857809374	0.12617452728339928
2.6161754160341526	0.008277103829663708	48.77049973770028	0.12754620723380164
2.633228879401751	0.007958384903112512	48.79979403466891	0.12555886323259968
2.64694840759705	0.006265099150349369	48.90059215971785	0.12465663935929866
2.665555210875943	0.01200377453816365	48.693830383280826	0.11709292986401862
3.0344153822425084	0.004344523184990845	48.236560413350325	0.1252923892130293
3.0402647563638276	0.002532862415673679	48.45090780457425	0.12685484372281244
3.0462614706978903	0.003266766573625854	48.34638686080102	0.12645852846896213
3.0565937796162057	0.008068684273663059	48.27062963646912	0.10458418258553065
3.387746427680996	0.00332641272497843	47.63932574015939	0.12614970892690874
3.3936944420732837	0.0022450115080854794	47.84505000856881	0.12557883029961517
3.398426037299771	0.002391483435275286	47.83678079293888	0.12586301187724125
3.4043960720652024	0.002780067321673399	47.78594159568887	0.1264388882141989
3.4094631313206003	0.002914332227144327	47.710211129498326	0.1255788646133399
3.4145063527232993	0.00255147268710718	47.70304303384495	0.1261496981729142
3.4198027792736676	0.00219529058434372	47.807627907920256	0.12401266064674005
3.424207141364311	0.0023341261259986496	47.79571409665893	0.12557885031085042
3.429921618174811	0.0034951504830633205	47.642346561978506	0.12614969454087496
3.4356383024089885	0.0018814954274871541	47.88165938912212	0.12586302299903623
3.438941890182176	0.0018672375801862097	47.585384366898445	0.1255839008958045
3.4427453667142047	0.001696727640451419	47.61023088234548	0.12558391008759942
3.445804737944021	0.0015316713522864035	47.64404669191326	0.12587320496185142
3.4497382389167988	0.0018213609180896294	47.55916245090078	0.12616514875932133
3.6742023851152803	0.0022630948419984564	47.16945083614707	0.12529713101074505
3.677647966840051	0.0014818292709715512	47.35658102113412	0.12556240619175438
3.680896061771109	0.001515369710270335	47.38188283619312	0.12609951597651964
3.6843309841139504	0.0018571698616029694	47.332976926815206	0.126099524141631
3.6879591250117407	0.0018855645508384616	47.32501117554688	0.12582984139844294
3.691110419190669	0.0013495434049875115	47.459092344055534	0.1263714170714564
3.6940302097001627	0.0015999536406072709	47.360829296519384	0.12609952814860018
3.6970811636414425	0.001502868654801397	47.353749178338354	0.1252971194589614
3.7002019450010817	0.0013642120138750537	47.396812541433164	0.1234920712334149
3.7032075996069445	0.0019051909509599982	47.237966116869146	0.12582985486468037
3.7066114755947766	0.0013442429022381202	47.40077461588636	0.12582985690882909
3.709637838311626	0.0015434589696524637	47.352168918282345	0.12529712337820575
3.7135661950933105	0.002521574142928035	47.29411301461144	0.11372296178997848
3.844563447794844	0.0015287683821901459	47.302013803870445	0.12529711201933655
3.847953189852954	0.0016989094034433598	47.240202225424724	0.1260756242306768
3.850876401676718	0.001928578890362348	47.143796276622375	0.1263393121030311
3.8559450607015453	0.0021742630269441124	47.04411013743912	0.12607560129973674
3.8600573822582094	0.0018292366315711753	47.120639331426624	0.1268731122069476
3.862836815436217	0.001436466596311497	47.23570445337714	0.12633930463761464
3.866516391342161	0.002180118034983069	47.081774618486804	0.12660512017402636
3.8700815130609145	0.0013261991433917632	47.2976204951673	0.12529712294268214
3.8729403096496418	0.0019189827744348546	47.0891036179999	0.1260756141729249
3.876537184042025	0.0017043101268568134	47.08215015666868	0.12529711693043652
3.8801339511971875	0.0016901187267978671	47.14720623008878	0.11981423606572926
3.9684383014075024	0.0015171916881407403	47.039994769707455	0.12583945680564088
3.9717834632530993	0.0017792884673435323	46.877896124347565	0.13490231130808505
3.9755413735627982	0.002125795425670898	46.82123230022033	0.1324856804806078
3.979561279101733	0.0018149175825241447	46.83237008745931	0.13845009471259526
3.9829098464243895	0.0016675795190027101	46.86710400194189	0.13756136978194305
3.986528589699393	0.001675789283571586	46.874247491615954	0.13845010337848676
3.990723522315885	0.00218379372257368	46.77594017042901	0.13845010322508816
3.9942805955343896	0.0019926982480740927	46.910882196978775	0.13005982147209003
3.9990413805853313	0.0027849516131425583	46.898493479049904	0.11890989971827116
4.063981572792375	0.001475850105558644	46.83119321599805	0.1398126220270221
4.06741796597422	0.001921795307039197	46.71889878289184	0.13726942110689772
4.070540289271283	0.0016536211190858266	46.947483422697495	0.12587191972703426
4.073412975873204	0.001462201919369291	46.95119648562129	0.13549934683830425
4.077064630216937	0.0016647615566724573	46.930086400149	0.13789050163923885
4.080622110798537	0.0018287330623884747	46.868519874536176	0.13820467086862914
4.0835652067904205	0.0016400357850993134	46.99626847699501	0.12788972608089533
4.09065583861383	0.0051005378576808565	46.64032422816388	0.11603360177468201
4.142088348817048	0.0016490361485618854	46.95610113920333	0.13819495384767777
4.145052124221139	0.0012704568964675093	47.07594011324825	0.13788409807447596
4.147822175634327	0.0015817790999111641	46.925149433673695	0.13819495029459358
4.151613588962683	0.0018243464576552604	46.77868350589173	0.13850823020161404
4.1551478013287415	0.0017796482799943088	46.72952656375801	0.1378840774458505
4.158886488918021	0.0017050879618889661	46.735269832548155	0.1391420687347281
4.161923833553429	0.0017079203722148797	46.73216196122114	0.13819499929085335
4.167459961570024	0.0032416474149264208	46.733551596711685	0.11331531634790487
4.20811505551424	0.0017209330109980228	46.73030941292274	0.13483924854270657
4.213945693270911	0.004009851105054102	46.31137742779998	0.1399163785674147
4.220218403615795	0.0018152468725656922	46.63992211304462	0.13848319302334833
4.223271577476124	0.0016746869546838106	46.66482266826193	0.1383075303981883
4.228297888153426	0.003525576168327373	46.48264787240045	0.12437643693844207
4.2674088506861985	0.00295641656994094	46.38482163604331	0.13855676956518528
4.271052266330895	0.0017636129337932722	46.610963712194604	0.1387440911065563
4.27551799144612	0.002505006479175051	46.45556283248098	0.13837031912800468
4.27897890573549	0.0008321252464500592	46.93315390171799	0.13799997532329894
4.28341139045508	0.003149919339477499	46.58976382459191	0.1173039219356144
4.3167221801378535	0.0021030174926852598	46.538465135456455	0.1384536967518733
4.321388902849471	0.0020601130394577822	46.62280018537221	0.13066115329689526
4.420921723750008	0.01748674955547096	46.23490519344862	0.1399517197740272
4.443736679114512	0.002908645093718832	46.203344734978515	0.13913498598347288
4.450064244677916	0.0037158684040877583	46.13980355406824	0.13427379978817908
4.49044375400745	0.018788513877261978	46.23180958080787	0.13415162388433696
4.566182398651603	0.02966042194625762	46.03595230349095	0.12058868403474735
4.616594818902097	0.00337998324784453	46.226071760554746	0.11733131096189024
4.6930282399569165	0.04168896876889627	45.63262120678951	0.12865566853904634
4.758015874918817	0.020566183658253648	45.759075746300724	0.11131477590374739
4.895185703853744	0.0525844283129643	45.35286268635454	0.12898765567671472
5.063807872107145	0.043594255268300214	45.2805250303381	0.13317711622940787
5.217735516288212	0.06606067735132166	45.2321029532736	0.12475390083461499
5.367701271327308	0.03409116237551924	45.08408858397132	0.15003543383351786