-1.3335222308630532	0.14356842843731335	51.28102540917021	0.4224673113485029
-0.9377410898934689	0.20199743271194495	51.072104914107896	0.41960428680586837
-0.6521314529637643	0.10464927233673837	51.028515949303326	0.4238929088684445
-0.5464893698580233	0.011721848115539025	51.462715628580526	0.420907052060455
-0.491511590061551	0.04131219792654767	51.17782768075092	0.4235506883152329
-0.4335841995529562	0.01807677344702896	51.36339637580175	0.42148330285832186
-0.3824818913345463	0.032140202044864084	51.19876254180213	0.42314100263629795
-0.3225358052691256	0.027996421054712308	51.22423875603871	0.420318847531132
-0.22290468299143484	0.06677173312961766	50.89241494317075	0.42398226958118795
-0.12382999264627698	0.03543453186394127	51.00414488429605	0.421226422715826
-0.0697590286978893	0.01955400639755662	51.08002274243536	0.421895553216963
-0.018193894827968737	0.03125669998094014	50.76497319109686	0.4365207196962057
0.04021027134455002	0.02732366537390238	50.90841224975775	0.4218314824736536
0.13281834001988346	0.06132370539135791	50.647401409492375	0.4213946007525657
0.3272805633055762	0.03918917900177736	50.55948389162738	0.4196389736919438
0.4645631456171476	0.08913292876509489	50.11331544809097	0.42536646374190173
0.554085785166284	0.008368804915555438	50.53824848254929	0.4217180542583486
0.5974141911078058	0.033662976981813884	50.191526303043986	0.4210551320168057
0.6337239752716072	0.0038703723548717895	50.5502441084026	0.42235255298496355
0.6771491205359775	0.037822598205828145	49.9998042151695	0.4210980224958835
0.8074738094066382	0.08457081481316141	50.24085513245328	0.41561403445749545
0.8877734425006546	0.0030187789808037847	51.105483913817515	0.4226586478517145
0.9075836212418186	0.01648098218712326	50.88137462329548	0.41943983832938886
0.927317607668409	0.0035434933468068124	51.25881660686186	0.42153145083095217
0.9327950214614363	0.0019439348370483183	51.41745081928789	0.42258309910910713
0.9355080387573619	0.0007727316074959262	51.644978256582036	0.42165016066293276
0.940119854671209	0.003822846546054442	51.320520985923956	0.4201112243863703
0.9591914210080089	0.015000272740023177	51.101347715488714	0.42060747917146024
0.9757030961818022	0.0017610578721749576	51.680109807988536	0.4208100608882558
0.9781616053439147	0.000700446726901155	51.897576656785276	0.4199229834948759
0.9802578781343644	0.0013941478492641675	51.70439537134473	0.42287477380602456
0.9868300996046936	0.00514953340024176	51.42121782574652	0.4232647008530277
0.993642434665375	0.001689796046062422	51.70574349620837	0.4220321601800785
1.0023416634956361	0.006956396872136105	51.092025496986196	0.4181265842441594
1.0115192024844553	0.0022703120667391524	50.82413757831712	0.4216206174427495
1.0224087611218944	0.008540075751328955	49.896074289242854	0.4363481951713509
1.033648812936323	0.0027739614184417107	49.83946723077626	0.42011063755852357
1.0424963950706667	0.006040047034020378	49.19974585233834	0.422201265905254
1.0520545150550795	0.003545140493482935	49.683284878643796	0.4222052054815859
1.0564634847825802	0.0008773330497457894	50.33405571753086	0.41843411954822635
1.058505785635338	0.0011642893518834369	50.099376787137146	0.4386493916547133
1.060828143990976	0.0011580800155021938	50.39505152758534	0.4219284666353402
1.0645756884876456	0.002583292248856739	50.43233941315515	0.4230416348409071
1.0674365697756327	0.0002851478820103735	51.08079675886478	0.42238369945150445
1.0680064913050846	0.0002847739299137652	51.18445498331241	0.41856129386264934
1.0699953477971857	0.001700836716336975	50.78299211650945	0.42344274530175846
1.0725391384004612	0.0008454517671393341	51.093416932080196	0.42162311225941024
1.0745073924234725	0.0011221717174606952	50.8247942415352	0.4580469480854905
1.0770249675166452	0.0013946067301950863	51.33583648313258	0.4182140979573053
1.078973041096421	0.0005553460337041921	51.35114886760742	0.42282085977457556
1.0811887635782251	0.0016575598047793363	50.93095945822217	0.42290454455002907
1.084491294478524	0.001645002929919155	50.63518465890948	0.42264578932415015
1.0866791116237127	0.0005455789478636573	50.70477204134907	0.4212433794123143
1.0883127721542878	0.0010870610601842752	50.33130350310229	0.42865033567747274
1.0904814703826502	0.001081646229832705	50.239746327213695	0.41969952945726546
1.0950543076088524	0.00347853009125111	49.61920719805062	0.41833416361127945
1.0998442221386084	0.0013232213577800821	49.692137321024894	0.41868094620157903
1.101692792170855	0.000527040419778482	49.92467778942272	0.4196650991194746
1.1032710422920053	0.001050257203459018	49.69498252643351	0.4271171113605324
1.1056277152226617	0.001305716851174072	49.768118470730016	0.42189341702842137
1.1079716688376298	0.0010389509448968889	49.888477355344655	0.4218887668720091
1.109268419542798	0.0002589633475036737	50.31787153738634	0.4168106163630286
1.1100446155717125	0.0005170018533974233	50.17869515527986	0.41836580596869355
1.1126219620182272	0.0020557710451733196	49.8757597881403	0.4199513414944615
1.1151841032408258	0.0005109196574501611	50.257875872460694	0.41997648850016234
1.1177312175016136	0.0020317276424960803	50.075587011091386	0.417747052612726
1.1202634801331266	0.0005049789040293777	50.36558714122016	0.42219112601795944
1.121272265588392	0.0005038072930281891	50.36047773730661	0.42217277472469816
1.1232828334969494	0.0015044409175728256	50.23912704598028	0.417855760410438
1.1255336520887922	0.0007483320098477582	50.34827633767871	0.4213804459438485
1.1280209558893128	0.0017361362456594929	50.23410500303984	0.42050750477482207
1.1300005929765065	0.0002468914935552909	50.66380015562657	0.4215282267394232
1.1314794211164405	0.001230261131130333	50.42842363391927	0.41715354605478383
1.1351546100641214	0.002439788106311548	50.339926964493515	0.41786544208816345
1.1383148088384152	0.0007266297346346482	50.55097944121398	0.4228391393439715
1.140006977350244	0.0009650720409510225	50.55742369228487	0.41896844426719193
1.1414521780246023	0.0004809329552897764	50.69203999931025	0.41854471389036296
1.142652849273241	0.0007194077720270886	50.457651755516416	0.4247730248646938
1.1436110017069874	0.00023927411478637934	50.72407058340202	0.4206553226982379
1.1443282316854009	0.0004777585675161103	50.54563294922595	0.4221800966328421
1.1467104788048204	0.001900580320624925	50.27424524604392	0.4178077566788005
1.1493159456667503	0.000708454607241753	50.43433988171458	0.41812005397361585
1.1502595258240618	0.00023563901251339025	50.6274086934929	0.4190487079167669
1.151436125804398	0.0009400059128701248	50.28581741827378	0.4189688605371664
1.15331208011408	0.0009359542724864275	50.151272143343256	0.4247512363559689
1.154713747145593	0.0004664691945903925	50.33447210698804	0.42092414385297233
1.155878357206567	0.0006978299701214748	50.25067654138845	0.4212007597564962
1.1579668175291968	0.0013889645218830879	50.1064683272473	0.42163368430609666
1.160505816198412	0.0011507233031964048	50.193611879664985	0.420198437096965
1.1621138481438646	0.000458588191322142	50.4359074081448	0.42059420283395843
1.1632588080728574	0.0006860711648057565	50.246471951108454	0.42632718827057636
1.1646287872741654	0.0006839103675502497	50.34631570666022	0.4211926081402443
1.165994458583624	0.0006817631383475486	50.36280037026209	0.4220174918727024
1.1678086988540417	0.0011315350873793417	50.2704064178732	0.4210838735842553
1.1711901061041656	0.002245518377948816	50.11922233244883	0.424702878087891
1.1745453891306745	0.0011141183700287506	50.45883598485794	0.41978034972788075
1.1758802774723498	0.00022213983371300165	50.8602482834692	0.42194373785165706
1.1769895587792782	0.0008862926596446057	50.620865262576565	0.421467025439819
1.1783169670784774	0.0004417939339424585	50.94873729811039	0.4188282098581916
1.1791996572981769	0.0004408969132087745	50.92673787144315	0.4214661638151983
1.1813985658029997	0.001754680869108489	50.783154673357885	0.42055013760998855
1.1835863968334999	0.00043646589971923366	51.184948552245906	0.4206930320198605
1.1846761930881708	0.0006530580414711892	51.34050900737476	0.4158488305676756
1.1855460653306031	0.00021725043493282207	51.58479195106669	0.4182400087598748
1.186414198955811	0.0006504497867904503	51.30299256850059	0.4198472984403327
1.187713153977577	0.0006485072275946085	51.22459998367411	0.42739155912601845
1.1887926564957167	0.0004312648464379971	51.30393000376717	0.4209627696592547
1.1894390726409658	0.00021531170858333509	51.421981760480264	0.4184663008053146
1.1909436453692344	0.00042913414371382715	51.044790187710554	0.41979479552028
1.1922291432965495	0.0008557315965630437	50.71228905526788	0.4195767117160134
1.1960629637124365	0.0029687374556610687	49.87846613092225	0.42489997376022093
1.1996529800557165	0.0006309210168106876	50.24631954327126	0.42132768867247444
1.2009129925422384	0.0006290931873275693	50.27580352832646	0.42164015878705935
1.2019602175621218	0.00041838537788786815	50.4393643524869	0.4202405470158018
1.2027961832150722	0.0004175808099812629	50.32826843350319	0.430709790134524
1.2034221031895922	0.00020848970590044047	50.623995198298395	0.41980238174800616
1.2038388824651851	0.00020828972061238027	50.59783973833377	0.42198893290124206
1.2044633027021359	0.0004159809217049391	50.42631558400201	0.4245564726417245
1.20508682613902	0.0002076920599283401	50.63488556193046	0.42156547511267944
1.2057094558112542	0.0004147890278536023	50.45809711397418	0.4259162040888144
1.2065382425367468	0.0004139982192101742	50.60643668774051	0.4179916968104118
1.2071587964851989	0.00020670354428895123	50.722088215550606	0.420000377719754
1.2077784646950476	0.00041281764393216085	50.64482065112046	0.4173093609312471
1.2094266039455985	0.001233761933367123	50.58549675839244	0.4173580368320047
1.211478021228376	0.0008186319490383665	50.92875533522934	0.4184343199174735
1.2129082694116238	0.0006119553066986576	51.07919233485692	0.4211743546497038
1.2137234443285099	0.00020360257934720394	51.51408399766334	0.4177501125722629
1.214537092121351	0.0002032214883804128	51.46691577881022	0.4203735563794153
1.2149433449431783	0.00020303147744476358	51.43645926305054	0.4226330992353143
1.216968928570613	0.0018187805481207737	50.97511362786128	0.4173645898445083
1.2205913404786166	0.001803673351720067	50.72687140126551	0.4230214337668827
1.2227902538758544	0.00039879202219071376	50.9961248114989	0.42273046774158973
1.223587106562586	0.000398060981036761	50.99273222865	0.422357245805851
1.2259689290954987	0.001979419255985956	50.623738390672926	0.42662461691585374
1.2283377600412666	0.00039373040678314115	51.103294544499306	0.4220433569821587
1.2299098329749572	0.0011769232362759982	50.552715052389175	0.4603555208419505
1.2320621832402803	0.0009759207251543228	50.973873235055	0.42057860029643046
1.2332317120653973	0.00019465923300531474	51.2326551176751	0.4223575115762407
1.2338152973691163	0.0003887956687794049	51.00790896568524	0.42707607584960455
1.2345921935366526	0.0003881007857653392	51.109820784009685	0.41789748384518804
1.2351739547693006	0.00019379062578366957	51.15842399977245	0.4192366589123618
1.2355613630966364	0.00019361783375014717	50.888235000995174	0.44070392298476313
1.235948426436233	0.00019344534945130078	51.06493493636109	0.42212553124091473
1.2363351448262248	0.00019327317232210582	51.19489614592562	0.4156117909077335
1.2367215191683893	0.0001931013014148144	50.93491822644589	0.42702041829000564
1.2371075503618387	0.00019292973578550408	50.95556177665931	0.42236422753557434
1.2374932384413428	0.00019275847487651342	50.88297162144715	0.4259646342687772
1.237878584303016	0.00019258751774947614	50.88845017605088	0.42097566495092725
1.238263588553616	0.0001924168635968367	50.985920684203	0.41690956673069196
1.2388404560184059	0.00038432289711737207	50.509962694138	0.44003715113900016
1.2396084222516208	0.00038364389653522044	50.66943503613626	0.4214961356497805
1.2405664745709677	0.0005741977680829801	50.516684205042615	0.424725861785894
1.2417133544851766	0.0005726834335650887	50.505919719420376	0.4221929487652924
1.2424762617608245	0.00019055943573120557	50.86124842273544	0.41656712215412844
1.24342801545223	0.0007605691326322125	50.388293159093045	0.4227104949895392
1.2443776878000152	0.0001897269530299199	50.737807196547095	0.4200617471847134
1.2453252879577144	0.0007572537335972819	50.340712430775284	0.4220154832782167
1.246648464317519	0.0005662125749165651	50.49161372125934	0.4185793313224437
1.2474027589344323	0.0001884100049460992	50.68194444929033	0.42160811766434186
1.2483437887242186	0.0007520087996138676	50.31066316688245	0.4252852704413389
1.2494703395096658	0.00037503031619541327	50.50781812835792	0.42122210069427335
1.2513414545660524	0.0014936720427654868	50.325779303734336	0.4163854368063991
1.253018593021158	0.0001859893715151553	50.7751597648015	0.4181638702309273
1.2535762031728597	0.00037150144932388717	50.585852047490974	0.4202788410550801
1.2541330980254104	0.00018551268956754362	50.905396363515806	0.4210626408166093
1.254503964930679	0.00018535433814448083	50.78571968634833	0.4463304117939651
1.25487451567935	0.00018519625670696064	51.13438771428897	0.4215484969147361
1.255429749256817	0.00036991927932246665	51.15350766996834	0.4228087199632281
1.2561689584785487	0.00036929017817265	51.40072152263532	0.4213543108029871
1.2569069113610372	0.00036866321337790706	51.47606022998597	0.43343733587449546
1.2576436127154706	0.0003680383736097077	51.90505540743542	0.4178039766688324
1.2583790662326817	0.0003674156485457042	51.84256433531328	0.4477141063560525
1.258929840469392	0.00018347499284492364	52.31478884070526	0.4171041882122001
1.2596631209798885	0.0005494964027020862	51.895860359906926	0.4213693350188928
1.261490923937306	0.001276773429019219	51.49729517860039	0.42384319489969163
1.2631293951450595	0.0003634187417618948	51.71498689877661	0.4176949090714166
1.2643995017034402	0.0009058936648561663	51.31982975399171	0.4231983338575934
1.266207520308873	0.0009021301632056631	51.305921955456355	0.42193682916044206
1.2680080430634244	0.0008983978029468353	51.1186885376923	0.4473248149811705
1.269801132024312	0.0008946961988198055	51.435568528359546	0.42157860187858476
1.2708734425484471	0.0001784979683441957	51.82385729069485	0.42236859297988744
1.271765016609486	0.0007125276050394728	51.55760678343626	0.42136452360276866
1.273187738865201	0.0007101972272005721	51.58907291733781	0.41817886605634813
1.2740745794523343	0.00017718711644123264	51.77170290538586	0.4219845272318468
1.2746058156497928	0.00035394102146592255	51.411022594796385	0.4392525050883298
1.2753131213938294	0.0003533650510608681	51.597739235109586	0.41947750276857276
1.2763719248004164	0.000705009203390803	51.27477850713129	0.42785941278639095
1.2777796592390502	0.0007027276663008322	51.222093980642775	0.4227235555030583
1.2788324735044458	0.0003505130905014961	51.31684433509016	0.4184752437681514
1.2795329346197195	0.0003499482136490443	51.13875949319807	0.422219487551981
1.2804069251292782	0.0005238670093314548	51.14842602407646	0.41444311532504086
1.2811048533166214	0.00017434193689872354	51.181051709892444	0.41743429879833477
1.281453397217954	0.00017420207456097587	51.0711724088542	0.4218798755247776
1.2819756894061656	0.0003479854024028107	50.92129577808704	0.41755269094653014
1.282497353969644	0.00017378383063268563	50.949426965059644	0.4189731907143054
1.2828447828114546	0.00017364486186053114	50.89842829335824	0.4205276748731002
1.2831919336791962	0.00017350611527088583	50.92023717609445	0.417473104102773
1.2835388072754514	0.0001733675902282131	51.04876482553561	0.41971967237639307
1.2838854040427843	0.0001732292862022949	51.23588980583328	0.4194569660092942
1.2842317246806245	0.0001730912025618068	51.2728430331587	0.43142914110160724
1.2845777691133655	0.00017295333898566524	51.59755098791324	0.42166646655293866
1.2849235380385342	0.00017281569484574276	51.8619157852606	0.41856811045861836
1.2852690318944817	0.00017267826961854337	52.00869483079645	0.41948065569252746
1.2857867581369287	0.0003449450819919663	52.21636099737777	0.4168925027629918
1.2863038676715104	0.00017226730210142817	52.6063680251425	0.41946892633597405
1.2868203624781835	0.0003441251019702677	52.600481567413	0.41950004814056485
1.2873362435048903	0.00017185828611293423	52.497070400788516	0.42170952977985104
1.2878515125920518	0.0003433090112062652	52.073827089484695	0.4287824017956924
1.288537588400224	0.0003427670976630544	51.92123630089538	0.42138267014604414
1.2892225822182968	0.00034222689214500896	51.688305121978246	0.4218973771698486
1.289906497071982	0.0003416883868901392	51.27791388239428	0.4370272845326252
1.2905893368629395	0.00034115157348452103	51.22477094905049	0.42273249363583143
1.2912711045854315	0.0003406164442661639	51.03652830252111	0.42846801602568796
1.2921218119072377	0.0005099248334489255	50.9080679422611	0.41744860408970963
1.2928011801504762	0.00016970925999490395	50.95013783842006	0.41907917030503433
1.2931404660342003	0.0001695767290216122	50.84200538780681	0.42081979906753986
1.2938182437339951	0.0005079368611739183	50.54120352410085	0.41876416773724245
1.2944949653982163	0.00016904866853162083	50.89387392463806	0.417196210177918
1.2950018155451875	0.00033770298545599496	50.610935077730936	0.43163593982513565
1.2955080748542716	0.00016865477635423704	50.944393110302755	0.4223629964903315
1.295845253412995	0.0001685238865840138	50.826549231821694	0.43705427762774046
1.2961821703953165	0.00016839319981837398	50.98985996630126	0.42157600498221637
1.2966870565505317	0.0003363950983490695	50.63570199574921	0.45159573563500166
1.2973593261410845	0.00033587477570906236	51.028102307614546	0.42014543515941194
1.2990354613732316	0.0013383239363420727	50.82615299236622	0.42727310270873364
1.3012048106430254	0.000832284704952657	51.32557670501845	0.4214172734514006
1.3022024055407844	0.00016607502036299892	51.85432444745829	0.4198320390648275
1.3030319879464183	0.0006630323571904745	51.49603671926242	0.4330587515464068
1.304356032255205	0.0006610140322960284	51.7979836083489	0.42205002366285205
1.3068277876013048	0.0004929469535930401	51.82280735585796	0.4220042019302564
1.308304116338591	0.0009825481764223554	51.64169300819683	0.4201728506308694
1.3097754434819842	0.0004896125385044195	51.74287118207928	0.42013325342543234
1.3114044263729863	0.001138152177320404	51.47049008935979	0.4221891736170667
1.3176997122392176	0.005128105909567009	51.00368359949702	0.41785658915409407
1.324062998645417	0.0012633791585861202	51.35824287415778	0.42024676732312866
1.3340542183295723	0.008642522693434023	51.11639649269095	0.41951974984298707
1.3438207432220795	0.0012071909296772667	51.365527554944336	0.4200658294524975
1.3486228596525636	0.00358174861777155	50.92282106139143	0.4192593898937798
1.3533724578895767	0.0011809302544446066	50.89395378628438	0.42227891962526065
1.3557279192377645	0.0011745426396010876	50.59744644016814	0.4394822159858025
1.5992952381522625	0.005132365474266177	49.16685677915362	0.4139628436578704
1.609211276087592	0.0053256890366535185	49.14478515985624	0.4138057691465634
1.6218633465070718	0.007543384147650518	48.97407076301081	0.41396284627146873
1.6371473379659816	0.007526368145593852	48.97408981590031	0.41380576518310125
1.6527385871350475	0.009783776841702676	48.85304372051915	0.4139628433589075
1.6722749749608323	0.0081191598825959	48.942172945645815	0.4139628493187937
1.689631570916811	0.008986975433739896	48.707756702196335	0.41633027997771466
1.7072664085527167	0.00793666099795357	48.72606865134276	0.4163302823231892
1.7205587771258926	0.006908351725326452	48.78456646242434	0.4163302737785412
1.7370041186311838	0.008799699903811277	48.656292422341664	0.41668493054239475
1.752092655469669	0.007537020754087188	48.71588882964387	0.41668492386161377
1.767648042555265	0.007519210672924422	48.796591376007335	0.41506993870967696
1.7829977089330833	0.0072773061677903405	48.832492357170416	0.41479352863051394
1.7979744927534616	0.006790657240788261	48.73257213509917	0.4163302764056381
1.8093531241633367	0.005344217080564709	48.806032836056076	0.41633027585048066
1.821846448683171	0.00784171049222858	48.617127043476664	0.41633026993462535
1.8389842195914765	0.008341702430894698	48.58099640148216	0.41633027281671287
1.8518115125392542	0.006809421905097802	48.6399612615947	0.4170606972296895
1.8674435366700854	0.006655676649961905	48.62942029397875	0.41706069645396143
1.8799274826095833	0.005765592755848917	48.70339943077785	0.41706069858329264
1.8921031422966643	0.006098286310422552	48.701525918951205	0.4166849267319311
1.9046981252375934	0.007198354201181331	48.62237157942393	0.41633028007156797
1.958426098973447	0.029865625501359735	48.64414791248236	0.4202956839395519
2.032375549246951	0.04844187591711573	48.348513445984764	0.4203348143543508
2.107328341640811	0.02282707411132765	48.61493455070988	0.41964715389611795
2.157986494057385	0.027569117925134667	48.45153127366319	0.4206167083401491
2.205432495827093	0.01951219010937872	48.587235231338475	0.41993443232334976
2.239665965095828	0.016831104846609338	48.614357591402694	0.42029567527066336
2.2808947204629075	0.02514704146482685	48.411423683485665	0.4204012834050662
2.3182506340210414	0.014045200925531279	48.60958056252896	0.42050827799841145
2.35704800546867	0.018349955671128834	48.48307246167248	0.41915211193072166
2.3895200583650498	0.017879270342396343	48.4361178771242	0.4199344346833226
2.424985545165725	0.018046628290774042	48.372766762960424	0.420616706376604
2.4564318225765804	0.013866841212940073	48.467098859420545	0.4204012801470058
2.48657986290976	0.014979557916544385	48.41510618370168	0.420191463420511
2.5160870232791828	0.012723189675642094	48.44479757130669	0.4207265878516897
2.5407285649467073	0.014425612518617728	48.34989486556748	0.42106519275820475
2.5806644033506787	0.025767883273968072	48.28482540868035	0.41593027564762036
3.2128998039530487	0.0024294589269358256	47.856982771730095	0.4202128265255904
3.218644124854949	0.003280828921713758	47.72886352593781	0.41978103905384995
3.2245187633546317	0.0023653238003340377	47.83990973554472	0.42021284442592266
3.227855862099119	0.0017295086098483624	47.96514205747061	0.4202128426171947
3.2322553725664878	0.0026904410877910184	47.76871912485504	0.4202128327613418
3.2382301068067414	0.0027742877967594057	47.76356865734168	0.42001526767155534
3.2436202067122824	0.002144378668969412	47.88106790199792	0.4195537562095712
3.2472548318881067	0.0022446804971855464	47.83352178878942	0.42021282896286133
3.2532376333072675	0.003728786687453611	47.60364220203122	0.42033904905435565
3.26071331153391	0.0029779294047238263	47.69427290287	0.4200885993202462
3.2655656316052033	0.002378505817117564	47.79885611982957	0.4197810396177705
3.27182441949917	0.0036842434774553364	47.58534371828263	0.42033904700889313
3.2794840265436265	0.00372951188352935	47.576081013387885	0.42008859779901303
3.285455829704777	0.0022720297817892614	47.77926801760972	0.42008859572692575
3.2919399856447575	0.003837218297088918	47.548567158693196	0.4204672620027217
3.297729638053969	0.00283979188509603	47.71601687564404	0.4198972719927018
3.3030236999238434	0.0020781073839696916	47.83468764582864	0.4200885976485141
3.3069755643795817	0.0018533427508030658	47.86483209543449	0.42033905735091553
3.311176085534492	0.0022433796387484775	47.74237232877098	0.4205975338727434
3.3152258201816007	0.002323570201099539	47.7415886866267	0.42033904791458127
3.321335819750571	0.0031876406242076	47.62772254444697	0.42001526640463954
3.3263650801874443	0.0023631851413993743	47.77394088242922	0.41978103542658796
3.3304922037198046	0.0015605689918354393	47.98270510050335	0.41955375784681753
3.3347335137856016	0.002607850182227891	47.74597857776983	0.41989726762581503
3.3400594186396444	0.003053133215883947	47.63669527417921	0.42008860105435375
3.3468847752752082	0.002911614402820396	47.62776750351392	0.4202128352040693
3.3535119328599254	0.0036999945785705494	47.499381042390766	0.42046725684293185
3.3581148454642067	0.001372851836651792	47.924616488775015	0.42033905124871934
3.362466284620172	0.0026277650637343323	47.63987275171583	0.4202128374586941
3.3676717728452275	0.003402260694867066	47.52302142410238	0.42021284405570425
3.3741321217062934	0.003175589597287029	47.54403693057223	0.42033905027536156
3.380116104481026	0.0031321343887818942	47.54350114639963	0.42046725220987097
3.386258037387902	0.0023161043086628616	47.693873990556845	0.4198972756525418
3.391382257658806	0.002712832096237456	47.60513698262264	0.42046725774511495
3.396791808212481	0.002762966923184217	47.595440908079794	0.42046726937430323
3.4034866536855817	0.003545187930776203	47.482550650108834	0.420597528026504
3.4094247009911665	0.002683754545535522	47.60331586641984	0.4202128356263901
3.415044371035827	0.003451701285922316	47.525609553722475	0.4193799871555754
3.5869110428781563	0.0023779231348036627	47.36459263747227	0.42027122568314235
3.5914441157848445	0.0018718861555426889	47.34722403016534	0.4200885955620316
3.5948694029329924	0.0017510481608056445	47.24811607364897	0.42018131471239845
3.598094281529702	0.0016327675208601025	47.26940554110929	0.4202751362412827
3.601467719877832	0.0015678782582034295	47.28493461927792	0.4200885945610551
3.604944245913116	0.0020738297720139173	47.16068581012123	0.4200885915875734
3.608687482584282	0.0015934232571703914	47.27064894291956	0.4201813162214861
3.6124692562131995	0.0019362886714959975	47.20044138341024	0.42018131258096114
3.6156074336158555	0.0013658881381731769	47.36100609188664	0.42008859253295233
3.620023706655879	0.00285432797741344	47.056523461550036	0.4201813115098094
3.6243104158514234	0.0016362779505929002	47.342182034882526	0.41955374815029134
3.6272911893150366	0.0016743445487824463	47.29836694354655	0.42008859235396206
3.631193444057786	0.0019521787296375539	47.18948864757186	0.4201813189300443
3.635066002561691	0.0015478867053746108	47.26186214583768	0.42027513380496617
3.6374826310830275	0.0015392974206037047	47.26864564113129	0.42008859714348157
3.641055774272043	0.00176523769280934	47.21037357193813	0.4201813096884435
3.644800637564137	0.001608182694055251	47.27455508473154	0.41963793473302063
3.6481490543544832	0.0019243797971982622	47.172991924355756	0.42037007036458934
3.6520459467992965	0.0020467410888910824	47.134790600085076	0.4203700725058945
3.656056072716597	0.0017513917034257926	47.19158858187571	0.42008859344223903
3.659767760682976	0.0026047126567717576	46.99848389319233	0.4207614021308944
3.664590104931514	0.0018980771648285872	47.14087504310783	0.42027512966709474
3.668561838987308	0.0019703665044825103	47.13583329409563	0.4199843569003624
3.6723824143683994	0.002352593058649778	47.04073903214274	0.42037008142173854
3.6766988331870754	0.0015821864436742414	47.21176749325116	0.4202751363675811
3.681416295092363	0.003303908343056633	47.15799908722824	0.41503789255810986
3.784997724804597	0.0018837476254541644	47.09469523102878	0.41971555739423194
3.7883463308860335	0.0019032613880073527	47.062829007313056	0.4200885970101369
3.7931911277296515	0.0030584862307775915	46.83457253047281	0.4202668474427277
3.7975807160212267	0.0012310439812403759	47.21572731759833	0.42017721611911785
3.8006924151731645	0.0020150806689066183	47.001916439331765	0.4203574963748892
3.8051845820428825	0.0022232018146250607	46.96131414483546	0.42044919429573213
3.8090522043130437	0.0018146357831224174	47.0615375306756	0.42017722010417985
3.812846562590083	0.0018309819257293473	47.06403285250149	0.4203575004951406
3.816216231692366	0.0013387137916622631	47.21718595431351	0.4201772220431298
3.819090804528424	0.0017731720227147569	47.098362726393695	0.42044919489930827
3.8235070576527197	0.0021940498262725838	46.97659913083617	0.4204492066949393
3.8273358430739033	0.0021437273082008886	46.96697178521029	0.4201772158105569
3.8320746803840975	0.0025199687695189278	46.877996118714265	0.4200886023357444
3.8364488208467917	0.0019470914401754351	46.961884667086224	0.42044918853704405
3.843389263309301	0.00485031098765775	46.830756225153735	0.41490142773790956
4.665259858726675	0.031995235278829935	45.51824397771607	0.41697679432822543
4.918284523149792	0.15194124714258644	45.08323874703515	0.4193744877767779