-1.8664282675215544	0.4136140458657998	51.6848272434082	0.05543857936418948
-1.4033173998810944	0.1423916133755411	51.437085253473164	0.05547572556086985
-1.184325921191886	0.08599890710456697	50.92648403156923	0.05645317127412549
-1.0394282083123652	0.06160205771223835	50.91909043771724	0.05692348814052881
-0.930968760603061	0.0479883449034013	51.42822007957517	0.056442381564293743
-0.8442550124755965	0.039302667155134995	51.49967731007473	0.05632914250396954
-0.7720067942155135	0.03327927106952713	51.44185944280509	0.05818438875029775
-0.7100808172618531	0.028856777326194773	51.33270964460191	0.05620345775194446
-0.6558929045576628	0.025471816390246056	50.83219130752501	0.05723897937249477
-0.6077223186934864	0.022797610512999486	50.87574946513375	0.055966662899811136
-0.5643652072965251	0.020631567175093967	50.883007230994124	0.05660710111760693
-0.5249463849849237	0.018841409816837597	50.79194515761925	0.05733530633276543
-0.4888095647589374	0.01733710485148573	50.857742972683155	0.05887182476988311
-0.45545003261568906	0.01605524893256166	50.974283437487834	0.05822449474201402
-0.4244711714509189	0.014949896376756769	50.65378898908145	0.058525572861085604
-0.3955556881532204	0.01398693958883527	50.81982953587216	0.05721925632680638
-0.3684458347909569	0.013140528901062983	51.04897443603366	0.056520415742403546
-0.3429292815780701	0.012390712851590963	51.17231783015327	0.057171063373068556
-0.3188290962647732	0.011721848586980723	51.229095917067966	0.056528445309922154
-0.295996258012481	0.01112149751071231	51.10414135391943	0.05696433634168567
-0.27430413938475323	0.010579646343671825	51.03198147651826	0.05743119384354402
-0.25364414923620343	0.010088141384283223	50.81973767543744	0.05876018653925934
-0.23392249915968025	0.00964027693767542	50.59359657550437	0.05813823723789509
-0.21505767081188465	0.009230488419610541	50.74969000608253	0.0584778507339874
-0.19697829062520575	0.0088541179186277	50.69072181078039	0.06288695318821541
-0.1796215593891712	0.008507237754742722	50.96877009351488	0.06460097678036426
-0.16293190858510628	0.008186512316493522	50.96074814607281	0.06097372977195809
-0.14685997693391975	0.007889091404345249	51.1093003506991	0.06577549897445603
-0.13136165466694613	0.0076125238385397935	51.451912491783645	0.07015233754013199
-0.11639740443575923	0.007354690735864665	50.955871693294334	0.06414445875664142
-0.10193163027398211	0.007113750698155594	50.69442827809203	0.06710099606452388
-0.08793221057621087	0.00688809647982279	50.74935349481812	0.0632175064942474
-0.07437000333793864	0.0066763179985097525	51.08208541062154	0.06695632740101899
-0.06121851498234812	0.00647717343381777	51.47526748992419	0.06829427255946731
-0.0484536169712218	0.006289565263626177	51.13501526178923	0.06650784467126183
-0.036053220185388285	0.0061125191276058055	50.60848597635726	0.06974902536011421
-0.023997084601223684	0.005945167507721491	50.81934049065743	0.06390895598742216
-0.012266601962883122	0.00578673524463275	50.53848848980928	0.06263804700529539
-0.0008446578860327181	0.005636528001401511	50.78353165953681	0.06110082447952495
0.010284571050814567	0.005493921376153434	51.18003163456263	0.062360825325813406
0.02113572178711723	0.0053583526090676395	50.55169092528276	0.06267953644719296
0.031722337137396944	0.005229313440307428	50.64337899241743	0.06177238082591912
0.04205701615191407	0.005106343131854079	50.7014906390756	0.06535675459945033
0.05215147160865913	0.004989023382104613	51.048857703183614	0.06851730536450483
0.06201662526580676	0.00487697338687222	51.13512708646196	0.06630967742937466
0.0716626495677597	0.00476984604207243	51.020124979537755	0.07249388726987016
0.08109907496113611	0.0046673238481801755	51.15127874983757	0.06282592096490217
0.09033482364359985	0.004569116034985563	51.06035933572147	0.06714227855658883
0.09937824024217617	0.004474956012877085	51.20604932353926	0.06778832188857713
0.10823717854572906	0.004384598514854643	51.11676564520218	0.06712714513793236
0.11691901474895233	0.0042978177602165865	50.76596245533927	0.06280625950511018
0.12543069758812236	0.004214405435173458	50.48551705568832	0.06181978531064662
0.13377875645551862	0.00413416927038523	50.51840988517014	0.060119627701848755
0.14196936965040008	0.00405693118680591	50.95504508587381	0.06147223223419553
0.15000836630317982	0.003982526228143557	51.109738171843375	0.06143094881707169
0.15790126352778466	0.003910801269015972	50.88741992889505	0.06458426361236164
0.16565326570450378	0.0038416141755364033	50.78302164866386	0.06296119748264646
0.1732693204639501	0.0037748325433135835	50.150367780714696	0.06651901008565671
0.1807541195103619	0.0037103330208440566	50.7183853040503	0.062397766478622586
0.1881120996660876	0.0036480006857818287	50.50494459692371	0.06084442705594571
0.1953474922017127	0.0035877280722309336	50.30418234018845	0.05873500031729336
0.20246431501035522	0.003529414746818218	51.17349871083154	0.0616006405214717
0.2094663968072103	0.003472966659950633	51.01258318077906	0.06178275481704128
0.21635736868390815	0.0034182958069263725	50.579591592746176	0.06389410219990195
0.2231407067789707	0.0033653195169967656	50.69311736129417	0.06840887032828523
0.2298197267641346	0.003313960168531097	50.829657549682985	0.07870448979888295
0.23639757897969876	0.003264144919017095	50.98569741242609	0.07774132139883838
0.24287728726768365	0.0032158051301244108	50.95154389352788	0.08366335574440571
0.24926173731099943	0.003168876206727715	50.665201718163075	0.09950302076344088
0.25555369401865347	0.0031232972365986367	50.524098962247955	0.0921700307912574
0.26175579000883087	0.0030790108617516467	50.36613974347524	0.0998693260447042
0.26787056039407753	0.003035962833377976	50.24080216902259	0.09402014608428805
0.2739004346232634	0.002994101896469735	50.004277835543355	0.11078177341878424
0.2798477290706648	0.002953379675892138	50.38809562241013	0.0801697717536478
0.2857146793729562	0.0029137503023361887	50.76675668558136	0.07837630834273901
0.29150342742272967	0.0028751703657999683	51.114194288505445	0.06511008289265378
0.29721603481538267	0.0028375986977163432	50.92594587209204	0.07167483330423144
0.3028544702709997	0.002800996335826257	50.80187037193092	0.06327408913075001
0.30842063927796887	0.0027653262211020076	50.0819200918059	0.061231357005724185
0.31391637086164587	0.002730553185471562	50.35231214334747	0.06114830049385242
0.3193434294950504	0.0026966437828511353	50.98098254307549	0.060700302504197064
0.3247035023617089	0.0026635662824151017	50.64930514566195	0.05986690123798583
0.3299982267935903	0.0026312904176931575	50.664411691117515	0.06107228743472928
0.33522918090908077	0.0025997873728379824	50.30499625809036	0.06518836907459145
0.3403978749498027	0.0025690297646820503	50.06581468163308	0.06283819065287741
0.34550577730759807	0.0025389914222800286	49.87163308624365	0.060705225589404894
0.35055430137970117	0.002509647407211563	50.19004720338495	0.056964218143455654
0.35554481553427825	0.002480973899653178	50.43456848606969	0.05743539960652742
0.3604786304952206	0.0024529482189574975	50.64071556050944	0.05848947245952633
0.36535702373993423	0.0024255486354398384	50.75103217122501	0.0572698130278452
0.37018123013268117	0.00239875438049083	51.04943011451197	0.05855468178555885
0.37495243319292554	0.0023725456519647086	50.967497014268154	0.05866284212804894
0.3796717884239394	0.002346903445418572	50.460176913776436	0.05980838605366825
0.3843404105654777	0.0023218095885392236	50.61751639344025	0.05723030066402732
0.38895938221176335	0.002297246659901119	50.45042656787	0.057490009120310576
0.39352974158029735	0.002273198021521308	50.539523776759005	0.05698780117556273
0.3980525045784345	0.002249647671324263	50.80155107690044	0.05981871340780596
0.4025286556657624	0.002226580264288969	50.733988114592066	0.05891146820996619
0.406959139286262	0.0022039811290681323	50.511176725802216	0.05937867934335175
0.4113448810902001	0.0021818361336218652	50.625974043277736	0.060319306423610906
0.41568677571265206	0.002160131724913173	50.641113584261355	0.057496236406679405
0.4199856944082166	0.0021388548681869233	50.94262883192366	0.057389113997910884
0.42424247331301584	0.0021179930840185476	50.768741436940644	0.05843812552170481
0.4284579336525059	0.002097534328681027	50.93165017496577	0.06072310438963393
0.43263286984188937	0.0020774670347383875	51.11751432587865	0.05936558664261454
0.43676805666983437	0.002057780058697504	50.654111312848904	0.061506714291274016
0.4408642378605307	0.00203846271881463	50.73736236756139	0.06217571305966243
0.44492214537473024	0.0020195046876675003	51.20713582320633	0.061745215916643566
0.44894249081693643	0.0020008960190062096	50.7850653403998	0.06686284283864471
0.45292595732026647	0.0019826271707895156	50.31505921157783	0.06613967145338936
0.4568732182269499	0.001964688905598093	50.33620426523179	0.07563570833846736
0.4607849257564008	0.0019470723308170823	50.49146191812365	0.07746048126931657
0.46466171753688174	0.0019297688571656589	50.61373357139644	0.07979859196980314
0.46850420569603096	0.0019127702361086548	50.76430195642172	0.08233607192698766
0.47231299478183847	0.0018960684693201462	50.82738916625334	0.10861156048195546
0.47796427305516703	0.003743111236952358	51.13926279381614	0.09684030977251316
0.48354295465991265	0.0018476685064108672	51.453302515568886	0.09677700794046072
0.4872226580306734	0.0018320796591091227	51.47007322289038	0.09934858273187298
0.4908714483674507	0.0018167516470691196	51.54129724389908	0.0924540593782862
0.4944898353973792	0.0018016780003698907	51.419824512432434	0.12519516843750586
0.49807832424408754	0.0017868524284467763	51.48755780540117	0.11188878920916868
0.5051675582249966	0.005273764196332174	51.03618998780663	0.18441663777477324
0.5155890411931348	0.005148719407459244	51.12288045383838	0.11425855781488835
0.5373459626039232	0.01632379185207042	50.503327607696825	0.11300901135928222
0.561166289219537	0.0077262850378390854	50.341413585814706	0.09961175219554329
0.5910213309953325	0.02163898764899601	49.6263398249305	0.1097524499306288
0.6162414487200354	0.0040836340555325855	49.79679732191492	0.11232249924949117
0.626996852989778	0.006639573185227363	49.575222292677324	0.13043566652422373
0.637492321565349	0.0038886239272416068	49.74507482820373	0.10807369227632084
0.6426464488506531	0.001280915739359654	49.97240450939511	0.1051929245847771
0.6452007534707103	0.0012734041400497644	49.96569294742948	0.10599619987047924
0.6490042619369618	0.0025246009697018758	49.74388996891271	0.11759725900657324
0.6540243377387587	0.0024955867371099795	49.78811784307703	0.13089235813453165
0.6589870481861848	0.0024672318252271248	49.82077933239536	0.11715017263162895
0.6638936895301608	0.002439514012881182	49.88291400970951	0.12737982789095617
0.6687455145760852	0.0024124120663705064	50.12835603426896	0.09513666813872372
0.6735437346039146	0.002385905685214761	50.09213070220373	0.11320098489322032
0.678289522062486	0.002359975446665875	50.266190993397004	0.098351303652701
0.6818151351845707	0.0011704473313782068	50.62401597379227	0.09131408713251944
0.6853123584806586	0.0023221199420731396	50.52674044294163	0.11041192452774116
0.6899319416995984	0.0022975504947290314	50.71860204688977	0.10701803216906516
0.6967704690235954	0.0045233118811704226	50.95393914863539	0.10038017908129125
0.7046149898353173	0.00333175667016654	51.139000247725555	0.08463393217739566
0.7090347664650658	0.001099340542298161	51.06612156311064	0.1075146989429942
0.7123203278998973	0.0021821101968233217	50.74125816153923	0.10145650503258323
0.7155812196432698	0.0010828936107725794	50.637537251349336	0.11149980444526471
0.7177416256155351	0.0010775201127424148	50.798788824555636	0.09899206187388017
0.720962214280074	0.0021391182470810455	50.74664822477206	0.10914422062566934
0.7252195155935035	0.0021182513459640055	50.93850651835281	0.10457529964948974
0.7294354882486003	0.0020977876212878704	50.91208381555368	0.15252072155335536
0.7336109277242768	0.0020777154962909896	51.12674837579867	0.10995520184571193
0.7397997669774952	0.004096634662282477	50.83415241327574	0.14345407126547874
0.7459016516784682	0.0020197394809497184	51.15727825976981	0.09867073975382934
0.7617662432403309	0.013631034073436125	50.49441964190136	0.11000962565830665
0.7817460759405299	0.006509070494161721	50.43863336542903	0.1182180095794319
0.8233880629899284	0.006758789721826829	50.08333187844041	0.11327356112553222
0.8391506472366821	0.008962084799153306	49.85564846981731	0.11814085794838498
0.9733492293462116	0.015552174824700752	51.84472314495332	0.10675288570354936
0.990933217282705	0.0022977024377553784	51.73772851049055	0.11718319455103954
0.9960725191573205	0.0028383405130153927	51.5415473996737	0.10555932518972355
1.0045051407760344	0.005567521081720107	51.029965098258224	0.10667036820485075
1.0127771415867055	0.0027312400597241716	50.83649730470453	0.10967903273026607
1.01658414276219	0.0010829611170409504	50.803661661786236	0.10510689699491596
1.019820934136157	0.0021498396486999303	50.599375396178566	0.11852387907529711
1.0262230325389	0.0042367609972645956	50.533984515854364	0.11645341421167371
1.0346149508134403	0.0041556795116725045	50.61257773956252	0.11109876432507404
1.0408041581428888	0.0020484380963971855	50.800794851577365	0.1140738617167556
1.0549115935806566	0.011897799859241578	50.54893228166163	0.10559020348325168
1.4614755884292816	0.0019439783438970244	51.378134486387125	0.11300518968058923
1.464574868668769	0.001158092882979571	51.4659083600188	0.11788272285908921
1.4691827090146417	0.003437611606935893	51.27101138910948	0.09448919996249065
1.4741199767518083	0.0015105566641249334	50.7910096170795	0.11716206365077782
1.4769430748976378	0.0013131730949788312	50.57401661924364	0.10753963631461969
1.478814996421204	0.0005603679257712348	50.51763528256573	0.11535791726896938
1.4795615116266887	0.0001864685094785678	50.67487019625835	0.11310038286574955
1.4804928549116856	0.0007442762270177064	50.10081259261113	0.16113583811445314
1.481607836801755	0.00037118393356841395	50.39926695424889	0.097703797805025
1.4827199634132302	0.0007404692685974928	50.03979373722878	0.12599449080126618
1.4841983826523406	0.0007379528589983936	50.24003843300446	0.10978744358619874
1.4851198453556043	0.00018409719253711454	50.64567414832317	0.10754002481383677
1.4864066176712825	0.0003671050754734722	50.564749543296486	0.11364568720721382
1.4875065388321558	0.0007323529975110749	50.56944865847742	0.10316255175040773
1.4884210166255614	0.00018270313284232724	50.8740369616732	0.11360539198881585
1.4891512149845283	0.0005471886124531152	50.725631881159735	0.10409059081033978
1.4904261152640939	0.0007274462124890242	50.526840372251705	0.1542648458108345
1.4918785761983877	0.00072501739429209	50.76845328734953	0.1133994772679924
1.4949490205065936	0.0008998870349418561	51.4587688715625	0.10796967551409414
1.4962070385538835	0.0003589136438733526	52.076513394364454	0.1017396859502977
1.4972824468883663	0.0007160519889562048	52.076021476943225	0.1390237653534431
1.4987121948678463	0.0007136985385133042	52.644706785222404	0.10565503682557795
1.5001372513911742	0.0007113605075777834	52.01406439261053	0.14662937159849385
1.501202983437858	0.00035480850628575705	52.00942673054568	0.09977929609123838
1.502266106644032	0.0007078820430393017	51.337017294807296	0.1331997494284751
1.5036795680645716	0.0007055819044480887	50.97121555864747	0.1049891276482416
1.5045606512278982	0.00017603797321384305	51.18619124571419	0.1121992258549495
1.5050884441971184	0.0003516483325660254	50.85190040626176	0.16538075002802646
1.505791172001143	0.0003510797938142	51.0222771654151	0.11255586730908843
1.507193225592974	0.0010498446411572266	50.784477764973865	0.10709675452738483
1.508590767473241	0.00034882390464061595	50.95049609579695	0.11692001642259629
1.5096359804015131	0.0006959708049094934	50.59572783471208	0.1631663585269702
1.5110256961041295	0.0006937473004606337	50.75853271555426	0.10948046594328104
1.5124109789827358	0.0006915379581782892	50.70198314358174	0.11604528524426237
1.5134470491970937	0.0003449450819919663	50.891966579301716	0.10244385356623215
1.5143085567586547	0.000516392241868864	50.86257332474374	0.1336748217883754
1.5153401152077042	0.0005151671361673691	51.191148905993494	0.11080980836600854
1.517566788132147	0.0003416883868901392	51.80265121956193	0.11206307972146516
1.5189313955187067	0.0003406164443656834	52.066004179405574	0.11039183868115578
1.519612094787164	0.00034008299122237367	51.791056237932516	0.12042512952411762
1.5202917285657938	0.0003395512065889894	51.58832210103248	0.1166734847116465
1.521309189509123	0.0006775132807921165	51.14352124154725	0.11380348708733865
1.5226621065424504	0.0006754059710098142	50.73196838981127	0.11421445982603057
1.523674035636003	0.0003369170357102994	50.69784776424683	0.10686264455946509
1.5241791175176687	0.00016826271548826347	50.78183688936492	0.1136262393965501
1.5246836124239815	0.0003361347357181746	50.38245032495224	0.15625509201093868
1.5253553620944096	0.0003356152175817763	50.473889116924866	0.11805471148998362
1.5260260743332479	0.00033509730286544975	50.476097950924135	0.10582578861762759
1.5268630107097754	0.0005016782293810546	50.28773593386144	0.11095944985026499
1.5278652098734637	0.0005005218669420739	50.15236751971281	0.13401051734701508
1.5285320600768744	0.00016658463856495664	50.48252690560855	0.10703503119759503
1.5288651015543666	0.00016645694104757292	50.310953725780905	0.13821483570192267
1.5291978880804296	0.00016632943906153192	50.48303654642853	0.10392886604831532
1.5303606361581017	0.0009953082987853783	50.2555943632678	0.09987579990626312
1.5318510383318924	0.0004959492380285742	51.009399762491434	0.10358667254575635
1.5328418058553555	0.0004948191054650955	51.27754562791856	0.1405512212011399
1.5336657222793977	0.00032925417026267675	51.59971413540944	0.10451414748280999
1.5344880786614699	0.0004929469535930401	51.207126705617256	0.15894660052593929
1.535144844441941	0.00016406735115391037	51.620523090980285	0.1020710073206554
1.5356367676879685	0.00032776323614615516	51.170544770752024	0.16937547096218672
1.5362918000371888	0.0003272692540586384	51.29267143076862	0.1116181378286004
1.536945845666476	0.00032677675890488206	50.98240676750343	0.14267351016672025
1.5375989080299244	0.00032628574361596866	50.93534558466527	0.10319344616382939
1.538576663769533	0.0006511039626967859	50.43602782979565	0.11396428633878868
1.5398769232605924	0.000649157499967885	50.07603854026572	0.10858112506395304
1.5410114657311744	0.0004855979000190376	50.3518708499111	0.08976040033291942
1.5416584473094208	0.0001616250095892999	50.56551911988574	0.10759579689032238
1.5424658215508666	0.0006452992803023733	50.364594231994545	0.09942399387310537
1.5439153232824443	0.0008039363986429701	50.26143462332919	0.11626101102191085
1.5451997203423913	0.00048093739350195234	50.437439589717656	0.10207927553884372
1.546160531558257	0.00047987456796438595	50.362612314005446	0.11365148015425479
1.5475977744272003	0.0009565782168595183	50.1083829464678	0.14691089513182237
1.5490302766852855	0.0004767140907218103	50.45833810074567	0.11284957542114642
1.5504580693455707	0.0009502988243930856	50.32983324668204	0.11585222565718721
1.552354520264559	0.0009461581640423418	50.36658834525936	0.12051099629229266
1.5536142357988636	0.0003144725706606985	50.722737125884755	0.11108860793440489
1.5545566302784104	0.000627581845584793	50.58538405231778	0.14133304938657354
1.5559663988174797	0.0007819349344088702	50.82721013280823	0.11770393624246678
1.5572156960878076	0.0004678133052704967	51.09161347604959	0.11757158414490708
1.558616873296708	0.0009326128349001649	51.16102182125715	0.11334835074912296
1.5615601511535424	0.002007013122794559	51.318840831633835	0.12639899155365225
1.5657086856656641	0.00214085060007983	50.7543925841092	0.10459452821323137
1.5686044501379757	0.0007595083715528877	50.39248809177044	0.11264932141411285
1.5696664623180427	0.0003030613435986654	50.36909710650791	0.1154230562340599
1.5759845690098926	0.005973686586091016	50.11945487095323	0.08279972154188378
1.5825064086735348	0.0005884649405247688	50.83838726705474	0.11200665487062292
1.5866062504831955	0.003497614995074132	50.641017127650024	0.12320919749927758
1.5912448765159977	0.0011534854518991183	51.19238486252499	0.11592274408955532
1.5958344813028538	0.003424078962589616	51.01876069274583	0.11463640294454132
1.6062657747580724	0.006964200091695058	50.682300822113035	0.10794383430325338
1.626937092847864	0.01354659321893943	50.156494270197726	0.09687355857736715
1.6657862820824128	0.024774842161323418	49.08360823213632	0.1044943769933015
1.7014438243645906	0.011410990882460514	48.95850589776311	0.11368731572055907
1.7350163033206953	0.021745530263584067	48.82672406380909	0.11255653218888757
1.7958845177720129	0.03789348854112374	48.76761005461418	0.10292159824501491
1.7710236054866895	0.001541656771449128	49.29652490732657	0.07264860461678335
1.7740061088934937	0.0017511874270292407	49.23129254002268	0.07264862417031721
1.7777432044779655	0.0015696034077408375	49.262652607434774	0.07304986342076325
1.7808804374462184	0.0017236865861173425	49.21461437101589	0.0726486050750735
1.7845637124117346	0.001974737720581592	49.133670420909404	0.0738770845353963
1.7884678710082211	0.0018677954253484006	49.15956359653445	0.07304985420474332
1.7918651068069946	0.0014671497056305725	49.267106591543296	0.07225534372161498
1.7951863927479728	0.001890961069047123	49.14450214508787	0.07345927616668013
1.7989251297345101	0.002133955022266156	49.08850925435473	0.07387708847718133
1.8033403427091994	0.0020460130982383365	49.1172802248141	0.07264862097351873
1.8068036133604222	0.0017093888387125504	49.19206012536022	0.07304984183447279
1.8102090048884387	0.001532747702757699	49.24641806724816	0.07225535231388258
1.8137175018322769	0.002014981956595657	49.12806202336234	0.07225536317944345
1.8178401395394326	0.0020750980121479446	49.0433332615644	0.07264860958090749
1.8223180123674825	0.002456105380460486	48.93374030094923	0.07264862724219405
1.8271440241752452	0.0019787676605236733	49.03045677190593	0.07264862371023104
1.8306351997620143	0.0018590662009920144	49.058655090596034	0.0734592664992624
1.8343663389278173	0.0017731432869193481	49.09131087271311	0.0730498375364668
1.8382004423648286	0.0018739122854902147	49.07417037778303	0.07264861248868114
1.8415880000125269	0.0019018865707823593	49.03715580791264	0.07387708012370203
1.8457806090256852	0.0020761884007845987	48.988360180446136	0.07225533864875637
1.8498695448177116	0.001959360685783472	48.982552676367106	0.07387709207458058
1.8539006538126988	0.002195236086252644	48.93500681704772	0.0726486114786243
1.8575980674254022	0.0014972844565599003	49.095233676575475	0.07264860301295699
1.8607606889550763	0.0015716910674059435	49.02302529955897	0.07345925229857819
1.8639889413192037	0.0015138847378210528	49.0151817808466	0.07264862471262608
1.8669412503053924	0.0015571246436635001	48.99847362154276	0.0722553464848646
1.870488053320006	0.0017585994886253138	48.92132322541301	0.07304984675406086
1.873566039522223	0.0014827474902504394	48.81265305187004	0.08280274442356375
1.8764504317805446	0.0013364805095971671	48.8662219291095	0.08122258352037172
1.8794049161125528	0.0016968689359955717	48.94618033778524	0.0716884917660613
1.882273046871658	0.001401675766935643	48.84588969477018	0.08234843562589074
1.8854007730629154	0.0014630293070271444	48.81591106847148	0.0820013900817003
1.888513406847556	0.0018943548393090778	48.87669702437542	0.0726485861603993
1.892181141393945	0.001745023321720577	48.91315665057664	0.07264861836921677
1.8956786990171095	0.001739967598171226	48.913918770884706	0.07225534688520345
1.8993327731919483	0.0016828308262812192	48.907670724887936	0.07225535274242763
1.9022418068663611	0.0012576605102204016	48.82777791089979	0.08122255755728153
1.904553683475599	0.0013473476709279738	48.806194243472405	0.08122256397818363
1.9072121919942278	0.001177176337096819	48.878220047838354	0.08234843324701373
1.909615606380212	0.0014823992204688712	48.86845564704825	0.0762386584158262
1.9127182283691686	0.0012345629389991794	48.82654077488649	0.08122256801465498
1.9155700045996504	0.0016244918317586884	48.689390965115166	0.08200134892502363
1.9181519354771617	0.0011241210324601876	48.8520189011561	0.08122258964856184
1.920610557737762	0.0012410343462497186	48.97629100378845	0.07264860457569937
1.923004966559082	0.0012207773529325995	48.813705648456526	0.0812225770826857
1.9254330045107146	0.0011922634402954523	48.8705283574438	0.0786000556932796
1.9278907162123595	0.001172252059672026	48.82646401076719	0.08122256577773185
1.9303412020662927	0.0014215723542556579	48.72742130521388	0.08280270401399939
1.9330110164983523	0.001197895306390742	48.809532672815905	0.08122257510957101
1.9352631176871558	0.0010904866781614975	48.84767800158808	0.08122258083461079
1.9378996916719842	0.001452213144123092	48.70826469678243	0.0820013499034192
1.9407557640458355	0.0012186333273409681	48.77688774979627	0.0828027341066941
1.9430355134616877	0.001343740864846127	48.86388913031912	0.07496949756203357
1.9454437094226515	0.0010189765002466638	48.85920392149009	0.08122255883261872
1.9476451057481425	0.0011772421933007446	48.85947897265709	0.07781915148662834
1.9500026988519272	0.0012860620694395398	48.74702416184417	0.08200139384588877
1.9528871330556032	0.001501707658663348	48.67729172995999	0.08200138139386746
1.9555438163762446	0.001071893510225637	48.81303978706858	0.08362747642261455
1.9577226363677587	0.00117814291411382	48.78532240314931	0.082001355318445
1.9600694694944092	0.001256594512632157	48.75977215434199	0.08200138603335468
1.962906408543258	0.0011963317944640225	48.782547640385786	0.0820013744428852
1.9650974660340605	0.0014326411034379467	48.70007274588941	0.08280271920726212
1.9680017860789867	0.0014594266331832099	48.697757688737916	0.08200137739310427
1.971073256708561	0.0013243710273960197	48.73827089622738	0.0812225860763329
1.973699012459859	0.0015614363937496065	48.64505546270903	0.0828027217478001
1.9763921539257574	0.0010944157981641943	48.78994567864274	0.08280271472296011
1.9792752656018353	0.0017672116752830936	48.57929521420151	0.08280272167939277
1.9823005319272398	0.0011777755557099397	48.75251745819271	0.08280274452084964
1.9845448018295657	0.001097380387085907	48.79135081077794	0.08122256569620558
1.986867416516149	0.0011219682411770181	48.77372311660178	0.08200139226493745
1.9891949780893008	0.0012702463333358726	48.72654931002892	0.08122254831859174
1.9922352099236675	0.001569214685640508	48.633302661162126	0.0820013771123138
1.9951661433780672	0.0015529716035599707	48.64394750130184	0.08122257426202877
1.9978880951014244	0.0012125683056829766	48.74447488078517	0.08122258759402361
2.0008093283918202	0.001664877868798021	48.61972286968834	0.08200137957583307
2.0036329485786935	0.001175713880949669	48.79659916126613	0.08122258464427215
2.006438329167058	0.001626809827812648	48.65197358779773	0.08122257554982432
2.009390892847096	0.0014423724196945267	48.70051122914148	0.08122256616821671
2.0125339931618327	0.0014565662112271706	48.68232224406364	0.0828027294527686
2.015450971389226	0.001456316500456864	48.68414049537265	0.0820013750514031
2.017771069233099	0.001105655554833301	48.804518644713255	0.08200137279717946
2.0203124318628354	0.0012629443408273533	48.75360872917841	0.08122258896896305
2.0227108936869835	0.001207938170750459	48.76591591551263	0.0820013759229391
2.025085562783321	0.0011309959548528575	48.78903326123087	0.08200139718458421
2.028109583729948	0.0016188097173975657	48.633334512969725	0.08122257087434877
2.030727628626539	0.0013850146855290163	48.68300532020761	0.08200137109093325
2.033551353978142	0.0013799442174131059	48.68033702979513	0.08200137816681545
2.0363232073332944	0.0013388260750045145	48.69581356254138	0.08122256821983248
2.03857074877147	0.0010050491595544615	48.81828318302645	0.0812225592576697
2.041098521346711	0.0012039213653585504	48.7398691371698	0.08122258797697438
2.0430796345030413	0.0009628290400609331	48.837309284968065	0.08122258403852158
2.045330580850109	0.0013278154616003777	48.68887909341316	0.0820013777758051
2.0478068269174394	0.0012257814166628878	48.716479564570506	0.08200136660819317
2.050404301715039	0.0012272379982387262	48.70849099596687	0.08280271483246052
2.052953965996023	0.0012175643075454366	48.72603002844669	0.08122258967130182
2.0553327697413626	0.0013520628755797441	48.67595535326741	0.08200137652760701
2.057811891219758	0.0011560076835403252	48.74799746945996	0.08200135471904627
2.0605510613913953	0.001530429286932304	48.624717558271186	0.08122257175723566
2.063256042941714	0.001065013426387384	48.779732111442854	0.08122258076914336
2.0661230675201216	0.0018865354986119494	48.523078675032835	0.08200137674156537
2.0694629593221636	0.0013746985614941766	48.664422246237734	0.08200137326857047
2.072191780236883	0.0013648969303241695	48.678218428654894	0.0812225751267672
2.074560183515283	0.0010435727844816001	48.79585796696276	0.08122255226642225
2.0768521174511956	0.0011606228930503258	48.738802155965786	0.08122258853489653
2.0793804395163558	0.0014479216131211912	48.64087428944469	0.08065971297935054
2.0820012665522523	0.0013192760031433405	48.66694706134689	0.08122256922197685
2.084622576504986	0.0013495313989723464	48.641510491253655	0.08362747236546131
2.0874834910219047	0.0013475693988822467	48.656647193876324	0.08122257196159244
2.0903142593567057	0.0015158760211835779	48.607917806224464	0.08122257676741361
2.0932288302613613	0.0013264555479798438	48.66323274894764	0.08200137798449737
2.0964011629344967	0.001962248507255814	48.48893776950468	0.08200138366732
2.0996958451030867	0.0014655946339493084	48.61170372807585	0.0812225709402202
2.102697130251276	0.0012823065883006096	48.646988712022306	0.08362747058883949
2.105457234942805	0.00150143975154526	48.58793854633513	0.08200137026124568
2.108103428690741	0.0011874957051419715	48.692162050822425	0.08280273779909895
2.110526472474682	0.0012572158697706952	48.67570124625438	0.08122257360839633
2.1131398830846204	0.0013136200132437426	48.64926065365435	0.08200138014664307
2.1156600828881724	0.0014073111018178472	48.62223847981706	0.08122257310039162
2.1184335034206803	0.0013276854668008641	48.64537124264502	0.08122257411051252
2.1212020922238026	0.0015373500790047151	48.57470646082464	0.08200137071085987
2.124496200289605	0.0016545496947402603	48.54816847335431	0.08122257036791922
2.127459400713914	0.0013265943534822727	48.63959104832929	0.08200137241659768
2.130281676702605	0.0014659509537170436	48.612201583224035	0.08122257280260954
2.133520293932438	0.0016412081028228612	48.567273688132374	0.08200137324339789
2.1368498950880856	0.0016799865468654696	48.5376793712196	0.0828027229830811
2.1401073106753468	0.0015146443790109375	48.57084661258833	0.08200137800050725
2.1429884928060723	0.0015481390225485555	48.556361429678894	0.08200137771818099
2.146411231268676	0.0016654905559324617	48.52801563589189	0.08122256872925272
2.149330811859542	0.0015795427519625985	48.537393482315714	0.08280272047895797
2.1525695321441924	0.001512379708163929	48.5500072387253	0.08122257843029679
2.155646709898595	0.0014702524211977024	48.55730768763804	0.0812225772905322
2.1586085413409006	0.0014739251370434283	48.551744312813476	0.08122257871225158
2.161870133989849	0.0018378252605982643	48.41950388393532	0.08625123531821367
2.1652516320069637	0.001590938478181693	48.49990975759964	0.08280273280611451
2.1681374348355518	0.001290104629901215	48.593348737198156	0.08200137109539476
2.1711180108200288	0.0016008898500034703	48.50461342600224	0.08122257470040418
2.1745696911576924	0.0019768029517715936	48.403515047930746	0.08362747155509802
2.177826092495943	0.0012681794080356605	48.60565158929459	0.08200138161695116
2.1811639160945964	0.0017950341869627533	48.44655960928322	0.08200138310071817
2.1841800481001146	0.0016123565023150638	48.48634276620954	0.08200138340354259
2.1872539720097706	0.0012637909112321619	48.58417880990366	0.08280272207204942
2.19022461755254	0.001557398261618024	48.49528427215491	0.08200138254926892
2.1936597800460667	0.0018071517060798102	48.435293198685606	0.08122257392517036
2.197416265108216	0.0020120773222652875	48.38608374028283	0.08122256571063455
2.2009811986747736	0.0016706971091030292	48.45936382787846	0.08200136993405406
2.204429279182606	0.0018375510811225865	48.421451569873604	0.08122257080938206
2.207735148721119	0.0016858865297783847	48.441608563597065	0.0836274675828333
2.2108897136706824	0.0014685852036892453	48.502906886937836	0.08280272059643555
2.2139871614242077	0.0013799565085384487	48.53557540550705	0.08122257728103545
2.2173918795732406	0.0018772947028161105	48.398366514893624	0.08122256812377684
2.2211455461487737	0.0019760866324334374	48.37380650644524	0.08200138016803371
2.2244780445419625	0.0014938015115523056	48.50283035847635	0.08122257567293006
2.2276336464095907	0.001728624732405268	48.428779962779856	0.08280271345531671
2.231443838790292	0.001806795259436636	48.406710761499525	0.0836274653772648
2.2347362192799163	0.0018463954109073529	48.40940848097691	0.08122258185720167
2.2379062541543115	0.001285679251999882	48.54327989654127	0.08535076470534049
2.2406090563248804	0.0013261924292840457	48.55736082713399	0.08122257515151367
2.243994948981049	0.0017681563475765343	48.411940186000514	0.08200136829607926
2.2471875179482588	0.0014471494389541408	48.48766433412702	0.0812225773991296
2.2499646608951958	0.0014640259594143727	48.48650689218451	0.0812225734328286
2.2525685162151445	0.0012956739010057368	48.54307170283571	0.08122258124384535
2.2556942185029123	0.001778142330377813	48.39320293931003	0.08200138193652184
2.2594806099421865	0.0017178268403947228	48.391403729295774	0.08280273523858536
2.262474144758592	0.0014877783268476069	48.448790242575555	0.08280272560783629
2.2650440100974576	0.0010794565636025645	48.595650371404204	0.08122257656773291
2.267758216651366	0.0016337705751501574	48.41315851848796	0.08122257729847487
2.2705340250569668	0.001369899915125938	48.48375742206815	0.0820013740246336
2.27360091935528	0.0014224305297245174	48.461599878892656	0.08280272686760205
2.2765897746168964	0.0017124683923736147	48.38574736495971	0.08122257395342096
2.279550812375649	0.0010358675320915672	48.593543519154494	0.08200137845223338
2.2814881821646775	0.0012394206928674875	48.50863828198427	0.08280272354385751
2.2844395008877547	0.0015013410003014245	48.41798050384489	0.08362746106712285
2.287209771248729	0.0013393485717009099	48.478537249672335	0.08200136807869643
2.2901615288937656	0.001580469213747689	48.411198726901524	0.08200138579216758
2.2937831955684613	0.0016052407255306403	48.40167764743404	0.08200136800685251
2.29645773311253	0.0015364023973132325	48.40110413613347	0.08200137409371505
2.2999429000227667	0.0016538348048635654	48.359519693843815	0.08200137467152221
2.3027592259190195	0.0014855540655751619	48.40226397205086	0.0820013769707051
2.3062277403221194	0.0020782399659741617	48.25720412074014	0.08122257774290435
2.3104883224439705	0.0017675951508234404	48.31780045231224	0.08200137215326408
2.313752509007386	0.0015993422174624438	48.36147571031326	0.08122256517546775
2.316805225881982	0.0014599763595021299	48.39156846657521	0.0820013658011211
2.3194229725267874	0.001344030737795753	48.425099918164186	0.08200137474358304
2.3221040890853084	0.0013980586137022624	48.39527903923313	0.08362747128943396
2.3258592830607525	0.001995686010171104	48.260470528531656	0.08122256308274352
2.328576321989961	0.0009556508699990403	48.57711167042217	0.08122256984776655
2.330965465312098	0.0014840280737030617	48.383747283421165	0.08122256365933103
2.3338803974952143	0.0013932567131651108	48.40355007050925	0.08200137221346189
2.337021927431118	0.001502312333444786	48.38041545020892	0.08200138299235908
2.3397319858251047	0.0014916803969607993	48.409411307811865	0.08122256381583155
2.3429555050327044	0.001456387020793064	48.41228989691473	0.08280271999351706
2.3457126567041686	0.00146747258196507	48.39033247250151	0.08280272939083391
2.3489816749512786	0.0015773681773292743	48.3443083179847	0.08200137073832853
2.3520862475826956	0.0017286851755606324	48.30644044712226	0.08200137702939524
2.3555435742765916	0.0018284829900268016	48.2882642297072	0.08122257238687403
2.3588246510704054	0.0016275855272402265	48.327162988746494	0.08280272613486583
2.3621458841085365	0.001536381697602948	48.35578197161116	0.08200137539934071
2.365344897099706	0.0016488127234702754	48.30427702226841	0.08200137213739496
2.3688069692803637	0.0015611240435661664	48.31416362232456	0.08200137838361447
2.3713992856957833	0.0014220654471780896	48.35090897411895	0.0820013809279217
2.374432534319739	0.0013652539967177006	48.37032679982188	0.0812225775665365
2.37682152983171	0.0010229004684200512	48.49165182641824	0.08200138424498346
2.379027085811413	0.0015024867883277474	48.34298108565011	0.08122257305730385
2.3819878632949014	0.001171295645790042	48.450346817682494	0.08122257264769787
2.384325320173993	0.00113076055937193	48.463762505477675	0.08122257148124819
2.3868165154350445	0.001312444552329762	48.4063587321529	0.08065971882142965
2.3899999351643952	0.0018683484810128892	48.19413848464308	0.0871789362017026
2.393225026279663	0.0014820279859203448	48.32328277977997	0.08122257167128062
2.39615528914388	0.0014675431419326516	48.31129668011053	0.08447650680804444
2.398869483635068	0.0013191840699752625	48.37862977792919	0.08122258124781795
2.4021221131912727	0.001580123867086125	48.286508526719466	0.0820013886369654
2.4049433350765064	0.0015272684667275147	48.30177990819224	0.08122257845390052
2.408090510231024	0.0017459577263654194	48.22580439961473	0.08362746834019616
2.411098264092986	0.001172311519637102	48.404982349046094	0.08200137393758168
2.413504973101483	0.001170174966548872	48.389662975417224	0.08362746760147549
2.4160646357279028	0.0013602390220873372	48.335513966528865	0.08122257668820806
2.4187380200375004	0.00130309258402571	48.34120439755307	0.08280271642946865
2.4212916377569513	0.0015630733115246799	48.26500905298222	0.08200137790656953
2.4248287614557547	0.001703741861387296	48.21988257589741	0.08280271534153578
2.4278282178888477	0.0012939559896125905	48.342270630998826	0.08200136982472785
2.430683996205706	0.001586497688127407	48.2598789270331	0.08200138073477077
2.433601966616503	0.001427147920170625	48.32150489415554	0.08122258005727132
2.436406765516343	0.0013299173759227637	48.34521292317204	0.08122258181268042
2.4391812883003947	0.001272335124458581	48.34016712141519	0.08200138968074439
2.4419188803029437	0.0013710998577655244	48.29845394179294	0.08200138406673618
2.4441581020953955	0.0010160822256088742	48.43780903257368	0.08122257901280389
2.446508595610976	0.0014406929722092518	48.291594148316925	0.08200136529294777
2.4498000270494806	0.0016095409322924095	48.23118937030429	0.08447651405220843
2.452691944136349	0.0014728941078196171	48.27179845985877	0.08280272074513166
2.455430708940964	0.0013458541897331806	48.32419164777771	0.08122257036461598
2.4583980843896125	0.00146198917790289	48.27631519653758	0.08122257886274338
2.4609552626621145	0.0012456376378604276	48.32711461767944	0.08200137928965368
2.4637818164654943	0.0013830664962022703	48.26821981849988	0.08280271456190542
2.4659479311337122	0.0009490436195632989	48.4424182400301	0.08122257439061294
2.468398990794282	0.0014626671574926142	48.257867361776874	0.0812225834965753
2.4712945618483273	0.001558901547528449	48.22387524439043	0.08280271577622482
2.4741615150853473	0.00122815391444511	48.32926532854931	0.08280272671200843
2.476628737635962	0.0012333991445850172	48.32552004385272	0.08200137661803414
2.4791240227903977	0.0011918013959450221	48.326293724067256	0.08200136343945212
2.481823070110483	0.0014116550874478352	48.23618763599306	0.08362747596290773
2.4845201953538756	0.0015407181577796144	48.206949762091746	0.08200135867401845
2.487619123544548	0.0013091992682544766	48.28493655191855	0.08122257560958444
2.489886560764993	0.001128032885784215	48.35098775357912	0.08200137853349589
2.492289828786709	0.0011774908555054768	48.3387621951217	0.08122257204289089
2.494567300728129	0.0011127880784416546	48.346111794500985	0.0828027151032981
2.4970675781954794	0.001366992858579528	48.26253730949097	0.0812225805011687
2.4995980612137574	0.0013020714872848638	48.28536080070401	0.08122256587894375
2.5022652218174746	0.0015091191051631	48.198861986210716	0.08362745751946449
2.5050066782872284	0.0010186532500094493	48.371478590863106	0.0828027283176409
2.5073366806925836	0.0013022519977967874	48.263385971228516	0.08122257521329562
2.509974264417119	0.0012535106013112295	48.2827986532037	0.08122256594748138
2.5120564211453016	0.0010282051628326984	48.37374323371925	0.08200137083174126
2.5145744174169042	0.001315994362089712	48.26176496416832	0.08200139046612065
2.517154858373111	0.0012671568060445952	48.253132350446855	0.0828027182676551
2.5195202626337023	0.0010774406768945884	48.31204930924042	0.08280271463338765
2.5217535801618136	0.0011417113645639557	48.29500769279875	0.08122256803861397
2.523777625322402	0.0009027223090247977	48.39007995586321	0.08200137964682745
2.525679948519225	0.0010241192702753529	48.342568765640394	0.08200136436652745
2.527833509009537	0.0012493103483286068	48.25985915849959	0.08200136736168737
2.530619339283499	0.001379753408194278	48.230838563080425	0.08122256961500754
2.5333940026323987	0.001486689310869689	48.201374707036855	0.08200137582790734
2.536028268311673	0.0010994734832759027	48.32233158812159	0.08200137817763205
2.5386458380712833	0.0015737931365309567	48.15631479609524	0.08200137495936868
2.541397344559376	0.00117329463055635	48.25423520857689	0.0853507599133601
2.543587997855136	0.001059984809101717	48.31385744564871	0.08280272071520942
2.545598715092991	0.0010991340279181076	48.301589122221635	0.08200137928945411
2.548620108916697	0.0015201666785536294	48.1704072609985	0.08122257944018198
2.5507145742654678	0.0009806041963467342	48.359266176870065	0.08200136915643215
2.5533405584429385	0.0014604658637134723	48.17721655983052	0.08122257600602847
2.5560813280611616	0.0011323330586003961	48.25561645410935	0.08362747598771182
2.5585204925988103	0.001361528273580411	48.18416993434839	0.08122256624393641
2.560576373275426	0.0008723227372254394	48.37375480008144	0.08122256637777707
2.5628350471994734	0.0012380068091201646	48.20999863820996	0.08280271458500103
2.5652290232697803	0.0013509917649264067	48.17428971290073	0.08200138985301965
2.5682663373651407	0.0014126456724111443	48.163007249179515	0.08141002448680622
2.570584524811659	0.0010248304302227763	48.28579203227021	0.08280272333754825
2.5729791366663357	0.0014090534420708723	48.13933532495426	0.08362745942082994
2.575640198837525	0.0011680348330889026	48.233315824191166	0.08200137058450611
2.577782654839381	0.0009142877343872554	48.34741947321139	0.08200138292675575
2.57981246374575	0.0010735994607678225	48.28531681171906	0.08200137890765069
2.5816486100347897	0.0009341924934659974	48.35801016277459	0.08122256766459797
2.583834307293132	0.0013636373583698854	48.18521069888254	0.08200136302762723
2.586443726729828	0.0011768777113847734	48.243739600270374	0.08200137005767341
2.588928132629192	0.0013774528965164344	48.17267966818706	0.08280273137148586
2.591559808035943	0.0011958736461480243	48.22383368443781	0.08362747451930362
2.5939084524880935	0.0010296398222369527	48.28227283438159	0.0820013710918209
2.5961389749083366	0.0010988579877024257	48.2487311946688	0.08200138404644478
2.5982878818257955	0.0011806819746675223	48.21576594491765	0.08200137526151537
2.600803672460674	0.0012704793463448629	48.19097215817485	0.08200139282778518
2.6031485812602813	0.0012061202642859427	48.198244061278814	0.08447651773795237
2.6058282026440316	0.0013412628024274482	48.15908343092949	0.08200138341310756
2.608228025227151	0.0011598582902973662	48.22216534763799	0.08122258886072975
2.6105450165491293	0.0010812797186727197	48.25477714241507	0.08141003693859038
2.612525140378667	0.0010598860373668458	48.25479832037473	0.082001389451504
2.614756553851531	0.0011558703907417161	48.22201018971978	0.08200136368746401
2.617484495767427	0.0014448680275030872	48.12800230899303	0.08200138775193146
2.6201272860014795	0.001217213094340037	48.1998156770495	0.08280273577173236
2.6224885019225823	0.001109980335538129	48.235508862655394	0.08200138323533855
2.6249056726657645	0.0012866220375975426	48.17768221185634	0.0812225561398858
2.6276636181385613	0.0014727184062830747	48.11961527923787	0.08122256510557847
2.6304937432872406	0.001395642637040696	48.1539250783512	0.08200138307315492
2.633004424798958	0.001167900122999241	48.23125443152532	0.0820013718855492
2.6352505874468344	0.0010928208106093225	48.25644519991902	0.08200137795280887
2.6374845446187116	0.0010969356422160276	48.23574920243451	0.08362746823563692
2.6397335056673903	0.0010732164211250885	48.2421927149682	0.08362746140610441
2.6418438539661517	0.0011588064592305404	48.20987846130288	0.0812225868359035
2.6442542202344237	0.0012755444257393687	48.15069413922486	0.08122257479692745
2.646667146783177	0.0010752549281130383	48.21747723988316	0.08200137886047515
2.6490118355835452	0.0011549848017226132	48.19367853873664	0.08122258520537481
2.6510594656567776	0.0010078995958912635	48.23801504598107	0.08280272557661589
2.6530086950848637	0.000942413660163232	48.269451391276554	0.08200139349674652
2.655395989901703	0.001522171989280009	48.04442470213627	0.08362744675799695
2.6583833907979963	0.0012285374721678	48.13103041598727	0.08280271985824528
2.6607254301666496	0.001333126369638117	48.08534476395077	0.08362745559113396
2.663218639782248	0.001101016047435859	48.187963428214104	0.08280271678161823
2.665573700793235	0.0012284131751788814	48.14880508200875	0.0820013713694151
2.668005480474909	0.0011674842688399272	48.175133526754934	0.08122258928676665
2.6705318458813627	0.001388950955375248	48.07031670116436	0.08362747564925516
2.6729892546444596	0.001080105739258071	48.18707104024929	0.08122256996319967
2.674994920833086	0.0009473144507572262	48.24109003894944	0.08122256963567592
2.677445601080882	0.0015233715225790587	48.03103481931869	0.08200139145545339
2.6805615346351295	0.0014998622204464292	48.01316929308044	0.08535078503241664
2.683049372496556	0.0010346569477708845	48.18792093065478	0.08280273009778391
2.6852403670588827	0.0011174151716402774	48.15547968470881	0.08362747181391203
2.6874723552191395	0.001271696130654548	48.10914335685507	0.08122258778492772
2.6899675526351317	0.0010536276975721016	48.17846496187416	0.08200137437743475
2.6919422339693693	0.0010805791550341044	48.164480498181305	0.08200139653998552
2.694229429762377	0.001163056727886747	48.13133751589166	0.08122257143727117
2.6967829080407517	0.0012373730652751342	48.09912457042316	0.08200138080894606
2.6991156823238014	0.0012571757846716184	48.092862542558	0.08362746564692507
2.701546734844669	0.0012974130601260685	48.09752277543642	0.0820013885893831
2.704103263876333	0.0012002905690361885	48.11889270982955	0.0812225623791512
2.70662825018693	0.001136678064120984	48.10514429355419	0.08535076006152859
2.708750493249412	0.0009207505261714645	48.21078963887842	0.08280273231160987
2.7109467016338327	0.0013580150819733705	48.03635016663587	0.08280270845144463
2.7132102619803913	0.0009342089783749453	48.188390585245465	0.08200138347724373
2.715625616709013	0.001356726991692096	48.01837772150648	0.08362745768701677
2.717549245209689	0.0007508252796378371	48.30668069208172	0.0812225711370249
2.719670406852599	0.0012856851937068287	48.09044642534654	0.08122259197564818
2.7219440286887746	0.001051670303919106	48.153757684433934	0.08280273898104058
2.723974318965326	0.0009997644300263058	48.18749578669667	0.08122257532719844
2.7262181814286253	0.001237651673574757	48.07553366338014	0.08362744869882302
2.7289212263184326	0.0013110955137252387	48.05542195724341	0.08200135400998816
2.731323060706202	0.001154262200807662	48.102036589365575	0.08280272190944464
2.733402066811224	0.0010572863922519448	48.14903473529966	0.08122255543099813
2.7357710454355955	0.0011636916582727333	48.09640864236577	0.0820013671489363
2.738543870767339	0.001473923832718619	47.98854699266934	0.08200139550723629
2.7409391839650863	0.0010748472791268701	48.13410725225799	0.08122256724233089
2.743005810753146	0.0009401248668983315	48.19023717989117	0.08122256529241006
2.744757984449365	0.0009710187894339455	48.17638366444116	0.08122257153759718
2.746593366223146	0.0008771884352597568	48.20221612282782	0.08200136827085691
2.7489322754957772	0.001480954497572809	47.94931843217252	0.08447648932421246
2.7515263993242636	0.001049459931284427	48.112059406445724	0.08200137127184866
2.7539063843344924	0.0012826583402861136	48.03567924515741	0.08200138373053754
2.7561205350239106	0.0009826860938976778	48.16079268681456	0.08200138557817586
2.758606985006612	0.001374526534409039	48.004446852166545	0.08280274567868624
2.7609866277995447	0.0011482833887043306	48.073543191454576	0.0820013716449258
2.763212131183755	0.0009529417785749646	48.14614490909688	0.08200137693326802
2.765476490054952	0.0012993782136934693	47.999339421672374	0.08362747998477527
2.7680377528129987	0.0012214406344712792	48.02895260652741	0.08200140228363163
2.77010860899144	0.0009663436897337262	48.13790792366528	0.08200139215602306
2.77257487887037	0.0013946527353507787	47.98951076869473	0.0844764715091576
2.7751131510480254	0.0012977726103950455	48.04478814824155	0.0812225670308358
2.7777005016581073	0.0013020307551773506	48.00652456177677	0.08200135474808547
2.780135352408834	0.0012515852502514619	48.00379202122645	0.08200138363478711
2.782780714743679	0.001169308606469205	48.04248292558429	0.08200135369710594
2.7851213619957207	0.0011344208031121026	48.04842487097679	0.08362744647820478
2.787274138960178	0.0011327133985327385	48.05013372421955	0.08447650354384735
2.7893226443888275	0.0009900868268259866	48.12868333165457	0.0828027219044165
2.7915683959508173	0.0011142958599154361	48.0837637818676	0.08122258765697314
2.793995190572955	0.0013729607167007455	47.98387620472266	0.08200138632857733
2.7963550061777553	0.000891465875284816	48.162877773801426	0.08122256870593127
2.798338846215345	0.0011695550634832372	48.022044842695614	0.08280272433985844
2.8007566869413947	0.0012320401365606744	47.99716975749837	0.0828027139264625
2.8031244070046744	0.0012091865374953975	48.017035928976476	0.08122257128969208
2.805588446325599	0.0010656952801981366	48.05491470823162	0.08200135189465982
2.807337825259015	0.0008696427042606582	48.128037750184205	0.08280273177864872
2.809236014376917	0.0009681896461620038	48.088376205790674	0.08122256166658161
2.811193288670921	0.0010416032887700247	48.065867658340856	0.08122255993513128
2.813467770973093	0.0011122269571730995	48.03866400598628	0.08280270738350942
2.81544999282825	0.0009931546980904572	48.09569024438509	0.08200135741703603
2.817701064314026	0.0011172738870220392	48.04951774484796	0.08200137145403777
2.8198298082236026	0.0012510800026584023	48.00132051714752	0.08362746672554244
2.822365438019739	0.001077604419736113	48.08528667954909	0.0820013601334431
2.8242497981868087	0.000899666671567162	48.142826576083884	0.08122256307479407
2.826168832003514	0.0010069280316746636	48.067671559813675	0.08122257220921801
2.8283952302005497	0.0010602407348617206	48.01778960913842	0.08447652176489641
2.8307319850491925	0.0012657523563240258	47.96394654520325	0.08122260137426679
2.8328351562859786	0.0010275500466936933	48.05218562810628	0.08200136583796344
2.835315097065401	0.0013073310838706	47.955872262034376	0.0812225962543454
2.8374052413077098	0.0007785466765705424	48.17667943713697	0.08122256961625421
2.8392703968818713	0.0010517365059397818	48.03676375811029	0.08200137999710012
2.841433634182812	0.0010839947216492367	48.016388451414045	0.08200136329566309
2.8434691977850024	0.0009555048113392692	48.05497997875365	0.08122258106884035
2.8455293877919687	0.0012554659712243938	47.93315687984432	0.08280273214136886
2.8477596053812646	0.0010892866201764131	48.041935884615484	0.08200139003881415
2.849784485132141	0.0008985806070906327	48.114408504642626	0.08362747101224108
2.851979961935354	0.0011608207401451861	47.99178346943248	0.08122257072662484
2.854065609731787	0.0008628036136634266	48.09326648020043	0.08362746898461172
2.8556803608788126	0.0008846994346280413	48.07147011605575	0.08280271418435683
2.857510603151	0.0010155078157612076	48.0171733944735	0.0820013797855413
2.859844227149694	0.0011508651512879878	47.98522828859232	0.08122254960234589
2.862058348866706	0.0010422205038364521	48.02512727532806	0.08200138790992786
2.8638069292371693	0.0008654121295980525	48.09337759404309	0.08122258967899022
2.8656017791284345	0.0008994060295538417	48.06430501101268	0.08200137615477501
2.8674052738427744	0.0009143825231038391	48.06589576192949	0.08122257193935081
2.8694361688966685	0.0011190767514649036	47.95278117225332	0.08535076408727543
2.871702969719973	0.001274446507621545	47.923314800676685	0.08122257939355018
2.8741809066325485	0.0009817759919459055	48.037159507337776	0.0820013687274171
2.8763850047296082	0.001179084270970659	47.95076251715944	0.08200137298373007
2.8783573129900257	0.0009671691236757619	48.032387067648486	0.08280273634884791
2.880272533885572	0.0009175191169743241	48.05576140863403	0.08200137437733301
2.882271940284116	0.0010125288905214907	48.00181867517372	0.08200136698150658
2.88415972965935	0.0009251357274779295	48.02778760937417	0.08280272824103681
2.886219590064511	0.0011468355838896262	47.93909756189396	0.08200139748145671
2.8884355895239544	0.0010306264207763215	48.00410475947615	0.08122259565004647
2.890552045274339	0.0010268827068876105	48.002718222176455	0.0812225621981598
2.892442095392925	0.0008836981299575243	48.05068739867457	0.08280270248780523
2.8941987277401595	0.0009842035423314164	48.008598910947974	0.08200138833798536
2.8962162718816296	0.0010050037052311055	48.00757667366701	0.08280273652316812
2.8984185789271035	0.0010638923813118691	47.811314115024366	0.09637148356831009
2.9006366480937937	0.0013157095809799698	47.90494738413266	0.08122255034085527
2.9028244489538433	0.000873201239491327	48.04263098322686	0.08122258521872558
2.904713443563935	0.0011263466861962132	47.9172703034809	0.08122255123759647
2.906923374327794	0.0010707930223927443	47.77017392638821	0.0932351639745482
2.909094722634552	0.001055569761755656	47.95764461767924	0.08122254587101711
2.9115132893738993	0.0010702259461809254	47.98361531716067	0.08200139208879523
2.9134051197867343	0.0010624839604499784	47.96426873579007	0.08200139299978154
2.9152470360051828	0.0009181531657970445	47.825897867434755	0.09323512606284927
2.9171182810045515	0.0008418657681730289	47.859016291585036	0.09323514835777161
2.9190845312408493	0.001033938463274876	47.92742976727448	0.08447650776252917
2.921086111533101	0.001079614565847423	47.93728123449712	0.08280270295050225
2.923070786154721	0.0007556927338824485	48.127291408159216	0.08122257224307736
2.924856528397851	0.0011125852237394893	47.9597763510172	0.0812225678872199
2.9268923250426258	0.0008793818617049308	47.83859778372765	0.09803977629844214
2.9286342767321116	0.0008805029376671521	48.00851940210953	0.08200134664516992
2.9304752483635235	0.0010591654620313404	47.91842501377366	0.08280273854717032
2.93264295903628	0.0009806434497312074	47.96318290033052	0.0820013754768321
2.9345236347788957	0.0007639874402737494	48.06448986599485	0.0820013805819427
2.9363636360651175	0.0011049871787048402	47.87524526225032	0.08535075548293376
2.9381391191363626	0.0008046826925418236	47.865702282766286	0.09477112725788536
2.939814656534536	0.0008574785744998343	48.02527425285693	0.08280272429400257
2.941780720255585	0.0010044498986396698	47.984611719303885	0.08122257353851252
2.9438419708523496	0.0010806809164367942	47.96671897933637	0.08122256932766664
2.945786422283579	0.0009184268452531151	47.81879018955221	0.09637147870282146
2.947682547416822	0.0009954929812586593	47.95476281581608	0.08280273077169967
2.949772566908167	0.0010136067191393728	47.95808565433332	0.08122258682710705
2.951701392696117	0.0010190175144495057	47.94999867616295	0.08200136892914267
2.953526220766659	0.0009496308041126456	47.7764057339252	0.09978001301731472
2.9555366495872466	0.0008044008023215438	47.86277912619887	0.0980397991436974
2.9571645202425105	0.001068832172268884	47.916670587223564	0.08280272521506503
2.959069210213523	0.0007029974444278793	48.09032068964103	0.08200135588965837
2.960811382559458	0.0009472249502163385	47.950596570236726	0.08200136836509787
2.9626618652457894	0.0009592904168092835	47.938327148715416	0.0820013832346623
2.964637253041633	0.0009483764746981097	47.937283651247725	0.08200138294330134
2.9663229297130354	0.0008611140199384044	47.96958361637898	0.08280271705838178
2.9681077481142673	0.0008315491550647061	47.96977995578533	0.08447651807889102
2.969846067906219	0.0008556641537490983	47.96138883791096	0.0828027070338495
2.971503576775434	0.0009222369961477948	47.848308090877254	0.08856933133875831
2.973251419156107	0.0008893659647192555	47.976565547362085	0.08200137798627781
2.9752493110061726	0.0010934284680755482	47.89103531635085	0.08200137853824488
2.977429495347071	0.0010158081051634348	47.92147354956278	0.08122255983455526
2.9794100720123233	0.0009300788713954532	47.937812955354204	0.08280272214878784
2.981025375019725	0.000847142134086522	47.86405927759099	0.08828726869813745
2.9827105089472914	0.0007763935145297527	47.828446887323395	0.09540980213742482
2.9843500569512678	0.0009434705806269917	47.918374409321295	0.08122255742329221
2.9862224584173167	0.0007827704901908941	47.834143475997536	0.09323512725994829
2.987640219811098	0.0007427421390895953	47.86072880762145	0.09477114445457008
2.989201033704971	0.0008134653670347566	47.98848749102183	0.08447652116814829
2.9910248286173378	0.0009603806185491094	47.93073640958712	0.08280276160453581
2.9929713720299995	0.0010326983878333697	47.900692827382464	0.08122260736161199
2.9947968000799774	0.000700143469139629	47.86963488395819	0.09477114555674436
2.9962297347553375	0.0007420992709116201	47.86417594195109	0.09359581661484583
2.9977597530601345	0.0007188499118775733	47.864632741071404	0.09637149991026181
2.9993959557980316	0.0009361312488766494	47.92809573253564	0.08280269195047417
3.0011564836896896	0.0009100418762239214	47.93959003491688	0.08200136992188907
3.00291577098878	0.0009996813282092812	47.86113254599899	0.08501429779528313
3.004726393446856	0.0006852910086378067	47.855591290906105	0.09637148743264971
3.0062185017877243	0.0008262943393889359	47.84546578231945	0.08974345220665307
3.007890051930524	0.0007292071028269826	47.83142632369383	0.09323512593327658
3.0094393362417247	0.0007034909721651786	47.83220121406901	0.09477112831965377
3.0108860163624382	0.000872598913797668	47.7466139086318	0.09477115471612693
3.0127181427875995	0.0009720438181985109	47.90321716717661	0.08122259720233625
3.014357834465649	0.0008085033665901963	47.96217527620065	0.08280274095418087
3.0161897659638206	0.000869459371629996	47.73491501440583	0.09637148422212434
3.0179389776140044	0.0008392446837001783	47.94247302761693	0.0820013704553701
3.0194076997879944	0.0007764274432237925	47.84500304965014	0.09011791793739474
3.0211140169783675	0.0008877894366013507	47.9050277559311	0.08200135096056824
3.022720236754655	0.0008632901667102763	47.86413613617948	0.08509956051251895
3.0243410163225874	0.0006771024703649211	47.863300026572205	0.09323515811882499
3.02597643608434	0.0007876902837342382	47.956478278171915	0.08200137550431377
3.0274018987151328	0.0007498544784460527	47.959047030618194	0.083627462167112
3.029085046249474	0.0007249886078058141	47.81993602920345	0.0932351431088395
3.030309695637056	0.0006746806954403184	47.860075213106626	0.09359582383661504
3.0315044809141436	0.0006666796094190748	47.84797919738927	0.09477113148175448
3.0332296818405555	0.000859586624348714	47.74274199290786	0.09323513460479133
3.0347814058840767	0.0006397294042590052	47.87389269470236	0.09323515024295465
3.036171317798565	0.0007334416074065869	47.98615070654036	0.08200135856787369
3.0373725613151468	0.0006763143743949469	47.84715247810607	0.09323513361104946
3.039014750885509	0.0008665958319597889	47.9169266055559	0.08122254588688807
3.0407414202040175	0.0008171887878110313	47.94141906589782	0.08122258490166148
3.042157600923682	0.0006920045212571079	47.80950099086239	0.09803979630935132
3.0434579786366434	0.0006560877812468258	47.84356361277933	0.09637148776403745
3.044992413763003	0.0006972657380592238	47.81503148761786	0.09477113491568712
3.0462623456210896	0.0006140627843377269	47.860705943457084	0.09323513181923312
3.047803047513276	0.0008629677055551357	47.714209797376164	0.09323515667464487
3.0492335931822994	0.0006808209945977809	47.79484509821134	0.09803980492524203
3.0506952349706853	0.0008599930380501604	47.801837480972125	0.08795044735288722
3.052430770597813	0.0008460929623560011	47.88489184587803	0.0828027059809759
3.0540218179680543	0.0008093435736183672	47.938813850803385	0.08122257052867127
3.055576617375616	0.0006395181980915055	47.87461276321899	0.09803980378568566
3.0569174346798635	0.0007623915252666005	47.84744702629447	0.09477112844462066
3.0583102027910303	0.0006363662974942387	47.90664394646129	0.09214111892391365
3.05974362455821	0.0007187160720167737	47.96530448324458	0.08122257853757732
3.06103597702702	0.0007154807309759123	47.78747551354457	0.09323515557237652
3.0627285654136207	0.0007949835422485225	47.91970211247458	0.08200138691407499
3.064370201967852	0.0008487363665720077	47.69525648601855	0.09637147143972132
3.0658712954523626	0.0006635706486836489	47.78911875310736	0.09978000270893574
3.067243156351098	0.0007246019441894844	47.78373522944483	0.09477116423089497
3.0685403206844835	0.0007564310635570796	47.81099506313838	0.09172197165061419
3.075785864474544	0.004738595128652692	47.516550770046116	0.11130282602440245
3.0843234006562272	0.0031944318494351565	47.75157479660942	0.10364031438972642
3.0885673217845424	0.002300641641431962	47.862547103730435	0.10708791051970669
3.0938082714148245	0.00255701977131213	47.80745983510439	0.10879487145168897
3.099369289384381	0.0028050721150256145	47.75575646470885	0.11044999588358323
3.1066793911696307	0.0038616406948883217	47.593575009381595	0.11002994219019686
3.1141771834948204	0.0035243645280806047	47.61293825934134	0.11173568657462175
3.1214041881115193	0.003732799759000564	47.67084771254292	0.10567173737696102
3.126868375860472	0.0021063293083524656	47.899592056565986	0.10746834739290934
3.131878260685653	0.0028631148349273763	47.73706486693719	0.10746834090597954
3.1369555869387	0.002315293307967157	47.80301744321857	0.10708788857450595
3.1445098817419	0.00429785086111891	47.50116186653783	0.10961416205882439
3.15055741186753	0.002742482529182864	47.70597626626112	0.10785248339950224
3.157387470540021	0.0039267854374489715	47.51082061457529	0.11173569560964398
3.164775339062297	0.004584332232723227	47.68866816547266	0.08928422859319424
3.557287577494681	0.0011727697693084897	47.274317666998826	0.10755795886529859
3.559775264240084	0.0012632309009540821	47.19507530881609	0.1111244052745331
3.56180192894758	0.0008704431833028474	47.353497203161375	0.1092504860741531
3.5638185656599197	0.0009627083854375281	47.28203700120952	0.10925048920181121
3.565932117699926	0.0011496568262617485	47.21600824636613	0.10636796705104577
3.5683196171000993	0.0012386208545499297	47.140247321267445	0.10971116724918517
3.57111170319945	0.0017986212489330678	47.27154004518931	0.0851272335279424
3.600457899586199	0.0007963494855838817	47.23185821659481	0.10671103305920832
3.602329513417213	0.0013215416032519077	47.048452162592426	0.10590492506116525
3.6048857872654807	0.0010509937137223348	47.20136502005569	0.10368062600226707
3.6070145464911096	0.0011330353466834377	47.13905306686574	0.10751516498534443
3.6086511361308795	0.0006946139651003632	47.2901770189213	0.11010673104637818
3.6103526468373395	0.0008648895971588069	47.209992906110394	0.10515181456693395
3.6119340440468686	0.0007755473414672208	47.23462569015	0.10751516012945059
3.613595650271477	0.0008584552679430366	47.21439358996733	0.1047806742788979
3.6160015369289655	0.001280586196199037	47.00641000339844	0.10833562030103701
3.6179628913751403	0.0008498998445167653	47.176650103642636	0.10922751964130145
3.6203368834234215	0.0013523795179998656	47.06015684323602	0.10196181367679376
3.622700383010621	0.0011768971157412734	47.08655288906634	0.10706233690080405
3.625177322797873	0.0011702372845352556	47.04619617890893	0.11055332622715809
3.6270622480043637	0.000915459284215088	47.152980804806575	0.10966479054438706
3.6291378093092947	0.0010767631782725251	47.08172120787508	0.10879488714968281
3.6319694683753014	0.0016457878339634264	46.9215770553002	0.10590486151707897
3.634464021791993	0.0010636383391740348	47.065667323788546	0.10922754159028619
3.636812512365043	0.0010578047647866167	47.16669600934722	0.09975070583777153
3.712513892504438	0.0008203259451040506	47.01744294769624	0.1047806990735604
3.713867195390384	0.0006814690319130254	47.044691412862484	0.10983239586158494
3.7151436734184946	0.00047565268918507486	47.24928437065321	0.10718767706999419
3.716873785956674	0.001285866465060198	47.07063549816563	0.08662187571603722
3.8872043310428706	0.000640098666820026	46.95058301458637	0.10922915977063664
3.888942606032735	0.0009563035824416895	46.78811974446937	0.10922915732291567
3.8910062055837673	0.001042403123002037	46.810600311165686	0.10552935618499197
3.8925209634690288	0.0005871337446652551	47.01923606668818	0.11011173490521124
3.8940267586315493	0.0008551511764870075	46.8323991279443	0.10879487139471496
3.895563735069152	0.0007175823251955493	46.90982767990749	0.1071126322992027
3.8974228847198575	0.0011610523231763365	46.77458545098119	0.10035909214021471
3.9494771943235087	0.0009110972065847786	46.71962386242889	0.10879485472130099
3.951283399142968	0.0013807035451548428	46.58822404702313	0.10465801879551123
4.0867406350721405	0.0009529873810887926	46.5488620772683	0.10974564775031113
4.088987241861702	0.0010629854851779005	46.51703028948472	0.11039190101593153
4.091316595721185	0.0011144553258795066	46.45988230230845	0.1100675079165549
4.09250122360091	0.000512968120162312	46.58184662808188	0.10944101361748103
4.093642410243962	0.0006253119670711357	46.50102109537478	0.10944098940675702
4.095734861828563	0.001357756407548809	46.46637835761943	0.10532215153639815
4.09776037462987	0.0007320278869821562	46.72593233237002	0.10729470576155303
4.099219931344618	0.0008698792953932323	46.61431797314802	0.10910929500874461
4.100972979014301	0.0008104759479141583	46.62837765230982	0.10910933326820636
4.103045378301024	0.0012794372647352932	46.51822756236207	0.10041294194472805
4.205372607630845	0.000549385581273981	46.47864009736995	0.10909534603039124
4.206364788342969	0.0005042862434319026	46.50449876945231	0.10939808171993319
4.207468689950362	0.0006123506557249661	46.624679008481195	0.10725557906850133
4.20862590644023	0.0006761568177981088	46.576381388086155	0.10938387337732847
4.210546585192631	0.0008469010562960996	46.5033396220133	0.1080866486950966
4.211930874565561	0.0007359703933812647	46.549521257241636	0.1093838667698287
4.213658270445879	0.0008839788288402318	46.4920298910613	0.10780770020176116
4.2151843877318464	0.001052743426123184	46.48462109600266	0.10078639047871717
4.286987099196892	0.0005463277362052544	46.36225596650665	0.1090916407110388
4.2882526872283995	0.000581049024688634	46.50152624639995	0.10966979327008773
4.2894332249644975	0.0005251530085396027	46.417352312686845	0.10908441794951665
4.290377376569521	0.0005240053649707233	46.38660551289719	0.10909163666814763
4.291449660259579	0.0004866612672572579	46.42988173053715	0.10698542977906145
4.292236438799903	0.0003778347950944604	46.511380276493966	0.10939061078213094
4.2931252995926314	0.00044888127949518127	46.45524789452062	0.10782027156345783
4.293892095173381	0.0004122397008013784	46.471699844388546	0.1096917663627834
4.294888182053455	0.0004828304775391814	46.42092842307403	0.10782028407154985
4.295782513219442	0.00048183010307184504	46.399216370315486	0.10969178234294125
4.2969800231487865	0.0006050777667397938	46.292528729898486	0.10999516959936466
4.298310802782808	0.0007451667319943063	46.195843633959235	0.10999516736766458
4.299715364121374	0.0008665529333002429	46.132030952017054	0.10939057420439766
4.301482112828141	0.0007925846294465506	46.16889710110781	0.10969175022964293
4.302898401643106	0.0005442205491887544	46.54025356734396	0.10780662984023556
4.304660475654912	0.0010490690995816013	46.39555698680323	0.10077253465285652
4.366371102045258	0.0012589969937343614	46.25862839524427	0.10743296980784803
4.369633583871385	0.001881885576511494	46.09412385279417	0.10957589935098291
4.373740757754259	0.002236971017503229	46.11766391803398	0.09944511169162547
4.805738603521075	0.0004081392001864509	46.07362162870878	0.11015510825722138
4.806474979187431	0.0004459919247167618	45.91203678774781	0.12239218585767943
4.80753820449239	0.00048334693496240844	45.83494747780621	0.1238221134945297
4.808384534945588	0.00043307062525205334	45.979202793005555	0.10992521408055787
4.809264563795353	0.0004321939648601303	45.95280769179744	0.10946929927257437
4.810095344612336	0.0003876841378353155	45.84621702559245	0.1234607087295339
4.8107888192818145	0.000403420620760524	45.85294628828113	0.11977901440969328
4.811804339464015	0.0004459885182505491	45.77987260496421	0.12310197114550712
4.8131848096981384	0.000883707992039068	45.77765581907651	0.09477641699587107
4.830917590445645	0.00042158218036951424	45.85665253038171	0.12312307990841312
4.831617233460265	0.0004416884385061869	45.831509041990955	0.12386495334792082
4.832664924100514	0.0004924642813584544	45.758970742860484	0.12386496874563575
4.833826531437189	0.0006669269153528557	45.59922419941378	0.12349264152994979
4.83491079937809	0.0005208649035638896	45.82279325871834	0.10972355253774341
4.836210088514561	0.0005244520423071243	45.71970161158855	0.1208051041637502
4.837386643316968	0.0007999147868236829	45.914433161962606	0.08649694870758283
4.860676720364904	0.0005589013947291313	45.80062786819802	0.10776311845629628
4.885022755182425	0.01021603366839818	45.71104798118229	0.12415012317562085
4.902772261313993	0.000846918747187041	45.59260531421231	0.10974106234919358
4.9154952168741595	0.0033937908019162953	45.8856189912533	0.11126299247315642
4.922000366863022	0.00039246230547683214	45.73351828098041	0.12429307375818652
4.922804733071388	0.0005728573329400747	45.79203676876028	0.10126562690468903
5.109309187558361	0.0006305680600055952	45.581237998143614	0.10524366649813721
5.121797518201262	0.0006126940151488547	45.505781426185116	0.11193205356872224
5.139044570667473	0.010697340159687622	45.554603875652774	0.08596672325482048
5.261306300692654	0.004164617539349172	45.524215344453566	0.12345022886860657
5.270238954309414	0.004820355019510877	45.38277976200322	0.09262998378065149
5.404140898387464	0.0037146636754476566	45.030196526437294	0.10645190371928329
5.4137265420657235	0.0003754014846265823	45.34387623002823	0.11774890244286289
5.468620191319271	0.005774316532261086	44.957828560094605	0.12746942056997007
5.588710955375753	0.002394858184091984	44.97113893459231	0.12195257101576581
5.598103124145	0.0065804962657186996	45.01616312784225	0.10499300965741902
5.662780521728102	0.0215469235143364	44.683446216703516	0.10492821358448964
5.699405261442548	0.006678966860585243	44.691577762962055	0.10168701682527219
5.742032321835229	0.006102783698193752	44.71006829594661	0.10096227438960172
5.7824223238679515	0.002937758281315155	44.59600208256898	0.10997358039834995
5.810122366392043	0.002804979219024825	44.70747945751009	0.12344100946020112
5.816652002972201	0.0025311708208902084	44.666528497414454	0.1282085493066049
5.829938741420561	0.017152865322864294	44.65593033972015	0.12422295678163131
5.861790801853534	0.005791818877908259	44.592522991654704	0.09895581466804464
5.88647383861789	0.001349463083563495	44.685492806263	0.11998975108477848
5.892305898409327	0.004452119370066187	44.47327950152474	0.10272684556347048
5.921385128765021	0.006067341863558887	44.40398985757315	0.10131237177487837
5.9487530779308715	0.006667777473154149	44.217840806317085	0.1360946474346325
5.976056673406416	0.005467985301183468	44.34406491744321	0.13248840024596112
5.992779681493395	0.014786990313890958	44.11883029059981	0.13756273853921816
6.0203761037482595	0.008820470127546387	44.22946456500377	0.12228461152796666
6.04940448279369	0.00878617804926063	44.32706040632651	0.10312873485116496
6.074616734844767	0.008333671894366937	44.217294775037786	0.1277273076647458
6.171170309159676	0.03241591599548001	44.12718239845242	0.13772985644794994
6.197132006080954	0.012406521468573593	44.2385684145419	0.12679248516004862
6.221122459636837	0.007391381794778582	44.07356258504156	0.13414054008700485
6.2456832955741906	0.019035598640432798	43.80128495249195	0.15047121000435149
6.2754451962173805	0.00612683686653562	44.02057335471702	0.13633715482310574
6.319841664440883	0.0433653561601077	43.92525601740626	0.1338528424906052
6.419082914191107	0.03740471116649236	43.567536422789686	0.15533661283134825
6.47999918788211	0.020796100989544947	43.597259259118786	0.1415321638572015
6.513749725491941	0.006772867973589955	43.72919176415989	0.17145905526341837