-0.3279437445586877	0.43411360316871633	51.61033630522794	0.1018864111024972
-0.0006805799765586817	0.025541726096573257	51.957583934612266	0.11566004298372533
0.05065164338647332	0.025720279414514137	51.91929636564137	0.11917577416788032
0.13558173467151013	0.055989834450692375	51.77017860699349	0.10046255840109103
0.23520807395235122	0.04451258788063801	51.74454144013566	0.10323657813998119
0.3291304365503084	0.048604648052774965	51.67873234151883	0.11035529317083727
0.4168524811365638	0.039715108938511816	51.53533827384416	0.15558954139735043
0.4897986168687817	0.033574505307923226	51.753448663193424	0.11505139195247743
0.524685604008743	0.0025395853002744798	52.30886191306169	0.12095554345936356
0.5421084972953903	0.00487943915640204	52.209014790440776	0.11439383471488206
0.553188653492939	0.0061834820312243145	51.94749947281304	0.17041296742603418
0.5653828098037604	0.006012276521318895	52.11805702868864	0.12213646715099194
0.583055150154072	0.011545070840732478	51.894261613085604	0.13985005364836015
0.5983249736548611	0.0038582995301819404	52.23184878918187	0.12005117804301599
0.6442517676997194	0.04011067549323827	51.67348670871254	0.13120189208305877
0.7005990558204102	0.01761500180814145	51.934581811237294	0.1165709190613831
0.7516744117024946	0.032525782089673855	51.75694129050355	0.1371556259587319
0.7951960324695774	0.011987677431820389	52.04286482454491	0.11005695128727849
0.833754708762586	0.00398881301467658	52.21860050948884	0.11665507788231111
0.8436139779741073	0.005848919821988714	51.94065426091125	0.16123946085264196
0.852777411835688	0.0033406350092172023	52.23092482458927	0.11820844539969788
0.8673252499152412	0.003692097294063567	52.135950849763056	0.12109614485598735
0.8791617903460826	0.00808386616314167	51.90020599841168	0.12620782704256037
0.8911213956963023	0.003932144903909286	52.044628811209385	0.12104972354125614
0.904458546342935	0.009321215194139613	51.56468294129474	0.2173091890264107
0.9293548256160057	0.008801896453187822	51.788415868954104	0.1216042681192545
0.9498758912429096	0.008395666706799192	51.768496010349864	0.11716304557811424
0.978666592148557	0.0199999925921199	51.483441289175644	0.12146760580702237
1.1580755027553074	0.0014176993739409404	51.99635705814938	0.12126498901805469
1.198327699160258	0.03715093943197788	51.52097707620052	0.11034114927453682
1.235460239201423	0.0014828916650705536	52.31325568653263	0.12212066495963905
1.2395926132842088	0.0026439275798184505	52.01436790835253	0.176816961786439
1.2430064739170827	0.0007772521237172106	52.5422851163407	0.11094384817876699
1.2452353445151756	0.0014498875439229145	52.310561820713026	0.13377636619609914
1.2478373318481313	0.0011529814456852855	52.431023427995655	0.11054249017888632
1.249276172576319	0.0002872919693921675	52.680277808436884	0.12038019620413891
1.2507102620260588	0.0011453794537377875	52.21645081470381	0.15542908889880797
1.2529950006068828	0.0011393696578262265	52.37325979774952	0.11709219126512424
1.2829832260973122	0.02791294963613717	51.35794538525143	0.13115574693794968
1.3186914327919523	0.008569910187723326	51.35946768125074	0.11825750377521661
1.3355016773958934	0.008244532340892891	51.16654204014189	0.13447944607675572
1.3452841102214137	0.001612180221290346	51.56797688737551	0.11933586996129157
1.3710660535966044	0.02351233233621062	51.01164549524944	0.1226855425085265
1.395676366294448	0.0017089999367984928	51.68317786043415	0.11785853484597272
1.397926407502125	0.0005440539700589813	51.96914415302127	0.11562988379536392
1.3986059430667157	0.0001358008401831521	52.24579299898452	0.11928114493638485
1.3990131546097193	0.00027134713533058936	51.85783401282475	0.19493414368551892
1.399555510075162	0.00027100848320863445	52.08582195258884	0.12142398560673107
1.4006381933466066	0.0008110011256153277	51.91095312742855	0.13095513677326107
1.4017181842146482	0.0002696622857293229	52.30415131839905	0.11813786147810698
1.4023245009414635	0.00033660759250550283	52.324531872286016	0.11226784286296063
1.403668848452785	0.001006701729873332	52.15431220515029	0.12457038964981844
1.4048082810165634	0.00013387519577201024	52.72315084035819	0.11803246223706268
1.4066118460137558	0.0003333009585054538	52.699132671851444	0.11243530095374729
1.410923286659545	0.0013200339873918475	52.717210748793576	0.1201404935696175
1.418253270103527	0.005970531053753843	52.52002887696909	0.11123912655802502
1.427117975932743	0.0029249487440246263	52.75839217465441	0.11490313451201956
1.4360545859356662	0.00012458157412462031	53.54851078281134	0.11654656731161875
1.467816153314799	0.030512153895658655	52.80725146728948	0.11134583249495444
1.4982228405374332	0.0009177079313171562	52.61420093363274	0.11605312259080101
1.506404655709607	0.007204646171053116	51.80922393689353	0.13754430051081615
1.5144351768839641	0.0008840811865390482	52.06865957574194	0.11992917581911053
1.5180603389412375	0.002733341749814854	51.3891535141712	0.2237875402740797
1.5210412892127647	0.00025609854991426903	52.120476074405296	0.11726116891481651
1.5245103375323215	0.003201169100633059	51.40437456143855	0.12919294899874562
1.5280527058775188	0.00035279606982967866	51.87024453849671	0.11786096054495447
1.5314164082746706	0.003000635523260338	51.45838317720248	0.10811476698976862
1.5373765932913157	0.0029597365889275375	51.29075040850359	0.1465403946208181
1.540913832963195	0.0005871456090427694	51.736640665498165	0.12116070298944256
1.5442283113460955	0.00271918101844012	51.4661848473498	0.1089732069323183
1.5523101871118254	0.0053380942791134015	51.27106615399893	0.11733828926480375
1.5581803682933866	0.0005642600227497859	51.75267878543808	0.11821556467542216
1.576593137778295	0.017487067728752904	51.016705532296484	0.1098778713937694
1.5979196633235269	0.004162272170063544	51.278244482563096	0.11424017146221566
1.6129331094749197	0.010736063187494736	50.905025376958335	0.17283810604510041
1.633891301616817	0.010230264602554584	51.60818477401055	0.11010969604626741
1.6639518135253861	0.00033171804730570254	52.9847638543707	0.1219158350662077
1.6857320986473403	0.006975886117368594	52.86380776008307	0.12110896633303687
1.7272871204789433	0.033289523151926	51.969459117078976	0.1410506607688465
1.5240655030017245	0.0006561492119686529	51.591301175526674	0.07745716361525164
1.5253580735091572	0.0006782879807859865	51.60274609669524	0.07816547246465852
1.526732756761632	0.0007557651124391639	51.59791239331352	0.07745715483451468
1.528450679070561	0.0010196538250703887	51.505669576437946	0.07745716092616449
1.5305453510503741	0.0010297810114763865	51.45849445731748	0.07816547316781404
1.5324254491480072	0.0008170229647776372	51.526803983550096	0.07816548252119856
1.5345581845465261	0.0011642950921598306	51.375070412033146	0.07816548927033304
1.5365174204076735	0.000976175905218624	51.47055556587537	0.07745716154754077
1.538502299472285	0.0009803348346443589	51.454542542576746	0.07816547955512569
1.5405222260780786	0.0010529182132396541	51.397092685146774	0.07853026388291726
1.5423572776356664	0.0007839206562830997	51.51793103868634	0.07780783257604959
1.5440243248963372	0.0007979201961174864	51.50548360178899	0.07780783787878821
1.5456148203523066	0.0009680406165475122	51.41154669757422	0.0781654771052793
1.5473248810866602	0.0006267536553130004	51.59553738840792	0.07780783590581429
1.5488216863259225	0.0008071718354020708	51.46234251182277	0.07816548327073629
1.5504832955231742	0.0008004998137309492	51.36817858337312	0.07816547786217068
1.5519573483306384	0.0008025574468016026	51.366756902209254	0.07786904054212741
1.5536307854500442	0.0008707462286786459	51.315593106330205	0.07780783417971834
1.5551676089425182	0.0006451301013859058	51.384114027392464	0.07711326723523342
1.556356806614156	0.0005926050164325388	51.382407485653125	0.07620838213394159
1.557592199358107	0.0006038701725918117	51.345923703919084	0.07691654602807443
1.5588334781766653	0.0005986253595172364	51.3291157072573	0.07665273172947508
1.5600688784670456	0.0006343790336437008	51.2654439110858	0.0771132698267786
1.5612447488380439	0.0006023145656378252	51.35186362669442	0.07449466396952152
1.5625571170586867	0.0006610124381566387	51.23612997953448	0.07782451861434496
1.5638376844816224	0.0005987291874718208	51.28870771076055	0.07746534818528401
1.5649061912723377	0.0006111476472914142	51.287642124621144	0.07746534712133889
1.566369090035277	0.0007002256477612633	51.2367706406113	0.07711328142968929
1.5676154779825673	0.0005889425005415486	51.3028418897203	0.07711327936134989
1.568782591114652	0.0006355439466584997	51.26265489571546	0.07711327659741238
1.57006326081091	0.0006268097028707156	51.29221184771626	0.07711328402052538
1.5713333223186154	0.000593046072735151	51.33093934191817	0.07856486387301362
1.5724882252035863	0.0005766843252376765	51.35496624588769	0.0774653468265808
1.573714931080572	0.0006476488371953656	51.295013771891355	0.0774653543317838
1.5749449679903016	0.0006639135711497122	51.295363052125765	0.0771132806521669
1.5762256638167695	0.0005661043164018955	51.41841672569098	0.07590045080634027
1.577378893900646	0.0006264619734296143	51.34019629092809	0.07746534586808072
1.578670385107984	0.000670577862010753	51.30230170401755	0.0774653391892863
1.5798372811537185	0.0005748363866440865	51.394301258864786	0.0762083836486366
1.5812262957827716	0.0006956274429318775	51.26271717494521	0.07782452027922145
1.5825864341027769	0.0006745601321277841	51.27006502623328	0.07856486112470415
1.5838293118559075	0.0005607116994959287	51.40790981215088	0.07559814516510771
1.584980236398175	0.0005857523587984554	51.33328600466291	0.07819095838086183
1.5861898419947087	0.0005731019875186927	51.33072905823439	0.07782451799457983
1.5872773729727916	0.0005540788546008751	51.384080536897464	0.07520189545838497
1.588397277857637	0.0006085750146600903	51.26399355217945	0.0774653441245074
1.5895864814784804	0.0005642630773970357	51.457776345869966	0.07570885111115648
1.5906764585698432	0.000548668388976244	51.51065139781085	0.07717935167029602
1.5919399376365075	0.0007950525819078026	51.3854364799442	0.07745716863494911
1.5935271389185388	0.0007011251641633163	51.389442501134475	0.07780784041487436
1.5949206492585715	0.0006869970613309293	51.36124309936401	0.07745716711200061
1.5963549230757312	0.000680425479721297	51.384830213649806	0.07711328253902561
1.5976470991911893	0.0006129251217701877	51.452567681405306	0.07711327308726228
1.5987812994913724	0.00054280654147939	51.508172825624875	0.07745715729977773
1.5999125454362253	0.0006097361943004168	51.455481768211186	0.07780783769024682
1.6010749332330487	0.0006081064193361274	51.46120532493023	0.0771132788025868
1.602289446282792	0.000538439517002535	51.52955250730856	0.07670430087934431
1.6035238709412396	0.0006851707627198339	51.400846569048625	0.07780784372558971
1.6049089453859104	0.0006903784331074272	51.40231602492114	0.07780783211832006
1.6061970065427733	0.0006062390255149215	51.45831379351876	0.07684438855741008
1.6075756936538834	0.0006536281773035141	51.39472209217846	0.07711327580832768
1.608834959434411	0.0007783167717767225	51.3063939254125	0.07711326535305336
1.6103637918758906	0.000764114772173216	51.31080122061315	0.07711327601218744
1.611839473950873	0.0006950324102530821	51.34126173390577	0.07816547469252928
1.6133639962796558	0.0007371135765012355	51.31731769607574	0.07780784632807747
1.6148811224094493	0.000837709267032113	51.26403732931472	0.07780782874171611
1.6162634102227469	0.0005944055299451574	51.441604320103764	0.0774571591987392
1.6176269604004072	0.0006684040124090495	51.41903231841738	0.07780783300975419
1.6190087252972618	0.0007449673102348561	51.421113272912045	0.07745715836920843
1.6203718462926116	0.0005979772586852398	51.532054367990995	0.0785302620486961
1.6214218749303044	0.0005264126265950113	51.54954286310905	0.07853026198803241
1.622595063021825	0.0005726269685079398	51.47284758015477	0.07816548375674111
1.6238479658587206	0.0006993209543198577	51.394847680624714	0.07711327798847982
1.6250569556397996	0.000528071518281418	51.52493519905744	0.07711327186637838
1.6260937203272179	0.0005067050458341178	51.56786449588054	0.07644596113893182
1.627148074952923	0.0005124968945341889	51.54815028800124	0.0765823786536374
1.6281338378362795	0.0005553637876000661	51.467308781949995	0.07928196285406922
1.6292052178989453	0.0005030877372064091	51.61362199272248	0.07314587122720072
1.6302122213752828	0.0005009266952783716	51.55973941300658	0.07619409428626213
1.6312924005878666	0.0005235240381789881	51.53109661175769	0.07816548808806276
1.6322747589248077	0.0004985533503070412	51.58926963883087	0.07670429085533144
1.6332727005084515	0.0005003757214489075	51.59746153085981	0.07613773963699347
1.634248621377922	0.0005002392342966454	51.561120871796014	0.07735444125950487
1.6353837748198363	0.0005550265292747919	51.332251243500394	0.07684438955467847
1.6364217320879932	0.0005458476846143246	51.2813261833894	0.07819096368839676
1.6374728847243873	0.0005082915455114686	51.41526621584466	0.07449466768978315
1.6386074672819384	0.0006329741169069715	51.25558470138215	0.07746534790974603
1.6398540421386794	0.0005347326659629346	51.29254670873114	0.0771873198526133
1.6407647619415804	0.0004889017998320024	51.302492293302315	0.07746535726341099
1.6417763774161003	0.0004916431526033775	51.32806071940881	0.07691655870218535
1.6427411365636058	0.0004992602363833343	51.31473237990121	0.07782452136859931
1.643713411362314	0.0004894552158771994	51.33318694055786	0.07614493346566459
1.6449743157061336	0.0006834432301600476	51.12453499075717	0.07746536137591266
1.6461662975906846	0.0005414161662948079	51.26649239998389	0.07746535601855212
1.6471730853421698	0.0004941912245006791	51.352228396633464	0.07684439120622019
1.6483112970770586	0.0006409580938240008	51.24267191217204	0.07746535063226474
1.6496370386545949	0.0006437660507117758	51.22472194043585	0.07894642117814786
1.650839101788712	0.000532772957043289	51.301441440993926	0.07782451597932746
1.6518881846476634	0.0005665410880612215	51.2565838761562	0.07711327680600062
1.6530538073420074	0.0006236034958862466	51.181215140308495	0.07819097437905159
1.6544235726394927	0.0006932225070827062	51.13324665298994	0.07691655251207578
1.6556500486258252	0.0004902740054098361	51.26993339924957	0.07746533925488548
1.6567587927999274	0.0006866945408237705	51.134136574596646	0.07746533406010435
1.6580384855633303	0.0006192891280355135	51.19340345380474	0.07746533694081614
1.6593833316736282	0.0005764023334507877	51.24707293620601	0.07746534941804412
1.6604342959079577	0.0006911257155544561	51.16148254385568	0.0778245037631505
1.661836575390864	0.0006148227327426683	51.176224245471715	0.07782449725567941
1.6634576411837978	0.000894813455468417	50.99028937657033	0.07856485796810697
1.6649164096295763	0.0006380599327663838	51.14630457740964	0.07711329216625813
1.6662493232088988	0.0006791837675125037	51.121339997339206	0.07711328632684929
1.6676000884905053	0.000674333423756464	51.12138349647193	0.0778245107794339
1.6689302690256933	0.000675914945112831	51.13069141307718	0.07782452476418024
1.6701619290127967	0.0006512918439786483	51.17315621345273	0.07711326674958095
1.67161468413591	0.0006844244636758271	51.16296676553618	0.07746533460993038
1.6728189037723906	0.0005805110382081284	51.21661297153306	0.07746534811264355
1.6741818215713926	0.0006884906179924974	51.124122658666245	0.07746533819442587
1.6754561328026538	0.0006469899652713669	51.188851138618105	0.07711328179318021
1.6765638445903872	0.000488705482407979	51.32580364266229	0.07746534172223929
1.6777223023749257	0.0006034521049413537	51.220457980122816	0.0778245146724293
1.6788652137489608	0.000608988793536996	51.21111386030084	0.07711327469093396
1.6801098967111692	0.0006463085415536916	51.171258257138675	0.07746535509893783
1.6813014456227493	0.0005099639199405402	51.261283009048555	0.07782452443403225
1.682359040265804	0.0005343363842438651	51.244559961076554	0.07819095939668275
1.6835197797636874	0.0006562282251034848	51.1767265879927	0.07782450391729148
1.6848601144614572	0.00077802225571869	51.11729462476816	0.07718732521219301
1.6863591250066823	0.0005793183397610868	51.223597407649784	0.07746534959728361
1.6874446454592218	0.0005420824756028288	51.24842151087019	0.07782450549980069
1.6885257179200508	0.0005712109634464134	51.2391373476882	0.07746534555593594
1.6896735875485018	0.0005723085577792412	51.232112451773915	0.07819096745791042
1.6907820508765927	0.0006167602214687215	51.19179364150973	0.07746534057347292
1.6920656467346067	0.0005683013135186394	51.21061836275124	0.07711329626052159
1.693498715578599	0.0007738902748660534	51.04773337317549	0.07711328655689852
1.6948841686639327	0.000677893290675594	51.08631248499604	0.07746534146111904
1.6963678481125863	0.0007508359885458937	51.07223365803203	0.07746534919548376
1.6978498851474586	0.0007414600914782038	51.082357212909386	0.0774653494495093
1.699309894380292	0.0007364234613927622	51.06356429217459	0.07711329181502341
1.7005922809429999	0.0005979031384283046	51.156770104703014	0.07684436410875561
1.702075188424688	0.0007688853772185927	51.05920358032459	0.0778245190866312
1.7032535026089377	0.0005126042504497995	51.24384786169699	0.07746535577645593
1.7044336650887821	0.0006153025607209638	51.15276949770921	0.07711326823282223
1.7056323948355776	0.0006295117760501107	51.129775061418584	0.07711327868160407
1.7067827425956508	0.0005443563157730302	51.182946909501716	0.07746534227372749
1.7080782466360125	0.0007283635757815286	51.05060775318006	0.0771132633045438
1.709315117943711	0.0005611125610963697	51.19790709536163	0.0774653529175053
1.7104574207296817	0.0005596386343850638	51.238520293635375	0.07746534864519823
1.711438163730611	0.0004410842050597902	51.35680019234944	0.07746535902582716
1.7124611983175817	0.0005051468965251668	51.29523624943723	0.07746533735398178
1.7135163564582787	0.0005507783481326564	51.243122668495936	0.07782451378276645
1.7144885831829484	0.00048146855795471225	51.278595368066014	0.07782450481817262
1.7154144430538252	0.00041660238531961944	51.35012679514843	0.07782451579817694
1.7162305111755525	0.00042317271860012036	51.40783115920333	0.07782451883041393
1.7171803848658014	0.0005062087272032993	51.414639888484174	0.07718733734526843
1.7181184249623547	0.00041238983073614273	51.48518917006996	0.07782450229478578
1.718869349753997	0.00040761746180346855	51.614143364078714	0.07590044632355994
1.71972758341361	0.0004165373488525568	51.67060380010575	0.07711327484564454
1.7206067698661949	0.0004642196667631286	51.5708598765107	0.07849593068389166
1.7216229813055604	0.0005180008348850504	51.484508020254985	0.07779128373090573
1.7226706280199369	0.00048375142454880365	51.53997673843798	0.0781401992880528
1.7234667596028572	0.00041618019858788045	51.65780077274082	0.0766376452535528
1.724323983409433	0.0004113502775341261	51.63991441861031	0.0774490270392186
1.7251667139556428	0.0004073516514555088	51.69761680899892	0.07449467114606086
1.7259998248160224	0.0004816548084406719	51.549928207243994	0.07814019809106552
1.726887143528765	0.00040574114622949806	51.65421336609474	0.07760483081980556
1.7277487870704924	0.000403345842889289	51.68273148503758	0.07647865608653803
1.7285579067815875	0.0004184765449480979	51.62324981364926	0.07779127824590053
1.7294146601381244	0.00039863161386375116	51.68184939477183	0.0755981453986151
1.730190624523055	0.000401084378893491	51.707833314824875	0.07546181630146676
1.7309494109837353	0.0003964356655552104	51.71447437823032	0.07588644339980888
1.731845599061859	0.0004499962784929061	51.576174644113046	0.07814018775980976
1.7326675809661762	0.00040902907083549035	51.61987753872294	0.0761799023111485
1.7335241236072365	0.0003980175743839566	51.61236277104783	0.07668938137123982
1.7343241317283167	0.0004364650531730711	51.55082474578299	0.07744902549407251
1.735169595954189	0.000416064296289514	51.56808420442231	0.07849592440832596
1.7359556523581725	0.00039423405647355487	51.61905083302135	0.07722576312333276
1.7367917162106568	0.00039581332358581793	51.602473981682934	0.0771714368511321
1.7375810667620692	0.0004332040831159473	51.53347995775525	0.07779128444515138
1.7384652401648273	0.00039739567275702347	51.56212695888745	0.07717143617021154
1.739276349200983	0.00044081293539786985	51.49576566136621	0.07744903245119397
1.740093678849238	0.0003974548977787833	51.53693964839166	0.07717143227660536
1.7408940367733003	0.0004337711778843806	51.48651624377106	0.07744902724099864
1.741785362559984	0.0003905179579893172	51.5712052631669	0.0756482498853423
1.7425933754339509	0.00043976540962155066	51.480134885565924	0.07711327827621677
1.7435318595291323	0.0004756398603442043	51.43807182465263	0.07814019574653466
1.7445463948513997	0.0005434134292358684	51.379747040798	0.0771132906308933
1.7455295483233018	0.0004268749523205216	51.39803261041762	0.07780784239872542
1.7463108128946154	0.00038418299378530367	51.30335974000218	0.07639561768361998
1.7470891527472543	0.0003888214006057896	51.28453152494497	0.07738555345829956
1.747844832437078	0.00038510711269308705	51.28468245658731	0.07658237941066937
1.7486128480142535	0.00037987725472360384	51.31986941091775	0.07577986905430292
1.7493628556790437	0.0003845202974195599	51.368701041565345	0.07314586821490328
1.7501946812432707	0.00043969012950623046	51.20332267567046	0.07746534500766518
1.7510867433688375	0.0004116463910825212	51.241064960522465	0.0768443783629516
1.7518370103270504	0.0003891095999971946	51.3223284124266	0.07476323574500972
1.7527317175298336	0.00047017661895424213	51.17874670564383	0.07782451326031264
1.7537040290927046	0.00048486257603922524	51.17719858916553	0.07746535445836612
1.7546637003443215	0.00049351305785798	51.170119415722326	0.07782450941325299
1.7555182816266752	0.00040672103458946885	51.261609715471685	0.07711327376036821
1.7563726742353243	0.0003746396368292859	51.30730173309466	0.07691656290652032
1.7571911938663072	0.0004921360832530849	51.18165569423131	0.07746533425548364
1.758181769558698	0.0005132662852622764	51.16948669367623	0.07746534708035895
1.7591848913163255	0.00041736173164866883	51.2417609177032	0.07789384365845883
1.7599449489969166	0.00043066742009762685	51.20737608604985	0.07782452484056099
1.7610678114611322	0.0005695476908468045	51.067326413317296	0.07746534077173413
1.7620378319581613	0.0004653548997795317	51.1531567908102	0.07746534508447266
1.7629161918704503	0.0004475402046149202	51.169166902528104	0.07746535675615811
1.763889417623179	0.00048021180791427425	51.13058880465344	0.07819096107307669
1.7648546241142675	0.0004820673569799664	51.136404501604126	0.07782450070958
1.765703984535493	0.00041916235635001086	51.20843267874801	0.07711327744859295
1.7666288012259002	0.0004786471808564082	51.14842755656126	0.07782449957995301
1.767664875754694	0.0005943433926062208	51.060200359722536	0.07711327601740003
1.7688866755958874	0.000565898431779823	51.077077476623685	0.0771132740400489
1.7701526726260863	0.000690522251801672	50.9863261523997	0.0771132823790996
1.7714034784886779	0.000612991608377296	51.02900995238296	0.07746535185947517
1.7726894307032208	0.0006061577904988748	51.03456097539545	0.0771873076083019
1.7738771655700338	0.0006524332497014633	50.99271667297413	0.07746533694969551
1.7751615309593651	0.0006148428794801601	51.02113307359129	0.07711328578800013
1.7763951691468414	0.0006166551193570311	51.0116243472919	0.07782450503945453
1.777811094124309	0.0007642335153308936	50.905023005415345	0.07782452907101654
1.7793001408235396	0.0007100424827441631	50.940676067623414	0.07746535548914642
1.7805164591000588	0.0005199460888288654	50.908157970701495	0.08557294971420981
1.7815635424125094	0.0005524302053611751	50.88652017130215	0.0857188220614974
1.782759529058315	0.0006245059607110767	50.81990415167125	0.08627922260215283
1.7840808248703475	0.000732316586487395	50.92462247690468	0.0771132637639449
1.7854928482683214	0.0006463586138421406	50.80120687964756	0.08557292613238532
1.7869891509887061	0.0007378405621098775	50.736422463478696	0.08627921639115078
1.788289355987243	0.0006871923330517066	50.766923696759	0.08627919115586359
1.789715375752079	0.0007670220065887196	50.723112150478556	0.08557294551708755
1.791172477723837	0.0006400230516540466	50.796028866452275	0.08627921632458829
1.792523291395256	0.0006839520614217357	50.78105810114831	0.08627918864117282
1.7937756245955905	0.0006696823671679534	50.79778209950861	0.08557295949502906
1.7954452502973979	0.0008441018416705573	50.6901547311014	0.08627920187682014
1.7970528719397243	0.0007324690802176177	50.749679224918076	0.08627921536026682
1.7985802295518383	0.0010056367008690191	50.617561996850085	0.08557294264336326
1.8008639305105945	0.001064229755064811	50.59330022113754	0.08557294807885112
1.8027730559546833	0.0008333255707391761	50.695092928532816	0.08627920583087158
1.8046138442787214	0.0011717189113317056	50.55273560403893	0.08557294001966317
1.8067945026199106	0.0010285743931418426	50.61465861553802	0.08557294509385056
1.8092057091635976	0.0012022626973498733	50.53815748992258	0.08700578373165102
1.811566872526261	0.0013256163559847273	50.48629061633257	0.08775343713649625
1.8142296033402947	0.001310994531718528	50.496404542105395	0.08627919965265898
1.8167361279315228	0.0012697456130339147	50.51988576972166	0.08571883360277047
1.8194499038287884	0.001375201661811994	50.47522550977156	0.08557295081021851
1.82255376256761	0.001786222625318126	50.327515975300116	0.08775344547026936
1.826328477168778	0.0017358947096099938	50.35017305259982	0.0862791893004683
1.8291330980848777	0.0012869263153038443	50.48600439638067	0.08557294259361466
1.8317331676792064	0.0011965915518770823	50.50832079881833	0.08700578314622648
1.8341957472931871	0.0013984032273323846	50.45812485483431	0.08557294910426114
1.8368326133732782	0.0013150574742430777	50.48003796058834	0.08627920539866468
1.8399404736048677	0.0015686597534563475	50.39653232710728	0.08557293921197313
1.8436005741217114	0.0019813827411824594	50.27633152874587	0.08627919883784312
1.8469254571004208	0.001552096875080954	50.37506530821702	0.08627921291290865
1.8506533089483974	0.0022941592758323965	50.201410006741455	0.0862791922261153
1.8554037838387303	0.00191284152966251	50.282959692653115	0.0855729545406249
1.8596486198388673	0.002537196241774875	50.14720824835502	0.08700579567072173
1.864950055612435	0.0030168603770983483	50.05369170857432	0.08931516502316673
1.8702872644492725	0.0020730019519533244	50.24048643826296	0.08557294328954664
1.8749218315477871	0.00251244366795528	50.14070832407986	0.08700580135599408
1.8795725260403322	0.0023908989404735344	50.17102489765676	0.08557294934567873
1.8839008298612527	0.002207266215874823	50.204670811510745	0.08557294517203431
1.8882304064213868	0.001771387365043949	50.28820487569969	0.08627919859828445
1.8916191821036143	0.0019709118125090424	50.23596474672421	0.0862792184603335
1.8956664635581024	0.0019353355330923442	50.24483446106313	0.08557294610984587
1.8994621312971236	0.0019758191666574467	50.233026134648874	0.08557293048534631
1.9036559689781853	0.002177558324228467	50.177314686453876	0.08700577648166412
1.9076824950277333	0.001590760657813225	50.329612734681916	0.08557295423400008
1.9120000691979082	0.002618621088677707	50.09659866582776	0.08852295826272905
1.9168705345553225	0.002362438784745952	50.162618063469594	0.08557296372586434
1.9214099914850178	0.0024366861368249437	50.14983821995339	0.08557295272569415
1.9267394958286	0.002518661260823457	50.12712861313585	0.08627919822508076
1.9309792256026044	0.002101579206324417	50.1983707519683	0.08557292853467272
1.9355715577738053	0.0025502886236074495	50.10141339581593	0.08627922400431726
1.9417655974735526	0.0031634945239221576	50.00345041352471	0.08627919335205887
1.947988495376733	0.002920139692346062	50.02805773306712	0.08627920416086363
1.9541338773695056	0.003545627406395336	49.92964375626284	0.08627918466962732
1.9601161782983856	0.0028448477876774738	49.83789727198585	0.09845826058208262
1.9664517782309643	0.0032246998925891663	49.95458126099301	0.08627920761712843
1.973040126019093	0.0035976463592971852	49.91910550778604	0.0862791837152335
1.9895330735350054	0.006550111066974099	49.6827672832124	0.11084935637974022
2.0025367992954206	0.006356893541800063	49.68970315194623	0.11084936494538844
2.0160513942257063	0.007189006643468821	49.606122686662815	0.11250606548769748
2.03048586427228	0.007947310399392234	49.55938904953724	0.11250605122590837
2.056045742146607	0.015922698982548965	49.421541934933366	0.09620458174028422
2.881743632617514	0.003498038248855808	48.74267429898963	0.11005847029855656
2.8870575754028014	0.0030408357911395883	48.78902047417386	0.11242906814488382
2.893737660136204	0.003130513944238833	48.756544119266536	0.11278120092888842
2.899107646427854	0.002688729194761499	48.81728632162751	0.11208005728662096
2.905457309305202	0.0037096176338492614	48.686081799874984	0.11242905394448335
2.9135694438659163	0.003510951317426049	48.69030462827642	0.11278117733839238
2.919306421342003	0.003079839541863457	48.73800435523749	0.11242906632560253
2.9257277343085377	0.0029082591242752236	48.76229894251246	0.11242908691675847
2.9335814973125354	0.003973702593336246	48.632268062208716	0.11278117931343662
2.9410425780381124	0.003906018348496104	48.64632749242699	0.11278118892743542
2.948675179184945	0.004437674784608476	48.590084168612485	0.11313653729702498
2.9555220374660434	0.002125060662746861	48.932443693679176	0.11242906300499461
2.961951614680085	0.004187709642817732	48.58380983015127	0.11385693968672245
2.969356167064662	0.0037738358980431938	48.5885449071516	0.1127812104937898
2.9757166867810994	0.0024793272685810744	48.75632787769635	0.11242906581932564
2.9820016102311073	0.0034434097786612827	48.62361050780413	0.11169813934052368
2.9894712427729973	0.003603074022098978	48.59444722264642	0.11278123803423068
2.9958080052781777	0.0037660599335110206	48.58125657173449	0.112781195382744
3.0042645592792914	0.004643184918496627	48.50294623523966	0.11169809941844698
3.012476419319883	0.0034171398968368513	48.391512022113716	0.11315905425980098
3.0194172448610774	0.0038725211672709934	48.46250639928899	0.11208005923718302
3.0297067589290374	0.004876616796008956	48.444684565020964	0.1103807540331787
3.0361287297748953	0.002353493478705002	48.7439121660675	0.11038078003808371
3.041262065742691	0.0027134660418547713	48.66744761158671	0.11208009449791494
3.046769341671445	0.0028706642470109007	48.63584167083693	0.11242906098551625
3.053546775780752	0.0035798453824331922	48.54252959151838	0.11242905595014617
3.05964656292746	0.0029725577051092833	48.60816749243803	0.11278123537926422
3.0651383815111037	0.0031186692970446026	48.57937830937608	0.1131364989804337
3.0721874883851816	0.0035197158668134115	48.54205061660518	0.11038075981963805
3.0789957521834674	0.0031095638603668894	48.57472956128901	0.11349510075001448
3.085785243730311	0.002886417729453304	48.61086282561326	0.11242906784556972
3.0930060549144023	0.004559059348863661	48.61974383910166	0.09451788042841985
3.277891951475566	0.0021866783154915292	48.42882034651514	0.11279653848497916
3.28190582447293	0.0020602510544108724	48.30787688920172	0.11279653878235811
3.2863651250890844	0.0020943338882687137	48.331682104302025	0.11243663230625826
3.2912850969161043	0.002833659243209245	48.26179087468617	0.11105511553798603
3.295591546503626	0.0019963611256585087	48.340434598085395	0.11389630133979439
3.299539926383257	0.0015505457215931628	48.41302124766288	0.11315975317200884
3.302237268160431	0.0014878158755377861	48.4227652492299	0.11208007640108832
3.305677256900536	0.0015815192598070552	48.39303439922595	0.11208006068082282
3.3080898346873924	0.0011009306111685866	48.56935732391072	0.11005847592660506
3.3106147840213134	0.0015115054566329042	48.40364545218742	0.11243666060033419
3.313932455335141	0.0018620687915345655	48.30785799059521	0.11243666433143666
3.3174309304017897	0.0015905941772446966	48.36738930099576	0.11243667046920293
3.320826896843314	0.0015273017353015462	48.41125611794393	0.11005846437367872
3.3239939038594284	0.001869979076094516	48.36588939100209	0.10673498169699439
3.3271622765205806	0.0013044790763516987	48.45702149908718	0.11243665819081491
3.3308033539920676	0.0021891583932067043	48.21663380833391	0.11352630323710385
3.3351755819357236	0.002117980797295223	48.374853332396114	0.11005846466113196
3.339019623029531	0.0017575534992573675	48.32087933908899	0.11139327821758091
3.3427478992903956	0.0020329742528270092	48.24734683381391	0.11279654337915039
3.3471160919404555	0.0020605421759178305	48.25263723295887	0.11279651185244952
3.350476562992997	0.0016642693623256917	48.35551014686254	0.11243666466275379
3.354019098673279	0.0017450647754322958	48.34086755080605	0.11279654462353936
3.357728547166277	0.0020575575544924786	48.39224800169643	0.11243663749761144
3.361273704807457	0.0014842366532079622	48.42166787523673	0.11279652178917667
3.3646510446170805	0.001702862596666736	48.35444586599516	0.11279651921938531
3.3683845122480114	0.002098934017130016	48.25148681422064	0.11072001047925112
3.3719347065607193	0.0017650456675106084	48.274289579192356	0.11243664317053761
3.3755696500501746	0.001525870504269663	48.44197498017917	0.10237536585239859
3.4841317183502842	0.0021321846770164165	48.08075672577858	0.11317306734435115
3.4879559313828694	0.002182792013123926	48.06770679438576	0.11280534435290654
3.4913151301128464	0.001409601643741798	48.24843111636723	0.11317304798774543
3.4951880906226234	0.0023171122010277696	48.026155438994465	0.11280531128674923
3.4988413130036222	0.0012502148598421486	48.324004071662294	0.11005846084475854
3.501170935251484	0.0013779726328074164	48.3147403083829	0.11005846451598032
3.5040569173204887	0.0015357707119528735	48.28894893558545	0.11244102553967801
3.506428070206114	0.0007305037900953393	48.62054268425925	0.11280533175617828
3.5080717907482364	0.0010254595357228127	48.43902120846248	0.11317305007650583
3.5106176001173046	0.0014140864861241895	48.257880278647555	0.11208005732167049
3.5134170049390794	0.001274305765697543	48.29822492950089	0.1124410381773726
3.516292243690675	0.0014606525064595874	48.245508082002104	0.112441018607748
3.5191654452170753	0.0013542854371189257	48.286780996966975	0.11208007198858147
3.521484344146755	0.0014432940054246116	48.28568555758655	0.11005848063738574
3.525248037456594	0.0020667789516977723	48.1004303816473	0.11391892188316043
3.5290889914055996	0.0016073419360463476	48.199392739732744	0.11280531804857316
3.5321848908917874	0.001721092003827326	48.153434853218286	0.11244100733933135
3.53556412148528	0.001769857019783981	48.142870224207755	0.11244100724581803
3.5392437194406656	0.0015394228441305627	48.19238346148981	0.11391890718448892
3.5430133976051397	0.0026246895577480105	48.06087243277963	0.1038265386532136
3.62100143567338	0.0016068186051582541	48.05492183607324	0.11389455405073334
3.623977078502176	0.0017731609142483797	48.016509219694306	0.11279586021201923
3.6275375182800293	0.0020601744888474557	47.872865217923724	0.12020581541145832
3.632455092729146	0.002012130465220854	47.98052769735578	0.11037725998332071
3.6361140241899306	0.0020691483314290195	47.93433735641315	0.11243627344756991
3.6398305872929506	0.0014409437204217417	48.113153836816764	0.1131587308095177
3.6427321381754267	0.0014798728347378905	48.12694749926587	0.1120800539634795
3.645597803481198	0.0013978471391031765	48.18071412329894	0.11208005137167079
3.648491969553605	0.0016279579582624945	48.157829056570996	0.11243631580421079
3.652316971457831	0.0017323497792905013	48.032749092745725	0.125321463752627
3.6554307600188394	0.00174352245831585	48.00463458425761	0.12317416648812288
3.6590875803628076	0.0021728212152547543	47.82620384162223	0.12646270573233606
3.6638537060664222	0.0028191067985814085	47.96200214236102	0.09953863042813545
3.724996585313098	0.0023084832183019655	47.70583041156921	0.12641723250983072
3.7305195473423907	0.001902736128393605	47.77855202636269	0.1271620579397089
3.7335894814962525	0.002007417848697977	47.75717747324069	0.12604915286177742
3.737287041783953	0.0017367216112106228	47.80540222889509	0.12716204616392615
3.740485698605537	0.0016852411316947466	47.81774944821574	0.1260491374773116
3.7451175675591997	0.0031047439959767846	47.56975296866834	0.12604914327955713
3.7499430633061563	0.0014973095408762744	47.87614407408243	0.1228016325779285
3.752614202542292	0.0013185937883981216	47.897232310540595	0.12641721500579073
3.7577065157873615	0.003872386535973311	47.70788218163315	0.09890850234359617
3.8106239733700176	0.002735968694992193	47.5280616389946	0.1335839815612114
3.8149198332836645	0.002725363023761675	47.52352562876596	0.1271654362956045
3.8202944286143894	0.0018053045337812804	47.705861000103155	0.12568456661470592
3.8241347932029535	0.0020769973265364634	47.63448528532459	0.12679087494525076
3.8272752252376807	0.0012372220290731853	47.860031692043485	0.12605046681339194
3.8305216382831175	0.0017475463644751935	47.69993994287693	0.1271654916787536
3.833073671203105	0.0011425596569252135	47.885436673087845	0.12605046505395595
3.836502368191647	0.0026086619957281887	47.53586795457681	0.12553028431826008
3.8802013654752563	0.0019939516356002308	47.60484225012487	0.12700738817286328
3.8844752497023207	0.0029477271786569367	47.43501302178545	0.1261568448737164
3.8898247925679983	0.002362282278269732	47.523916181939335	0.12679335758384738
3.899727574969068	0.006443788284187869	47.30651217948525	0.10499262649012338
3.9406674219305358	0.0022112530776878182	47.55505195100037	0.12700315968678408
3.944683915317824	0.0017914535691155302	47.636886776438175	0.12808543883978088
3.948566016203158	0.0018235016466693892	47.632889671362314	0.12552842062446173
3.9525980519042654	0.0025316845967080118	47.48093764685351	0.1265770217154606
3.9592179535790364	0.003734144244895494	47.52304010069201	0.10414554611896458
3.9946821365084957	0.0032040691773309034	47.310289473941744	0.12698359591043257
3.999408152254077	0.001771442031075282	47.55732743445545	0.1274085178433274
4.0068723304784815	0.005758675591269569	47.306253867383255	0.10108494231147641
4.04402918024962	0.004071627327410706	47.27708877313352	0.12760526961625618
4.0493948062772045	0.002387295515056031	47.37693750483748	0.1278184753997006
4.055027907896754	0.003464328670359718	47.31211410395305	0.11597068566513279
4.089902706391424	0.008386822891360312	47.28139374006241	0.11953956442499955
4.124777861021478	0.003174241267838499	47.1318936066995	0.13135312000589647
4.1324314975916066	0.004729201387006215	46.98399104388262	0.12675046291109004
4.162412784485771	0.007640938430960533	46.96581619677703	0.13025899110356454
4.194295944360294	0.003624461259162187	47.01215528653313	0.1306706935089495
4.200428293882052	0.003150402542923216	47.12404832158547	0.12289671594445944
4.226909382399876	0.006408453716234646	46.76553623968648	0.1288040616962733
4.254248831303196	0.005934387242023964	46.884631314566384	0.11728202767157771
4.282054038650785	0.005566352109989634	46.76379165125957	0.1305634333413387
4.315884518107414	0.01702629568398478	46.662223828881764	0.1102202836842182
4.379687442718957	0.06184619170594389	46.7229625975239	0.10316352126893871
4.746950389061407	0.21610511473038713	46.14863176299619	0.09920084600349498