-1.7527410323779316	0.4271749792611009	50.90649282753699	0.16244763263273973
-1.3888516993558198	0.06160205771223835	51.11827272695203	0.15884789148855064
-1.1560537429645543	0.14416414287120422	50.68666597798955	0.16810323042802058
-0.9137887044886654	0.10315783733596529	50.55040285911071	0.15841114708009482
-0.7449791958704068	0.06993470062915731	50.62310495425862	0.14848955680425
-0.6566861321774798	0.022827568137089745	50.733128326679065	0.1642058257937955
-0.6132748015873355	0.020656099512262906	50.834889941353524	0.1546080168824053
-0.5553474062703685	0.03615354745465088	50.645834934006885	0.16745803788847796
-0.5123553996285609	0.008186512316493522	50.99944017291738	0.16258109767294268
-0.4732385718976308	0.029925546011802542	50.763791407782456	0.1604412822492997
-0.4305216547927388	0.013561107865651987	50.95238944105364	0.15726774954338138
-0.37342057564467834	0.01783550252316447	50.93350657959942	0.15658327130664879
-0.350268157328568	0.005636528110409696	51.15084658881171	0.16186215110887642
-0.3282877745793812	0.016075058024231065	50.98744940179071	0.16036783843758334
-0.30736647489154056	0.005106343131854079	51.243140815538055	0.16397540063081165
-0.2923114318990718	0.009864724195943862	51.078692678885474	0.167844141364027
-0.27776084147569496	0.00476984604207243	51.17935527125807	0.16399438827202817
-0.2590886742083678	0.01370734831984926	50.935491141310024	0.1530924182356036
-0.24118631903128823	0.004384598580816911	51.04993766679864	0.16143148163931573
-0.2239927976419691	0.012643216427402088	50.67399350429671	0.17007134950733652
-0.19941512276213214	0.011947578630011339	50.625037865893425	0.15928199935114462
-0.1761541687045245	0.011324497581049482	50.56063226211345	0.15243532539824386
-0.16131139137736705	0.0036480006857818287	50.63475062000111	0.16169784316442248
-0.15050301224961488	0.007116665080325822	50.17828084152945	0.2304789143156365
-0.1364979435846428	0.006890828784151821	50.362589244874435	0.16260474095721728
-0.11960376757144292	0.009941880580956653	50.27854400011651	0.14870111260127408
-0.10654620377577101	0.0032158051301244108	50.36001246322908	0.15943465369348583
-0.0970043809289412	0.006291843280380792	50.17303275419574	0.15921344141369145
-0.07852753079338354	0.012059548321662653	50.328440630701806	0.15416638800304003
-0.06080479503412878	0.005788663583059795	50.741060363183564	0.15670092016764034
-0.049379090204949905	0.005638357460330676	50.940653460385626	0.15269224661901779
-0.038246290843269415	0.005495659367832064	50.93590823504352	0.17835491756788374
-0.02739175789590209	0.0053600059708508695	51.17705309570205	0.1625532769549746
-0.0141943114257026	0.007799362141704524	51.25022998525744	0.16894724901368546
-0.003917717519248409	0.002538991444398659	51.72060978694023	0.16640623068667543
0.0011308103362465127	0.002509647407211563	51.630762331614164	0.19765720149952415
0.0061213244908235875	0.002480973899653178	51.88441326944624	0.16195568774544325
0.0135011840432121	0.0048783429878250075	51.78096295493337	0.17687404082191407
0.020757739089226512	0.00239875438049083	52.20767676053091	0.15348360883203138
0.027895028462574634	0.0047193097945576945	51.76163475478814	0.2147341483896877
0.037232545993793886	0.0046189256292335544	51.85098329080334	0.159567107664347
0.044106250536842695	0.002273198021521308	51.899940783727395	0.15482372804190953
0.050872852521959944	0.004476109096399224	51.44399524430561	0.18732321385661116
0.057535648242807325	0.0022039811290681323	51.58137483043038	0.16102670318378054
0.061921386795555367	0.0021818361499553996	51.436428418793	0.1654563343989029
0.0662632846691974	0.002160131724913173	51.441669177756914	0.15664500689803407
0.07269580661372255	0.004256745729180378	50.96129808320843	0.19291580369258557
0.08112692902350294	0.0041749048942996796	51.03313089417576	0.15989265339646375
0.08939748397605407	0.004096151693881021	50.649749831303666	0.22655780021394528
0.09549865734057184	0.002019504673674028	50.96573322122321	0.16123772170958395
0.10350246430724908	0.005947881539342699	50.631686411026486	0.1597143163922145
0.11523822457637445	0.005789306597052	50.36264846940061	0.17175337543505667
0.1247814462441289	0.0037756529613627216	50.6875081326146	0.16262631144679054
0.132267852557988	0.0037111256862169097	50.8200793447398	0.1599323753440433
0.13962739412686176	0.003648766916259009	50.906366235306784	0.1653467329902524
0.14686429380104637	0.0035884691898361736	50.865244607144966	0.20399384265033596
0.15398257738071297	0.0035301319448359882	51.257825872423744	0.15480518321672582
0.16098606545473682	0.0034736611393962054	51.261598675555035	0.172095436454885
0.1661655510021458	0.0017162397991176504	51.46253684231329	0.15849095912680114
0.17128398719388616	0.00339226310096145	51.24721822506828	0.16046357316628493
0.18464538023618293	0.009868460112381554	50.88652398989701	0.15531946701652194
0.19600861729594354	0.001602267053476224	51.07853839932883	0.159871533357797
0.20078901467009147	0.0031694543496601974	50.7686584680146	0.18131703976443486
0.20708210637657964	0.0031238588999129686	50.76363701647653	0.1656496219057309
0.21328531205813162	0.0030795566922697517	50.71078625633603	0.16292534759427924
0.22091675951182554	0.0045388728327734554	50.55244375163713	0.15990508572464096
0.22990093291334213	0.004445942501228695	50.375796316273856	0.16780580240766027
0.2372483336746114	0.0029142391076325846	50.49329446886247	0.15955092670593501
0.24303804853203237	0.002875646297351523	50.476249346731436	0.16221534840097482
0.24875159111963785	0.0028380622985762416	50.489200982161776	0.15808728063695543
0.25439094390302797	0.0028014480393743105	50.5654021507747	0.15446403132036274
0.26271500321906704	0.005496528802009495	50.31915065987134	0.17092338117205835
0.2708825103604825	0.002697062466421415	50.52681864689126	0.16110121044513231
0.27624341230684724	0.002663974744736648	50.450267593600856	0.1773347477304795
0.2815389457240993	0.0026316890282536928	50.590484745180916	0.15956781342270596
0.28677068364114877	0.0026001765183213984	50.548578433783476	0.1672368581854129
0.29194014867853757	0.0025694097448168023	50.60782143148205	0.1617425070394319
0.297048802109972	0.0025393625678974264	50.55239590557655	0.1705505012822625
0.3033512563547276	0.0037541663988564598	50.58061935830082	0.15498932913137073
0.30832818519512517	0.0012371299891742757	50.83464486437748	0.15581982609800196
0.3132487250125884	0.003669577376394056	50.665420454554955	0.14932808491696084
0.3181141404914697	0.0012095654674718834	50.90267297348799	0.1500367270365136
0.32172775959371314	0.002399085666327481	50.65758276547539	0.16451845689986355
0.3264996197536848	0.0023728697279597056	50.526233268246294	0.1908441493233221
0.3312196161309273	0.0023472205536470797	50.66581098570474	0.16448401006798066
0.33704837762796636	0.0034738926758673366	50.56989148482936	0.16475332923004285
0.3439411740762516	0.0034191928808068764	50.537051987597	0.17526926099258663
0.3484763360252413	0.0011278911368028677	50.84011314197192	0.16259587553809252
0.3529646281301947	0.003348884323700264	50.63749561185285	0.15900434024375312
0.3596112737834657	0.003298021639334519	50.39399665930898	0.21236004744742482
0.3650734820851712	0.0021712010157952616	50.738747699544625	0.15559706110629573
0.3715387232366193	0.004278236494162091	50.507275767753704	0.17053360662435876
0.3779091263557478	0.0021079698223252334	50.69599736313318	0.16454608361008274
0.3831473341435021	0.0031240461473074784	50.59197425277638	0.17175231450523984
0.38935090722402865	0.0030797386787836177	50.68510518103471	0.15626160440964112
0.39445370893093024	0.002029176418547795	50.82607038898391	0.1516625599448348
0.3994972511905852	0.003008621283476809	50.57081872764997	0.17069887747909798
0.4064612333723233	0.003947683058559141	50.569505131997886	0.15784418875091705
0.41136801313250204	0.0009758330137379664	50.79782760770472	0.16504034834327502
0.41525390768580617	0.0009671405936164321	50.80316748122595	0.16576321142093947
0.42006288813136405	0.0038259617434639455	50.58150612640806	0.15079224557554494
0.42481920098019044	0.0009460722824783368	50.81850469410048	0.15513861295880507
0.4295239852772863	0.00374351455450648	50.33544526132293	0.18541851121123928
0.4369472100797235	0.0036800718772438423	50.42548377655363	0.16384229890967517
0.4424325301863694	0.0018169416708173007	50.59909779642104	0.157425212607897
0.4558501710860927	0.004404162687103475	50.359764318324444	0.15644036344606396
0.46284027453008614	0.002600306251638859	50.4455147704479	0.1556401639469599
0.4680099953257688	0.002569536429841661	50.18773698656852	0.2072341603289412
0.4731189004255436	0.0025394862998413077	50.40095368307716	0.16606345817615095
0.47816840322811616	0.002510130908436196	50.4414342420824	0.16405869914968796
0.481502414418989	0.0008303116002996458	50.67869916648165	0.16275024463881677
0.48563425531904936	0.0032897981794380664	50.38610954457154	0.16612667454006885
0.49054112735415645	0.0016264188093704827	50.57846204072399	0.16314254239423753
0.49699855697359885	0.004807244523282927	50.42029468167609	0.15393104708702995
0.5041502148398722	0.002364365206844693	50.56202408687086	0.15936036099919068
0.5088533868708698	0.002338898566839125	50.29324947985188	0.23128345018184668
0.5127341602268232	0.0015453944753908613	50.65545884360016	0.1656028973002061
0.5158140033149341	0.0015344739225857699	50.66580184874025	0.16634131017112658
0.5219089293538528	0.00453926817298551	50.51326276756242	0.1570738903589841
0.528665008035452	0.0022345998568333234	50.67843580722277	0.15875592995029705
0.5331113688531599	0.0022118384619149506	50.45988425694531	0.20574717747946306
0.536782207800981	0.0014621479099077384	50.80235620050846	0.1606441266916363
0.542591768915313	0.0043281569537973515	50.57923144260633	0.16247658229169523
0.5483246398774033	0.0014237996298891117	50.88877566414143	0.1605545067056342
0.5525751704965265	0.002819865153392537	50.83501590225056	0.15194802631110899
0.5567845021333246	0.0013963330369276923	50.963399838102426	0.1574995822445949
0.560261380386186	0.0020777983365995296	50.935366009907	0.15569960791541393
0.5643972214940476	0.002058105120388827	50.7019413457952	0.2145172501361274
0.5678139215124625	0.0013613180221513999	51.088368266184716	0.1587054020638277
0.5732253388727968	0.004033382702294362	50.94811478712358	0.15180882809660182
0.5779056426970444	0.0006650248550920345	51.27791800820719	0.16400680232136047
0.581218101676259	0.00263988743899964	50.84806650548759	0.1941976510333035
0.5864660412270124	0.002608179457604351	51.1736964641491	0.1505546909115779
0.5929380253339356	0.0038543996655583217	50.974651842040004	0.17424120692113598
0.5980470553310808	0.0012697740879335573	51.32111446027947	0.1604262140763291
0.5999475530684262	0.0006321148117399265	51.453406089419786	0.16023499413535983
0.6018397684648817	0.0012587333737290938	51.04402465186858	0.21800536036256285
0.6049752557432138	0.0018745175848692338	51.23954532149889	0.1559614978289387
0.6074674476025901	0.0006212638337310959	51.375701327708185	0.1637397008866429
0.6111791253708787	0.0030798842782744688	50.95259318584804	0.1774348425929055
0.6148593486223246	0.0006107791050706427	51.35828962146465	0.1662204029764925
0.6172956195504367	0.0018220871909223723	50.99305959253347	0.18591128658472622
0.6209245892977466	0.0018069252440634175	51.14059043460789	0.15544463375263803
0.6310449930943358	0.0011768700819767188	51.200657583862224	0.15656060559390036
0.6472163252450631	0.014740103827355515	50.45307128942439	0.1725584154032705
0.6628070579299756	0.0010938718787963722	50.97781660108511	0.16467657063701346
0.6687820627020022	0.00485516469720263	50.612040895436785	0.16653644333909717
0.6836302770418083	0.009905281990102032	50.36361680187827	0.1688955101632055
0.6974829086651131	0.0040397138031297904	50.66739421525921	0.16085264376712435
0.7025034195348778	0.0009983207455745902	51.00271104197343	0.16417978603583322
0.7099270147840662	0.006379106568024118	50.55967591768047	0.17159901818519477
0.7167430531624748	0.0004830593212084742	51.224522028142076	0.16311757977236224
0.7191516588924289	0.0019215507202266454	50.61522891996799	0.24865103794026627
0.7229778563209213	0.001904695935018402	51.06698531563935	0.1520396249635306
0.7258255433415046	0.0009461238105183495	51.21076550312975	0.15578933448416207
0.727242414645495	0.00047152107135213283	51.327883358747094	0.15874050253468483
0.730998296039612	0.003272225795209204	50.90801824132707	0.16239815597506468
0.7347219739871611	0.00046346991253252534	51.40676133206681	0.16109428272661352
0.736571907175688	0.001384499704745923	50.97351922171871	0.1960470605042945
0.7393321166655671	0.0013757282580793178	51.16990569202946	0.16089514076327893
0.742530344254974	0.001820845792744696	51.09539902753158	0.16810046959077038
0.745253060446192	0.0009047330493884149	51.33719267527321	0.1596093044339741
0.7466080441232366	0.0004509573562935614	51.57106608301472	0.1546855292847017
0.7497533284510423	0.0026862191561825683	51.179890923939986	0.15164516817380913
0.7546503504464024	0.002213416656583356	51.14171893943377	0.16531264571185203
0.7572983618130114	0.0004399923829158346	51.567155915238146	0.16000045736631296
0.762980922505244	0.005211273222739607	51.054847120062576	0.15676490886648134
0.7698742887823764	0.0017097366543915515	51.41706547802415	0.15717248536436926
0.7737042582188172	0.0021184063327496327	51.34643984739624	0.17013545845853703
0.7770805505081226	0.0012612007610191365	51.570106434655145	0.16268160389098407
0.7825116521631184	0.004151756437746885	51.4834704384282	0.15257734903605152
0.7874654002027264	0.0008209337589895133	51.90711508519065	0.156497352000451
0.7899212445223407	0.001632609302406906	51.72785411180718	0.16288991988278972
0.7923632796085072	0.0008117274562147274	51.75455409337005	0.1634265554739614
0.7939837079734371	0.000808704402951143	51.46131911736543	0.2067507417327283
0.7955981121058264	0.0008057037842969501	51.559923271768874	0.1650971153261851
0.7972065378260809	0.0008027253492277216	51.52764875192224	0.15982065574459786
0.7988090286553575	0.000799768853741807	51.461830748069445	0.156091279519081
0.800405627637025	0.0007968340574028295	51.34035575266389	0.1641902481054252
0.8031856299916722	0.0019793741502195203	51.01543515605539	0.15705348462634203
0.8055544077503081	0.0003937214829194363	51.168136078427935	0.16335732665945416
0.8067339683420114	0.0007853071421238377	50.98684699984681	0.16065516603748106
0.8098638915425185	0.00233900353818673	50.64471818023842	0.15079037819617302
0.8129714181933414	0.0007741089655651399	50.613875476639336	0.16377047081937132
0.8152875583617971	0.001539983093036209	50.37064169531123	0.16048415059568955
0.8175914112272371	0.0007659176971354926	50.57720797387792	0.16049385574345215
0.8191205516768683	0.0007632256613803279	50.45977225572172	0.18339646490066142
0.8202638839133602	0.00038060951046965614	50.7536023369348	0.16436585208541063
0.8214042135266912	0.000759222905365613	50.63329029385358	0.15906976943603596
0.8232981354270825	0.0011338788099123469	50.672221377902815	0.14899194093982937
0.8248073489073982	0.00037664843826513267	50.83587052726583	0.16280954206121367
0.8259358263087089	0.0007513420392838404	50.63768185226378	0.1660527560634665
0.8270613801716566	0.0003746986598102879	50.82164954531008	0.16402101453288548
0.8281840233803559	0.0007474626430293191	50.72850598438353	0.1588869032785233
0.8296763818892747	0.0007448985582453789	50.75621465413353	0.15592930233294533
0.8315346467287625	0.0011125771287707625	50.70181319605057	0.1550407890383597
0.8337541200628651	0.0011069057783257474	50.55700433047305	0.1842226779804912
0.8363292507306448	0.0014671491302957554	50.706761435950895	0.15655504847412255
0.8385244170841337	0.0007298760255727427	50.848724231956005	0.15639020280463278
0.8399817210535099	0.0007274309826543528	50.77704364370522	0.16007730040786264
0.8428817411878371	0.002167769138329381	50.547461659251034	0.15702048772742214
0.846121282539118	0.0010758296073447027	50.62808422834635	0.16131556145930442
0.8489807272424574	0.0017812824826303902	50.613151154489614	0.14698408901231044
0.8514673900607534	0.0007084449771726691	50.648586287774265	0.163822051383025
0.8525287595744764	0.00035335786346250766	50.871989801800815	0.16014975049583444
0.8532349012931908	0.000352783787587667	50.73910122057661	0.1760955725930948
0.853939895673677	0.0003522115748606318	50.993979735325	0.14811154633227192
0.8546437485325189	0.0003516412145288501	50.86779831631391	0.16512867431395595
0.8553464625158382	0.00035107269845764905	50.867361397927546	0.17499684736214463
0.8560480402586328	0.00035050601855939355	51.041619766031594	0.1532381479325675
0.8567484875135392	0.0003499411642721395	51.11121782750853	0.14986974610646517
0.8574478058371455	0.00034937812846329313	51.03781706789738	0.1636506619483074
0.8581460009400907	0.00034881690069552283	51.08945349289212	0.16264620842280478
0.8588430753885252	0.00034825747310599165	51.26036234125071	0.14587176390149162
0.8595390317379212	0.0003476998378768813	51.28448275621129	0.1467542492164165
0.8602338756368528	0.0003471439847541815	50.9365406321777	0.2083482988130017
0.8609276096047629	0.0003465899060328885	51.188330561884484	0.1661914861079396
0.8616202361506915	0.00034603759405184086	51.24964677847986	0.15755541468121043
0.8623117608622273	0.0003454870387361531	51.35158382891086	0.15249517675826557
0.8630021862130457	0.0003449382325348329	51.45900948674335	0.1452531994406549
0.8636915146666855	0.0003443911679395895	51.30446262738965	0.15859732376611826
0.8643797517508061	0.0003438458350505823	51.25086170142174	0.1645996975798889
0.8650668998942368	0.0003433022264671146	51.31441889117153	0.15663133747650002
0.8657529615159087	0.00034276033483010007	51.36563277555247	0.1526241704522254
0.8664379420846045	0.00034222015041075965	51.35576947731051	0.1514717463135142
0.8671218429668943	0.0003416816667562405	51.22617721404781	0.16495025081721565
0.8678046695928703	0.00034114487424965627	50.94250503229381	0.19101462559727594
0.8684864243185708	0.0003406097657328587	50.99638106914616	0.15462552236054405
0.8691671094905493	0.0003400763340875388	50.84793192095988	0.15540162872754282
0.8698467304816926	0.0003395445698614986	50.62241630436779	0.16639390672175078
0.8705252896055142	0.0003390144660375068	50.58197975253513	0.15262562864227475
0.8712027891662795	0.000338486015637153	50.118931152426896	0.2040148714507859
0.8718792344806467	0.00033795920936924	50.280659004871765	0.15005194826612916
0.872554627820439	0.0003374340403541164	50.33436654085314	0.14162045286061564
0.8732289714484676	0.00033691050174995685	50.540102822432665	0.14096378920261035
0.8739022706261104	0.0003363885844229832	50.6652405636177	0.14896276096284036
0.8745745265833598	0.0003358682824019832	50.83870292706645	0.1506657733286138
0.8752457445452648	0.0003353495866561758	50.98430955880864	0.1564758884715948
0.8759159267159771	0.00033483249052803477	51.28769669772852	0.14919574074936487
0.8765850752909932	0.0003343169873962861	51.450486391496305	0.15464254377279466
0.8772531954416407	0.0003338030683817923	51.70060479286319	0.1430882904074862
0.8779202893325102	0.00033329072695615546	51.47012094513414	0.1551474652807736
0.8785863591197582	0.0003327799566263097	51.47928731283786	0.14539832737965966
0.8792514099218844	0.0003322707486614318	51.250405366970384	0.15849807835653681
0.879915443864687	0.0003317630966592389	51.16391815258368	0.15566093306567447
0.8805784630657458	0.00033125699425188665	50.7027736999942	0.22546225527096106
0.8812404725916063	0.0003307524328536253	51.04203148627894	0.14997926509328863
0.8822315981197817	0.0006599969331241028	50.69185987735557	0.15369526301700842
0.8835495897734342	0.0006579970185878988	50.543652463840274	0.14934859268463382
0.8848635941895358	0.0006560091869303196	50.580763795380335	0.15663646707675208
0.8858464944251792	0.00032726308912702873	50.793336597898	0.16631996966286053
0.8868271761451207	0.0006530498581246714	50.7545197580566	0.16615915721825994
0.8878056474020164	0.00032579009215407946	51.082678717720626	0.1586041637610799
0.8884567396346732	0.00032530203512701444	51.16125921923163	0.16071554622799367
0.8891068572139469	0.0003248154382017826	51.24842088067518	0.16260994608751153
0.8897560020869182	0.0003243302955578097	51.26764072976924	0.17113624304793676
0.8904041790887938	0.00032384659924588526	51.54239934955383	0.14519362686728904
0.8910513891754943	0.0003233643442429089	51.61863150457211	0.14067001768328347
0.8916976371506018	0.0003228835226854641	51.61927719883067	0.14352872626170787
0.8923429249109196	0.00032240412890520626	51.55120264455171	0.15272011181202186
0.8929872543462298	0.00032192615726316673	51.685373992444724	0.14207249039271003
0.893630630213321	0.0003214496000223371	51.526813955667706	0.15376388424204843
0.8942730543753019	0.0003209744516207856	51.36041919849118	0.15097679737386732
0.894914528688441	0.00032050070652523105	51.40806947622323	0.13753943685596742
0.8955550578634772	0.00032002835712240704	51.146394263724055	0.1446511163240062
0.8961946437304591	0.0003195573979543982	51.10915800069945	0.13693591876385722
0.8968332881127719	0.00031908782359123386	50.93946989218768	0.13892464000209886
0.8974709956758324	0.0003186196265407929	50.82771068668363	0.1589456291590545
0.8981077682172551	0.0003181528014468397	50.91857369441152	0.1654042366126199
0.8987436075281425	0.0003176873429804112	51.17450662658517	0.14609215170706993
0.8993785182293228	0.00031722324376798686	51.255110880498904	0.14818137216858726
0.9000125011425466	0.0003167604992412886	51.45352295091912	0.13603302134313724
0.9006455608593034	0.0003162991021044893	51.184902313349774	0.15329159787916413
0.901277699124468	0.0003158390471658187	51.19809399789301	0.14930591359871764
0.9019089176766768	0.0003153803292596797	51.19788102272345	0.14697750943428153
0.9025392210639893	0.0003149229412047679	51.13580180092802	0.14900544679394168
0.903168611000418	0.0003144668779050789	51.11910534769872	0.14537984224406564
0.9037970891938918	0.0003140121342901483	51.133784500923944	0.15117403521626863
0.9044246601497203	0.00031355870329082767	51.32678442256499	0.1412459976241761
0.9050513255516204	0.0003131065799047661	51.32854293610598	0.14866570409814173
0.9056770870773829	0.00031265575915453216	51.38495251945611	0.1531279089331044
0.9063019491902271	0.00031220623408083055	51.48375865214178	0.1510222225885727
0.9069259126150273	0.0003117580004398608	51.568433863284824	0.15147711875762546
0.9075489817873088	0.0003113110513443065	51.45826917462572	0.16019682975835153
0.9081711583415342	0.0003108653819433513	51.64255858473371	0.13900140034949257
0.9087924439064712	0.00031042098741011764	51.44811845306257	0.14507223408249037
0.9094128428766477	0.00030997786096341587	51.27434660463339	0.15119108405272622
0.9100323568576818	0.0003095359978407134	51.1374227337967	0.16120685402614143
0.910650987449646	0.0003090953933028398	51.22446073168858	0.1446508383504009
0.911268739006694	0.0003086560406725796	50.944403855921706	0.17278219971532832
0.911885613106127	0.0003082179352737623	51.00134944977874	0.15720778057928755
0.9125016113198456	0.000307781072453018	51.014046881286646	0.1503621525102974
0.9131167379622409	0.00030734544563500664	50.86708722032403	0.16320768491521076
0.9140377969463207	0.0006133886259918456	50.699606961024536	0.15269005520775733
0.9149569066664403	0.0003060459334634874	50.737145840712465	0.15521342902932078
0.915568567016126	0.00030561520176229396	50.6339072865164	0.16404943429603722
0.9161793680243342	0.00030518568014903917	50.390477507961485	0.2122955399708613
0.9167893111953356	0.00030475736416883176	50.61366014935423	0.15915297705670092
0.9173983980283489	0.00030433024938817174	50.57788584678747	0.1657877589384504
0.9180066327346779	0.0003039043294934787	50.49973342099168	0.1776775694405575
0.9186140167921051	0.00030347960010959374	50.628343578902765	0.15673706492783776
0.9192205516734862	0.00030305605688224447	50.64657510340866	0.15419722336025643
0.9213367799476133	0.0006031658374076094	50.483178057435715	0.1506716118280472
0.9225414390650193	0.0006014950761121696	50.39057345855184	0.15880655957346043
0.9234427462579999	0.00030012403292630364	50.49746902053148	0.16202488364281853
0.9243421859159138	0.000599006216691447	49.999482730652105	0.24459689123491396
0.925538549203631	0.000597358388033307	50.343364336081926	0.1558347741935241
0.9270293834549843	0.0008929669620648501	50.112904801203506	0.17035323257155155
0.928811655369354	0.0008893098841592429	50.17693914767372	0.15857581609584606
0.9302913147783087	0.0005908567493131035	50.20240852992555	0.1657221025652102
0.9326483340842497	0.0005876587154899963	50.22855134317988	0.15842334234070288
0.9344077418580485	0.001170565633033731	50.138411274445616	0.16792050479083956
0.9370335602367685	0.0014543869332077754	50.332798906445255	0.15546558870563856
0.9393543672750542	0.0008679813772149502	50.545072296618876	0.16351571654131183
0.9410868698192192	0.0008645256932816802	50.5279274018847	0.1804064353386221
0.9433861742918237	0.0014332678194952755	50.77874071468606	0.14938801734905283
0.9453881276802822	0.0005706704540245205	51.07530759527419	0.15502629614539315
0.9462432913217951	0.0002847739299137652	51.24759115911401	0.16022314787147773
0.9468124655036012	0.00028440095763567353	51.09888909759142	0.19336926786758396
0.9473808955643694	0.00028402896049980754	51.30469426225036	0.16463953448124083
0.9482321476730939	0.0005669455722961342	51.12518790906225	0.16560798891617617
0.9493645613471555	0.0005654691993521982	51.07973001164755	0.15511491023805773
0.9513392072963658	0.0014072599141893745	50.5771208809792	0.16475667859593618
0.9541446463475722	0.0013981986481974183	50.3040971788924	0.16249845233215413
0.9569320793490803	0.0013892533250683715	50.530867666534355	0.17441520762163676
0.9597017354701964	0.0013804217352083139	51.12124734710663	0.16321435675947832
0.9621794135757229	0.001098055009676091	51.63581005932133	0.16115639567312467
0.9643699896261673	0.0010925303784479617	51.7370832133995	0.1561685685729768
0.9660057010451852	0.000544211624945735	51.787532086546776	0.16068013469855041
0.9697985717053379	0.0032368769818136	51.42834664929391	0.15176071729118695
0.9740931041904666	0.0010683422578031002	51.514537789499244	0.15948314509081277
0.9754264833517059	0.0002662668108011651	51.76682759197786	0.16092049668018532
0.9762245497001028	0.0005315559280583411	51.6149470222335	0.15826293487471527
0.977286362650948	0.0005302579065932059	51.593740823524875	0.15907000981014538
0.9786099881094772	0.0007929664017968336	51.38014047883644	0.16602386532325067
0.982294821578747	0.002882978366436903	51.04155170866224	0.15913302198279902
0.9859486531481816	0.0007796795107067803	51.244832987557025	0.1524003262108462
0.9869869838949294	0.0002592725481764076	51.330190472064714	0.16577418847332798
0.9877641054828725	0.0005176180473500064	51.230663283514346	0.15663252616236567
0.9903445147541876	0.0020582067215640844	50.85399926640673	0.15559745204791467
0.9934209030672032	0.0010218393153481515	50.82093122515779	0.16571271567946508
0.9974891460794899	0.003036935861130094	50.3620492396225	0.18014822193915855
1.0020208244077837	0.0015027057419965703	50.510349351820764	0.16479326283540432
1.0079904309994243	0.004446574714382587	50.47197466484113	0.16278430115529285
1.0167937510997556	0.0043573482772679886	50.761567356504074	0.164798877826641
1.0254221640435432	0.00427163229219385	51.08627913314701	0.1583934971051095
1.0343477048358585	0.004649709397621453	51.36846243969582	0.1555291821933263
1.0398918174319838	0.000918145888603579	51.60747409197554	0.1638235982648395
1.044003944571772	0.0031832270088394945	51.26119788185231	0.16776412548596775
1.04875272751223	0.001574304846482474	51.36206567934042	0.16633329474223527
1.0689658250622907	0.018247216317866223	50.61084191434656	0.16177910851830316
1.1207130617775372	0.03258566351003601	50.07534747442643	0.16202081098789353
1.1535499213447202	0.0014134602044576893	50.60697498515458	0.16402216890725752
1.1593416532501997	0.004358548423302399	50.44453406454494	0.15200697026019452
1.1645406676368808	0.0008613365106089634	50.68258631339155	0.1659232846336645
1.1688261367271433	0.0034115157360431973	50.276233482615694	0.18145313596780296
1.1730697310954021	0.0008445858346045172	50.68651100999383	0.16063603592493006
1.174755626273629	0.0008413135778298901	50.65346615103041	0.17021902366189035
1.1760996462550606	0.0005032283832964768	50.777581229015595	0.16651412192370066
1.1772722611718203	0.0006691619685071187	50.459873624658755	0.2337622009175785
1.1782748461457109	0.00033380948246279586	50.84432473582923	0.1658738368974613
1.1797743969307535	0.0011643060737154937	50.61492503183736	0.16425334671360375
1.183253343657473	0.0023100331483343985	50.42347861254082	0.1693350279816432
1.1867046434263786	0.0011458741349792544	50.61285811764751	0.16357820196416165
1.1917498103832158	0.0038833358424425085	50.15579789812402	0.20390494540498116
1.1959365121887675	0.0003205066193975021	50.94797219715338	0.1589385771024997
1.197536095854711	0.0012773132316968286	50.600128609827316	0.16358535376575295
1.2000832381860038	0.0012698437001714997	50.636244419668245	0.1606805985359739
1.2015094678416103	0.00015821004427708668	51.11017879169043	0.15980231819321095
1.2022997985738813	0.0006316895794214159	50.73910597173091	0.17051703961090006
1.2035613436515906	0.0006298573006289572	50.823331323585734	0.15725565294733854
1.2048192349028224	0.0006280356203405416	50.51110877537418	0.22763086065555052
1.2060734930821075	0.0006262244473680787	50.78203433533488	0.16517734479990603
1.20794811479145	0.00124705438015935	50.515662882474345	0.18414903270793745
1.2096594383750379	0.0004658062766427652	50.8573500223264	0.15961301468042655
1.2119822469932926	0.0018532863155641753	50.483330844128375	0.16946587299438293
1.2150601251372644	0.0012267989109384539	50.74726775875965	0.15423068285082484
1.217049111742119	0.0007632457813358486	50.80656455094714	0.16518581923071193
1.2193328342009129	0.001518485627687263	50.59119427062307	0.19051659175692612
1.2216046103950382	0.000755281616035384	50.94384691047659	0.16267273159820897
1.2250650826301004	0.0026974347148680314	50.82079862676856	0.1523054369232984
1.2292409515512497	0.0014842346576401514	50.95695774815066	0.16506163624188408
1.231756848989289	0.001032962869819709	51.18544227417394	0.15412257359466322
1.2329357763927347	0.00014716608732416833	51.62299262071604	0.15935764394947602
1.2422537271935559	0.009074659579297756	50.975423055362896	0.15275170494316762
1.2522214157012128	0.0009854172132071411	51.36095099319512	0.16647430044922476
1.2567029773147615	0.0034832171602663777	51.17391406127914	0.15587837955072523
1.2608628514757882	0.0006900025135308305	51.47501002675479	0.16048397115910668
1.2827937626193509	0.020730360010071374	50.75351904739739	0.1519109000418589
1.3270391123852123	0.02334375054837996	50.552093969185435	0.1611936427742482
1.4118117911519406	0.05780779739820614	50.11444445467747	0.16181883016873483
1.479467543425731	0.01318053575122341	50.17346942321946	0.16173093998413388
1.5050595432669274	0.012426277948814301	50.16905321186256	0.15039468665079433
1.2908654532840964	0.0024344881854486368	51.03550604597904	0.16219408373484448
1.2949958168362907	0.0020596932389813235	50.88206833412121	0.1621940837348443
1.299132472714895	0.0019838491838059026	50.869019203314394	0.16219408373484415
1.3028827226771034	0.0017497984273546043	50.900035297684894	0.16219408373484417
1.3074098899366533	0.002531014846772478	50.70836573225506	0.16219408373484437
1.3122435547989504	0.0029992386153254945	50.594451807371634	0.16219408373484456
1.3180438218747847	0.0024696885306231676	50.63193253436797	0.16219408373484423
1.3226256579152809	0.0021989132134016057	50.696151378197094	0.16219408373484395
1.3273496885516582	0.0022330986305833973	50.70394673933414	0.16219408373484429
1.3321920690555102	0.0029166286687848176	50.602320915723375	0.1621940837348445
1.3386830902321407	0.0036044691609133446	50.68339114504775	0.1592620510238672
1.3830223543244726	0.0014947655038763496	50.456415219916416	0.14205676434813275
1.3858930039334565	0.0014357654812203195	50.47419508666974	0.1420567535691279
1.3889965935673265	0.0015000294379738772	50.466019946614594	0.1422034913261873
1.3917515896149497	0.0014343933216753107	50.478083132799384	0.14205675454079533
1.39455515697861	0.0013896611939914867	50.45615187720358	0.1420567583018881
1.3972550650109636	0.001376008467104449	50.425717879653554	0.14205675279616978
1.4002437505707126	0.001361565936417945	50.436793741243434	0.14205675176924476
1.4028588779094182	0.001487735871694056	50.408885384392704	0.14205675474375665
1.4058785599990895	0.001368720378273344	50.437562723489435	0.14254466348473438
1.4091030646995617	0.0017754932685350958	50.32322968536908	0.14205675571879406
1.4123330157641598	0.0015456965519267604	50.55206157892033	0.13712713619050837
1.4155632841152437	0.0017009553111015938	50.507880352663335	0.1371271300728033
1.4183473870201115	0.001272365870344069	50.467599368788854	0.14205674811745955
1.4208703719085718	0.0012220335172647805	50.49467138113441	0.1420567683536258
1.4241232799407069	0.0017317198120903583	50.36594161004075	0.14173567948205834
1.4272014869832315	0.0014583901791692365	50.433114944715456	0.14305132380857885
1.429991673033277	0.0014186672614103638	50.52348147244811	0.13934868220254812
1.433014784187115	0.0014041843197953555	50.377286240817114	0.14205675330175155
1.435689566857237	0.001280226889832397	50.37582345791432	0.14205674768010434
1.438159939511503	0.0013784723557885709	50.34896480542636	0.14254466618807882
1.4414684828593647	0.001673024823365742	50.28543755662533	0.14205675630190356
1.4447746017083478	0.0017913568724150274	50.24516878678668	0.142056757058657
1.4475218279128412	0.001333362220507828	50.36230094138712	0.14205674867085857
1.4509293743301432	0.001743877267101438	50.239905784911144	0.14205675533787304
1.4538549138798036	0.0014224584438547593	50.33455871761943	0.14205676994766533
1.457323065796623	0.0017644790714549218	50.2417042200268	0.14254466778073477
1.4603890828493888	0.0014971012838826143	50.32890751374829	0.14205676949262094
1.463796999977936	0.0017491822039994158	50.272700981491674	0.14205676130417874
1.466938033629195	0.0014360567832803258	50.350374513966926	0.14254465512359113
1.4697495095214352	0.0013521450323946966	50.37652133199718	0.14205675592596612
1.4723945432315324	0.001176473010554109	50.437787213627175	0.14305133248272553
1.474682100448044	0.001347417818684103	50.40698732786554	0.14205675760419706
1.4773057361690556	0.0013602617599475426	50.57727437318961	0.13712713990808945
1.4800635952071846	0.0011662937824456238	50.445358769201164	0.14205676729550915
1.4824935056832935	0.0014290226540703474	50.34150729876619	0.14205676736951023
1.4851075686319721	0.0012413472089439946	50.44458330674301	0.14173569301973568
1.487497214630283	0.0010338979925381948	50.53830036557106	0.14254466867657284
1.4896416007074345	0.0010838110141409057	50.537962460363644	0.14282477808172733
1.4923346124696752	0.0015549274703581162	50.38683613989628	0.14205675571794005
1.4952323143294015	0.0013354243585429247	50.629062704694476	0.13697608769739747
1.497671050672847	0.001131954340461422	50.51138575748324	0.14173569040756068
1.5001876433518764	0.0012705645777187683	50.43141774542731	0.14205675687208635
1.5026620591242776	0.0013641764884563096	50.57466379327964	0.13735381231600766
1.5054211704195726	0.0012671326247708711	50.620902404214824	0.1371271423595394
1.5077800667949195	0.00130325468767476	50.55214987739375	0.13821582927989515
1.5105302545177717	0.0013027941334442736	50.53692082144839	0.13712713360281867
1.513104897158936	0.00126421206711922	50.57678258275723	0.13712714537442502
1.5153572572645821	0.0009696559114392045	50.557693015396914	0.1426889091276027
1.5172310773042683	0.0009788641254378629	50.545551067274	0.14142759381623082
1.5193176142886948	0.0010388636655619418	50.52401378904811	0.14031043442236943
1.5216062065415839	0.0012605252547178843	50.543169780933184	0.13735380714625062
1.5239392817186308	0.0011916479134651593	50.521969554532504	0.1385119511611401
1.5262449099939912	0.0010729839866963455	50.609105533792224	0.13735381672331298
1.528430311918407	0.001043376963224369	50.4160842788509	0.14254466108900352
1.5303748313111794	0.0009441184389201127	50.62976206502294	0.1368947372978347
1.5324251571810634	0.0010522846301981464	50.57151182447993	0.13712713983578315
1.5344180722619678	0.0009225059447189624	50.470172671696076	0.14173568691686148
1.536621342779027	0.0012524279680368434	50.51348179219436	0.13735380823525573
1.5387006896772302	0.000942567798593402	50.47795860493565	0.142544658584931
1.5407302849823863	0.0009236839975422596	50.525263958047695	0.1414276056285986
1.5428297527665917	0.0011895911138158064	50.56413686611771	0.13735381348677514
1.5449370573374999	0.0009129862850801869	50.482339275622266	0.14205675778832
1.5471127210096067	0.0011493615778157894	50.53781870625316	0.13712714711056656
1.5490714923406357	0.001094441993341528	50.583333393701416	0.13712713916372643
1.5513291191922616	0.001097604830257614	50.42514820909129	0.14205674728962267
1.5533816077338811	0.0008848505107678111	50.511997170311226	0.14142760723172643
1.5551301924321443	0.0009881717638535467	50.59706802567068	0.13712713887583036
1.5571543737479814	0.0009853206908161892	50.63511266830329	0.13735381000412714
1.5590997245122746	0.0009878615238974626	50.67728689294844	0.13735379878999415
1.5612057515378852	0.0010055432654682518	50.65093811568412	0.13712712150958267
1.5631021165529868	0.0010458875452424368	50.61602615799901	0.1371963567085561
1.565007364133449	0.0008768920352654231	50.70460425699845	0.13641245511735667
1.5667951423992659	0.0008749953626016925	50.6680275897999	0.13732705108471358
1.5685687966995123	0.0008663331003608581	50.6861356247722	0.13712713701307813
1.5703217022777005	0.0008696108411373343	50.70770757668473	0.1371271407552824
1.5723067741428907	0.001057636421799957	50.60667631366719	0.1369760936204124
1.5742258095481805	0.0008450613818421985	50.70215775761322	0.13666935758200321
1.5758692245240316	0.0008569030116245825	50.63870533276945	0.13712714032479478
1.5775463804342544	0.0008402887057713373	50.657350488469596	0.13717054931825737
1.5794358258279233	0.0009989989112300236	50.588065435576155	0.13758643395061407
1.5811917024047013	0.0008398652425067824	50.71233162211044	0.1364124526629066
1.5829076392285046	0.0008957202479404503	50.63916580575221	0.1371271473766277
1.584692121501648	0.0008445806141017658	50.64941091589083	0.13712713167804588
1.5865149418697773	0.0008182241693204444	50.6732961782136	0.13654762803128795
1.5881028457521198	0.0008493415525618326	50.62401275061158	0.13712713669233392
1.589791744752486	0.0008169268343383276	50.63279250592045	0.13758643005288618
1.5913741816502485	0.0008204027912204031	50.67624607447988	0.13641245266290655
1.5930440088053295	0.0008702395288168796	50.63343979903413	0.13712714537361773
1.5949345055585236	0.0009639762524116408	50.590206741766224	0.13758642282515984
1.5966767146096996	0.0008518450341263675	50.648294783154974	0.13712713668281296
1.5983992752959943	0.0007945513669690156	50.725269638954884	0.13590615848199772
1.5999917983540135	0.0008343065492378222	50.632220230755564	0.13712712900120455
1.601581651802131	0.000795047826986334	50.7013834126896	0.13584059719484212
1.6032033516346214	0.0008312966809999835	50.59808078132319	0.1378251850409948
1.6049002691176824	0.0008061817473057645	50.649942214154386	0.13660959824724603
1.6064660602944174	0.0007799292248563646	50.65560977100668	0.13704340303977888
1.6080572486350657	0.0008329147742215937	50.631183061638346	0.13712713410566782
1.609840394542054	0.0009345413212478209	50.594834799953176	0.13735380506696646
1.611625479314722	0.0008214843729812492	50.64139046438934	0.13735380997456798
1.6133143873687155	0.0009163688655239566	50.5413617526596	0.13735380847881673
1.6150578072371904	0.0007905975808324879	50.58138291686836	0.13712713642328092
1.6166087572245524	0.0007953832853660099	50.59917064421413	0.13712713660385617
1.6181875258502136	0.000809165317563838	50.60449392465242	0.1371271412209846
1.6198420982514545	0.000967608021146827	50.47467628237743	0.13860010662452862
1.6217609925740264	0.0008791812189019236	50.568220782535185	0.13712712913163871
1.6237103471705312	0.0009964314133706048	50.52386392912976	0.13697609393372737
1.625642054137993	0.0009637086455787767	50.52191952560665	0.13758642296426624
1.6276037613235144	0.0010023663142019127	50.48061042061934	0.13758641835443286
1.629465117128613	0.0008725812815481383	50.52864041138337	0.13712712735370072
1.6313832116085318	0.000986331349998585	50.469734796537466	0.13712714215735808
1.6332957988915722	0.0009951685493513522	50.46299737845081	0.13735380870315958
1.6352757618326124	0.0009513075599034698	50.500056127050186	0.13712714160232045
1.6370146402498877	0.0007820916578546795	50.5833471176497	0.13735381259308016
1.6387379126349668	0.0008729363022122228	50.52758777327316	0.13735381105607697
1.640195176359278	0.0007475766190649198	50.44038884819303	0.14156287208311405
1.641707857985262	0.0007794270971961268	50.42478713355658	0.14126176883872243
1.6433869074363152	0.0008221753764671574	50.535041029378036	0.137127141128935
1.6451591851520828	0.0009299027342930612	50.48579761669528	0.13735381538495642
1.6468760360087218	0.0008581493289942756	50.359436057414186	0.14205676123858182
1.6485126518923041	0.0007390478630404531	50.603388920694286	0.13712713466485885
1.6500248522709653	0.0007660508098213048	50.419477412703245	0.14205675408240145
1.6516412493890174	0.000840367216030753	50.5422612198013	0.13758642206872168
1.653198534714204	0.0007325145927102839	50.423828688898865	0.14173569966985136
1.6548449656799973	0.0007213870182006876	50.38756344997455	0.14305131648217395
1.6563047804390398	0.0008771943514313045	50.486374875644835	0.13712712445138625
1.6580943400716353	0.0009219662481204772	50.46652011401803	0.1373538211157048
1.6599894221983449	0.0008491399432584827	50.34475022285645	0.14205676338827444
1.6614512782209865	0.0006885507687693282	50.442626959270775	0.1425446688536801
1.6630695086393257	0.0009688582799560919	50.469429412571905	0.13735381699922622
1.6650981358322914	0.0008963359335240932	50.30813254860994	0.14254467681010105
1.6666296763722677	0.0008349001986480679	50.33050163940868	0.14205675626571176
1.6681180163757794	0.0007064268556250177	50.410091962166724	0.1420567655404953
1.6696551144831668	0.0007591149038436847	50.38101050229676	0.14254467981992813
1.6711867915216165	0.0008114319644711289	50.44127341072365	0.13934868939859743
1.6728734365354014	0.0007281260925014834	50.397245858362844	0.14173569256902027
1.6741034952398348	0.0006887642171354371	50.400638266829006	0.14205675024075076
1.675678000968224	0.0008760914927718772	50.46351131238959	0.13735381346937253
1.6775641330820685	0.0008564349882631883	50.30495695496242	0.14205674682146618
1.6792025390861485	0.0008426766566155747	50.29503502372645	0.14357764146615523
1.6808295403099691	0.0007870552834738372	50.337130515695335	0.14254467137921029
1.6822413191505177	0.0006629032813646258	50.42685837515043	0.14173568564583172
1.6839950555454146	0.0009675586208519224	50.252887002902085	0.1420567592916326
1.6857962094136767	0.0010050531329318635	50.2364012205422	0.14205675802262774
1.6877990964110914	0.000882958992318922	50.28273084523794	0.1430513218565082
1.6893248101406642	0.0007023464007226378	50.39314191074669	0.14205676808367662
1.691016917056771	0.0010763311209158412	50.20808216560897	0.1420567607363096
1.692947453183819	0.0009095479623700043	50.271179805071455	0.142056763235468
1.694838963813628	0.0008090660861585677	50.32244716284732	0.1417356825205739
1.6966489175787036	0.0010143993898136298	50.211552084862106	0.14205675735199375
1.6987157947096525	0.0009957360192971326	50.21546061296333	0.14254467103370091
1.7007102331273363	0.001032524836803216	50.201381746672894	0.1425446679706536
1.7029998007660774	0.0012639261021241649	50.11207087323757	0.14205675596437256
1.7054360465852503	0.001150258518532036	50.14544368668888	0.14205676058637864
1.7079622287819365	0.0012643539235142423	50.106181216713914	0.1420567606110308
1.7101404173175354	0.0008595301778521926	50.27719257401343	0.1425446726840772
1.7116826230934319	0.0008076112592291814	50.31450541339861	0.14205675166278903
1.713114655313649	0.0006795212964265693	50.37976314977889	0.1420567628786695
1.7147676863358023	0.0009110784604772844	50.2418098157505	0.1420567570966755
1.7166029441905055	0.0010026715140296046	50.197359813900924	0.14173569085856505
1.7187214992089428	0.0009557166630121219	50.19491587007427	0.14305131730145307
1.7207292657521982	0.001070969981769266	50.13723760724486	0.14357763353944408
1.7224799692013273	0.0009891944061220822	50.19518489721784	0.14173569084217058
1.7249092027368678	0.0011010068978461246	50.13681694306176	0.1420567559971127
1.72710801121066	0.0012275134145555192	50.087192932547815	0.14205675325745706
1.7290352053283768	0.0007501518444309892	50.29912088181338	0.14205674858299688
1.7306803065346263	0.0008490628571091289	50.243315094586066	0.14205675828624653
1.732691872654205	0.001158283145059762	50.10609266211649	0.1420567549275316
1.7346315875845038	0.0007961752594252418	50.2553588904367	0.1430513288225835
1.7366365128367665	0.0012170249322876643	50.08020339936	0.1420567562566116
1.7387699977023685	0.000972292512283071	50.17133075318827	0.1425446677318313
1.740710242168683	0.0008948186938989279	50.21220694974584	0.14205675896103417
1.74244839870254	0.0008901063165010506	50.21240138238648	0.14205675741616075
1.7443111174504369	0.0008046939939437269	50.253893409488946	0.14205676800736905
1.7460010826130115	0.00101042825321541	50.141308240742006	0.1430513234940234
1.7476777494484883	0.0007681154184424502	50.26978717678716	0.14205677326553154
1.7496413884003144	0.0009695272770886164	50.15109145950316	0.14357763172483962
1.7514624259778306	0.001072497218818966	50.12340764051879	0.14205675864948028
1.7535599821058272	0.0009397383637990738	50.17961088454789	0.1420567575079582
1.7553492277678389	0.0008054931085644406	50.24720534754374	0.14220349500726703
1.757043090877475	0.0009652504907122157	50.16168645743926	0.14205675920873176
1.7589452065346085	0.0009566488764168824	50.156466290415274	0.14254466577598315
1.7611705801456747	0.0012123213002350058	50.06052488435193	0.1420567598683208
1.7633151841659347	0.0010512163849749482	50.12395032550967	0.14205675885590635
1.7655140167692915	0.0010426694241936108	50.128759990010415	0.14205675918542213
1.767667405165145	0.001103028076255415	50.09349238605131	0.14254466839220198
1.7700324106545737	0.0012241530968033058	50.04760619271515	0.14205675534083848
1.772522700426722	0.0012277746501155745	50.034702383622616	0.14254466607287783
1.774853032550151	0.0011229586390448126	50.0655405815308	0.14305132138660445
1.7769943600576583	0.0011678934627037765	50.05838218442691	0.14205675710981042
1.7794597929530929	0.0012219072645428322	50.019457469770686	0.14357763466332785
1.781788645318646	0.0011519526911281204	50.06220418384328	0.1420567597130789
1.7843345940244817	0.0012909557996505343	50.01456479397133	0.1420567547138075
1.7870999308936468	0.0014111407406047053	49.977928386237025	0.14205675979538396
1.7897457037037812	0.001165745986192234	50.05688205973035	0.1425446688945987
1.7922739807662522	0.0016197292867034712	49.90957840534887	0.1425446712795379
1.7959303382388538	0.0016383534156841476	49.8969014519736	0.14254466179046268
1.798286865599137	0.0011340352986102362	50.051573983505065	0.14254466587147666
1.8006406303236295	0.0012304426291728234	50.01665280612466	0.14205675946893281
1.8032529238953303	0.0014387820507449011	49.95151364646956	0.1420567609085728
1.8065808068147124	0.001670348284548214	49.8903575056914	0.14205676118528496
1.80943096022299	0.0015423553288790074	49.922689799462745	0.14254466741720948
1.8124466429463941	0.0012139141020187797	50.035900852769096	0.14205675609936774
1.8151162015631856	0.001255581529883781	50.011455200568804	0.14205675973527104
1.8173615754273766	0.0011150001696929397	50.04876073463197	0.14254467076168545
1.8201458789527705	0.0015742480167873012	49.89308402165029	0.1420567583066475
1.8229219029757393	0.0012540219828399161	49.98177879174392	0.1420567621449915
1.8252835478513612	0.0011766770700826202	50.00115224528682	0.1425446630786184
1.827694159444029	0.001244994476397014	49.9793595771155	0.14205675882508328
1.830128672183491	0.001113394333844912	50.025023426963806	0.14205675879702295
1.8324163958485802	0.001275943368041946	49.969237352633314	0.14205676165640307
1.8348559375242612	0.0011556258035119236	50.01559976686543	0.142056758718066
1.8369321970992682	0.0009623965279441963	50.09780980344749	0.14205675581334912
1.839069657219058	0.0011572244271452815	50.01722018956475	0.14205675556580444
1.8412220371550048	0.001029099466289601	50.056416660401574	0.1425446660570852
1.8433385390814678	0.00103041244049462	50.049598654141946	0.14254467110043487
1.8453801211791483	0.0008154348266689674	50.15113501256752	0.14205675779153026
1.8470383549483678	0.0010413534350726039	50.04483866451491	0.14205675644298849
1.8493706531955099	0.0012217529958594361	49.975646900714	0.14205675693612807
1.851598432837329	0.0009410622671335199	50.08439782386454	0.1425446692678278
1.8534817795677558	0.0011150446917142552	50.00768943074982	0.1425446681000025
1.8556184583884987	0.0008095930498994232	50.14004368940651	0.14254467159535275
1.857253858358751	0.0009594713482343401	50.06710789413266	0.14205675536131135
1.859031093652513	0.0007693158850312894	50.15741346884951	0.14205675817276334
1.8608132197236393	0.0008892372965082708	50.096085515823404	0.14205675483323638
1.8624758363480762	0.0007589209947972373	50.16250913743501	0.1425446694957263
1.8636415755031803	0.0006156700040066956	50.24957689779129	0.1430513188701981
1.8648780423012326	0.000613061012413843	50.260307659863656	0.14205677255823307
1.8663848946971788	0.0007538319533073359	50.16069002221198	0.14254466798949886
1.8676971959207436	0.0006014166533916969	50.2699342086115	0.1420567490417194
1.8686873374944206	0.00045705711796048694	50.41425764431941	0.142203504295126
1.8696616394330368	0.0005409552269493889	50.358369130504876	0.14205677176551224
1.8707100130127776	0.0005235546132284567	50.355092380304846	0.14205676742032805
1.8719012013703866	0.0005913987023190068	50.27411678900679	0.14205675338361515
1.8729138462066477	0.00046358819873766805	50.36739836594827	0.14220349674637922
1.8738736766711825	0.0004995699384772855	50.325062290619925	0.1425446778745966
1.8748649561718456	0.0004782923427830528	50.344791498841616	0.14254467308717242
1.8758707219133364	0.0005332762458842164	50.30202056777124	0.1420567597191987
1.8769560092671267	0.0005077279815506882	50.320818480665984	0.14205676808671697
1.8780869025890123	0.0006088551767697385	50.23988395032262	0.14205675746008978
1.8793012478091493	0.0006337337241665031	50.215991386744584	0.14254466690156462
1.8804774183393558	0.0005259928437807599	50.29882772266252	0.1425446768663456
1.881543005724853	0.0006213815634192032	50.227909411398315	0.14254466939215596
1.8827081843258642	0.0004787970618214666	50.34949686958451	0.14205676231776296
1.883773251447207	0.0005499667009783896	50.29454066362046	0.1420567547608298
1.8847799450372105	0.000522447933729111	50.32121228919834	0.14205674427893605
1.885772854509978	0.0004705204663282078	50.35440926520404	0.1425446632437537
1.8868402369419963	0.0005779317436931002	50.260602235849376	0.14205677357152943
1.887887087731342	0.0004885935069788327	50.325339935920155	0.14205676792192481
1.8889639146442854	0.0006222263284314252	50.21889778773941	0.1420567564373706
1.890332927007772	0.0007579253802895289	50.13289695713989	0.14205675536638177
1.8916152943314868	0.0005029864444501315	50.31013262987825	0.1420567684404587
1.8926201039297197	0.0005219614519391264	50.292744731809734	0.1420567625316949
1.8938411288866017	0.0007020270273163192	50.15684650846849	0.14254466834079724
1.8949690108647792	0.0004518493082182857	50.36157274349025	0.14173568348234106
1.8961179429689599	0.0006855716867571443	50.170267082239405	0.14205675921363506
1.897426386690343	0.0005584382531021483	50.24698990510229	0.1430513207854548
1.8985783790010744	0.0006673972850920424	50.174391025849715	0.14254466616899863
1.8999459769244702	0.0006082733252999938	50.21867625459666	0.1420567568893287
1.9013677038279286	0.0007949600338764275	50.09596993520138	0.14254467046484967
1.902635262106071	0.0005801172163125095	50.226316846248025	0.14305131848695463
1.9039838866623826	0.0006826826954454161	50.15967810389744	0.14254466885229977
1.9053001737284105	0.0006579294865072013	50.17917025332391	0.14205675919416638
1.9065500822625998	0.0005554096740569446	50.24599479805602	0.14254466073217675
1.9077481754466905	0.0007040182743346354	50.13530910311804	0.14305132359838862
1.9090345053384568	0.0005297484893521374	50.280993605116585	0.14205674937294405
1.9102938359118549	0.0006813426904376125	50.18377617719325	0.14205675935125348
1.9115263904829105	0.0007171996792529648	50.169618241116524	0.1420567576772897
1.9131336416840752	0.0008543870835437141	50.07482027931859	0.1425446699216926
1.9146630031230185	0.0005489587112324175	50.26914289529535	0.14173568304260517
1.915987058706856	0.0008091002496053327	50.09132542361143	0.1417356864956948
1.9175094648521436	0.0007644342295561697	50.09490766713955	0.14305132099178033
1.9191902454222445	0.0009668162861728415	49.998187617866414	0.1430513188361115
1.9207754733190703	0.0005888472592017335	50.221958401926756	0.14205675797520767
1.922213500892367	0.000792315950276037	50.088052321185984	0.14254466852538517
1.9236092831044005	0.0007342719488107658	50.12854599535403	0.14205675725337052
1.9252935633358288	0.0008218312484836829	50.08156445005688	0.1420567629459833
1.9270442660796678	0.0009457684300237013	50.021229595664444	0.1420567563404127
1.9288027622053738	0.0007396245323262571	50.11738013071235	0.14254466820930836
1.9303016549089385	0.0008094544740031427	50.07966178514813	0.14205676147131502
1.9317188396641833	0.0006625325171926832	50.15708889280481	0.14254466998048063
1.9332766744585925	0.0008340024353697789	50.05785204643921	0.14205675823660255
1.935176707613597	0.0009450202121216533	49.992298522500775	0.14205676297402203
1.9367906098986254	0.0008389232410115991	50.04171243840389	0.142056755607854
1.9388071946438157	0.001131246799429146	49.9094747780174	0.1420567613902472
1.940706311944534	0.0007787552224759949	50.07142256285594	0.142056753727807
1.9424664765748176	0.0009084636976800092	49.99874040264673	0.14254466897828208
1.9441794797574297	0.00090774877379272	50.0045334730131	0.142056754375792
1.946127942474914	0.001008367499278528	49.956295589461504	0.1420567529549193
1.9480988951379647	0.0010853250430827616	49.92081519262133	0.14205675566436965
1.9504319852122987	0.0011542509024951182	49.867934094885854	0.14412457380017352
1.9524523296445346	0.0009158866117280166	49.988657611869186	0.14205675709456575
1.9543515306764114	0.0008874332953892254	50.01181508850401	0.14173568720931923
1.95646086697642	0.001314269610045675	49.83229310149359	0.14205676375575216
1.9589501362651645	0.0011726252464576157	49.871106312674215	0.14305131738843502
1.9612203024028558	0.0010110684554242159	49.93227090276062	0.14305132245671776
1.963463610077879	0.0010640212753855506	49.91636604758207	0.14205675420504138
1.965793406726515	0.0014877853552071256	49.76026937526479	0.14254467115181285
1.9686925804940494	0.001470449822908445	49.76018420886623	0.1425446756693723
1.9713078375888846	0.0011639212001578806	49.86421054486767	0.1420567643418247
1.9741692170782408	0.0016569755064053087	49.70266755607598	0.14254466908060545
1.9776017516026034	0.0015167613704497914	49.74421095995432	0.14205675687072397
1.9804563130741644	0.0013791721979170568	49.78407662043849	0.14205675326902548
1.9830489826519917	0.0015534531494102509	49.72570826477696	0.1425446583986184
1.9863772655261032	0.0016337645886149409	49.70021769862086	0.1425446620751853
1.9891994154741666	0.0011117864445656879	49.868947514793405	0.14205675926991385
1.991271005341711	0.0010448812206662911	49.89295881656114	0.14205676010453644
1.9936711816805064	0.0014003899009654948	49.76253100395898	0.1420567551393135
1.9966506491488245	0.0014225113230713607	49.746982474754695	0.14254466548531364
1.999109614549501	0.0012089894661000905	49.80925464875447	0.14305132420671277
2.002065903322018	0.0017041418666218602	49.66803820352259	0.14205675702247167
2.005649682673182	0.001894419055654268	49.614223675483515	0.14254467506466856
2.008974971710513	0.0013069206659848769	49.77917339694929	0.14205676237485704
2.011612827211448	0.0013847496489730118	49.74121467400697	0.14305132380248123
2.0145353825681793	0.0014959141656092272	49.71286176272537	0.14254467040187804
2.017886553762346	0.0016727594830252793	49.67351254456116	0.14205675918187213
2.0206509800831434	0.0013844215565724592	49.76459356569372	0.14205676326921426
2.0241090271505593	0.0017340597145367642	49.66656264886158	0.14205675204978593
2.0274972464392693	0.0016585860998336354	49.67274775077445	0.14254466715474004
2.0309951442627776	0.0019059255538470417	49.60619627195777	0.14205676160923073
2.0349552293235096	0.002100471931115229	49.53714049352655	0.14305131791372558
2.0389128898361895	0.002011826126975955	49.561879000549986	0.14205674301788204
2.04243336890121	0.0016612750029585993	49.64037982411068	0.14205676592498567
2.0459300669365783	0.0018126351620713088	49.59811250165153	0.14205676303721626
2.050231179263708	0.002504163631986458	49.447652149626805	0.142544684793785
2.054859500285632	0.001730285614010515	49.6088281394821	0.1420567574137801
2.0586230520208932	0.0022193550777615755	49.485079654452676	0.14305131819291508
2.062477402680911	0.0017116395250244812	49.608289288140995	0.14205675108384028
2.0662362835738346	0.002127321972538592	49.50808296732247	0.14254466912628516
2.0707974127773694	0.0021034936512738713	49.33432031593328	0.1503046841633245
2.075093175773908	0.002288634627523173	49.482923625472154	0.1420567576865852
2.0790197604707297	0.0019387116439535772	49.55037435832138	0.14254467300428753
2.083106533712634	0.001725744996881111	49.59773050051129	0.14254465769973385
2.0863062036317634	0.0017816622436139073	49.40792313574977	0.1492508271514619
2.089869310505353	0.0015466640992406668	49.62830957839597	0.14305132073381374
2.093042061530789	0.0018700068005650056	49.551762514097476	0.14205675532189405
2.096959327542077	0.0017923305864912015	49.563051263167615	0.1420567677418968
2.1007148870337407	0.0021380645277102035	49.42846335277831	0.14388899296843163
2.1050007275225013	0.0022934088535360546	49.38242682367618	0.14531216957360774
2.109044089781806	0.001631567456792527	49.41086561852807	0.1492508275060677
2.1123397109380493	0.0019082085896832926	49.38497940823464	0.14937579373046334
2.1166677590644785	0.002202324182341373	49.469126531340756	0.14205675071028626
2.1207349756597154	0.001801648553920074	49.410440478784786	0.14845768643172846
2.1238015034501823	0.0016797037718553306	49.38577111109874	0.1492508183866308
2.127744640947763	0.0018417086016167038	49.50626770565826	0.14254465429952298
2.131182851178055	0.001573732927664632	49.38948586269182	0.15030467199929418
2.134577444370331	0.0018946327026735795	49.4849936337577	0.14254467837442425
2.138524981014781	0.0018217042743339609	49.328325599805765	0.14925081010960028
2.142198534485704	0.0019582502838012307	49.293975100303825	0.1492508215698658
2.145652395033391	0.0016436134123745804	49.36952421794616	0.14925081717633304
2.1495535836280224	0.0018384363634365865	49.312038273674105	0.1503046694032117
2.1528319972670236	0.0018104525894034878	49.32664883983415	0.14925082196490083
2.1565686276835176	0.0021748105111681327	49.23468842393406	0.1503046740444879
2.1608540483179013	0.0019102257948931702	49.290866073883016	0.15030468176221265
2.165298843030927	0.002218801979348951	49.23137441562166	0.14925081898064316
2.168777519991213	0.0016095627195586318	49.36227338079372	0.14925081909377974
2.173153337153745	0.002560713532859839	49.140494711725346	0.1503046840947436
2.1775532184818758	0.001693974677077563	49.30711952765494	0.15141804803732467
2.1803810755072144	0.0015849830166220905	49.34407706534974	0.15030467719332657
2.184491569708211	0.002092854621806761	49.23385509590095	0.14925082382974314
2.1886719031242743	0.0019220716012182885	49.2646816921364	0.15030466843753193
2.1921961646449395	0.002039081620661499	49.23254155697814	0.15141806678756606
2.1962633060041927	0.0017806763930268393	49.27266130655687	0.15259523019515187
2.1995845383936157	0.0015855528331301415	49.33940401945194	0.1492508183771253
2.202907374666373	0.0016933211080417468	49.30171829176403	0.14925081095754858
2.207172690494258	0.0030427848101762128	49.03708443056249	0.14925082375148913
2.2127884500522272	0.002133878079259484	49.18591541418512	0.14925080458103157
2.2169979713985315	0.002457940833666063	49.12046362579509	0.14925082576805726
2.221753375524413	0.0019211558781496475	49.21476910864373	0.15030467496676464
2.225367689363501	0.0017086829071422767	49.26177304275933	0.15030469927529796
2.229243920105964	0.0022716056162461144	49.116763034398744	0.1525952219577138
2.2328091952072366	0.0014374957598613154	49.337166787451146	0.1492508173780537
2.236953167795436	0.0026030912591771967	49.055504260577315	0.15259522419490104
2.243070398502258	0.0034677711157111066	48.946725431069076	0.15030468301670602
2.2478467276152934	0.0016911025811063777	49.247747515261935	0.15030470075870775
2.251984851192499	0.0024145312291507324	49.082010405719885	0.151418064708837
2.256836712333752	0.0021046082666694894	49.151842163441195	0.14925082215893082
2.2609490933646743	0.002071666117301604	49.12740308484604	0.15259522755585628
2.266651858035229	0.0027666991095386157	49.01888837768543	0.1492508215392387
2.271489600916352	0.002746150850064438	48.983560691537846	0.15384082313973615
2.2769827025534184	0.0027688134000898516	48.99499115031977	0.15141806608111308
2.281775733158219	0.0021120944127929696	49.11893706249618	0.15030468252966456
2.286470260437744	0.002417560776938154	49.045806495418674	0.15141806462988694
2.2901926509818944	0.0019109640842598738	49.15846822525047	0.14925082249759763
2.2951687859513825	0.0025398587212144314	49.000969454785405	0.1525952252356543
2.3003173293358	0.0024056482121709044	49.01885815270777	0.1525952301638202
2.3049931005372706	0.002421027067500032	49.03690699830847	0.14925081791833525
2.3096277005654517	0.0024850606000947923	49.02941070868576	0.14925082705558992
2.3176003753738934	0.004554560527453096	49.09348140726953	0.15726458109322522
2.3283660181601276	0.005183455526114122	49.02782690910074	0.15699196330654172
2.340346443495733	0.007203784402622148	48.83152929159414	0.1604089931775084
2.3525033536516604	0.0056036087132822045	48.9314371672083	0.16040900075408623
2.364223169090372	0.005454684523845122	48.96417097185648	0.15831295368994663
2.3771406195336384	0.007942116064626477	48.79672231855045	0.15801981049285804
2.3917122823964148	0.0051198692849500505	48.971536655590995	0.1583129565065328
2.4029444516085245	0.00810755796529475	48.759171356236955	0.1583129557583731
2.418220612069497	0.00662327709485676	48.813673336630224	0.15975484907825893
2.4302771823594	0.005270610586853754	48.89857831836543	0.160079674569474
2.443027172265425	0.006255562457762916	48.808409663797164	0.16007967623370936
2.4553588297825293	0.0066331225203962695	48.77636157419421	0.15943441412366363
2.4653242512777407	0.004321838716005453	48.998238204038564	0.15891087602417348
2.4769752911441625	0.0063110490834623065	48.83460281318795	0.1600796774410224
2.491390913128197	0.00864862005913154	48.666584906191545	0.1604089950321829
2.50380369764067	0.003460841398721952	49.06280391926598	0.1580198097921051
2.5195443546292564	0.01144302477679709	48.78705143164449	0.14468389758119163
3.5389090236075624	0.0014592609105834582	47.88668386502652	0.1594344284151646
3.5422607195415754	0.00212681779054328	47.71702005741805	0.15966269019699467
3.5467304793566345	0.0021946235001250223	47.701719950093384	0.1596627107197698
3.5525740073342087	0.003358345023167026	47.636891513626736	0.15197074762550872
3.7901197450037456	0.060024918289690955	47.320065102863616	0.16753462042691086
3.8594142597112846	0.004403788210957752	47.233929131031005	0.15102529286830385
3.9519436410861593	0.006906093151435633	46.980418380458715	0.16416205784208068
4.022810004900262	0.0021250535402080268	47.130792956355315	0.1694045676572864
4.029520641584111	0.003787054626283145	47.07689830157434	0.15494170402104318
4.085490183902897	0.002124439356307522	47.06529404967367	0.170502450924177
4.090621205444404	0.0040325420305738855	46.888618830792154	0.16232258824336576
4.145356317770392	0.005541345774590138	46.66683029983998	0.1647483713419267
4.194547959458977	0.00406113062748934	46.834541323750145	0.15883515198728718
4.238887912405473	0.003457689326337283	46.774697398809906	0.16585903963259024
4.306567315004348	0.039421854237945524	46.53541616731298	0.1519314997515387
4.5931882390970165	0.07303852330664473	46.34346439616544	0.15363300127278118
4.750522273900667	0.06641221881709496	46.14181632950997	0.17174466517082923