-1.229870604748447	0.0393026724551842	51.29252818861964	0.11915039988260336
-1.0677578187528323	0.10823539024397008	51.04169575872597	0.11471334187878685
-0.8744251294674072	0.0866855304452852	51.00793140347868	0.133778635109308
-0.7540613880791804	0.03942158848057908	51.303444788473406	0.11910070711233277
-0.6706303280362002	0.043375230593424526	51.30122551646625	0.11975244650764827
-0.5568121135249051	0.0667503546945885	51.37317240451182	0.10806416892654677
-0.466713707560409	0.027122216362299473	51.65077404512914	0.10889183247281854
-0.40961262185212943	0.02972583778115341	51.672184404559076	0.1162306177775928
-0.34869512308424566	0.03100258099131053	51.576280759000966	0.1377460021974707
-0.3045164610644588	0.014001971619283743	51.584502887076276	0.11285565120197368
-0.277378361695143	0.013153795742450734	51.39057889427341	0.11920520632349928
-0.23164279269311194	0.03157070331250776	50.838192210533144	0.13019010098219003
-0.18669505491346966	0.014233330160651644	50.75299253969533	0.11081477126477177
-0.14596601959593847	0.025918357972400923	50.44531963288287	0.10826175780309014
-0.09990085867618065	0.020396252320263368	50.621761570255885	0.11287904962882075
-0.07719489442934058	0.0027653262211020076	51.12314207101533	0.11429871212011085
-0.05825660228749108	0.015883979940375388	50.743950374329856	0.1295859697870215
-0.03506123482071832	0.007528942264855319	51.02345888621876	0.12078838677651453
-0.015434307863934515	0.011993772020910554	50.93311749979934	0.1340479397148025
0.007914205163124466	0.011365990178526806	51.19239611611239	0.11849418949038881
0.030071239430264685	0.0108006586886066	51.406137238716894	0.11348936103232855
0.04284239994519645	0.002097534328681027	51.89818141314975	0.10976720589191784
0.05115251989619396	0.006173340219679305	51.71623170114558	0.11535530818931966
0.06532325455646948	0.007966878868391319	51.77745817175805	0.12053064554465825
0.07516939204909134	0.0019470723308170823	52.254872988068996	0.11214151771689335
0.08479723909455628	0.007617530986057566	51.74281459769065	0.1929177449618132
0.0997711684432363	0.007359364273403829	52.076438382206256	0.10396297429585642
0.1213063946889047	0.01400667557487622	51.78162384938898	0.11619839471034152
0.14349086144114098	0.008318224170959577	51.805805962506284	0.11457583530936455
0.15660016085138084	0.004842532801241456	51.85326733076126	0.11574704703737917
0.1755507533631221	0.013907313136930674	51.52270660391069	0.11656926130297042
0.19073476950670198	0.0014921645146002524	51.88186611098423	0.12020121952350785
0.20105628956323884	0.008742717352037518	51.39246971746327	0.13574860399171304
0.21397626569677464	0.004243228958296223	51.56773209566056	0.11682886840796497
0.2492766021777254	0.029991812414151765	51.094739052342774	0.10166183806827292
0.2807108423710166	0.0024258873540099163	51.448872522667145	0.1125440055708375
0.29502757311730965	0.011736102777687173	50.91121770028964	0.1424158769042865
0.3189994546235514	0.012216441166263426	50.89610621864696	0.1166015700604455
0.3385435614029242	0.0074320043617703245	50.89821045546332	0.11673714951748439
0.3562277343354747	0.010193509756296674	50.921955643277435	0.11741324756194638
0.38768005214585455	0.020859029866212575	50.994091328642995	0.10370433962316365
0.4116573890100723	0.0035888398579462443	51.443087376300454	0.12071839675961031
0.4461398901286703	0.029834178780367468	51.17331750296036	0.12768929571482038
0.4819175926788185	0.006868729190292453	52.075769114725894	0.10996889771301978
0.5056777665120736	0.01661887214913869	52.17640214614465	0.12316880393378533
0.5383756799840905	0.016083739816271956	52.400614172075834	0.11760884511384438
0.5561031064793603	0.0019300547351251253	52.54762193013429	0.10943082598674465
0.5643871642868322	0.0063119610894707915	51.962939556156144	0.1444701210449074
0.5737533776933609	0.003088645777275702	52.0507476779818	0.1103245878612865
0.5786673059584698	0.0018323373152119278	52.016689324027176	0.12038838929435315
0.5835262558982189	0.0030199185215218326	51.77483843090325	0.136972192346699
0.5895244792323896	0.002978495870830793	51.95298884759623	0.1150877000801477
0.5960282282840871	0.0035210687051215293	51.97576538904027	0.12471456494733524
0.6035909778350989	0.004036998048182703	52.149156548565614	0.1051479574686248
0.6087506329740698	0.0011398057405789237	52.43097450625617	0.11668198986775476
0.6149747496591279	0.005056141704075228	52.142983099799636	0.11528172707041004
0.6227694886584237	0.0027590018579239095	52.26816350828934	0.11199886630842144
0.6260677343471225	0.0005476256011271374	52.5598658641608	0.12018669649516699
0.627707511640465	0.001091123630186063	52.3803123537453	0.12450625615794263
0.6293411208644618	0.0005435135258572746	52.63196892752687	0.10579713307019488
0.6309686082480125	0.0010829611190529655	52.4006202813311	0.12318311780301562
0.6331291477640496	0.0010775869546818765	52.42268250299631	0.10638025586848014
0.6352789913572833	0.001072265867182376	52.297605393947336	0.12137879919949152
0.637418245994292	0.0010669970702071657	52.276733168673864	0.11029950803309345
0.6395470146876557	0.0010617797986677356	52.27446839849757	0.10559538292179808
0.6437735006331943	0.0031544905230722754	51.93523701570769	0.0994482489615566
0.6474382339690895	0.0005213306315488054	52.165252310957975	0.11722673683759684
0.6484796461707786	0.0005200820095228396	52.16566297374385	0.11538038546817586
0.6495185655547385	0.0005188393561212592	52.13559571403083	0.11495879169391984
0.6515889805735381	0.0015491153288419613	51.75932255466491	0.09644628320469502
0.6536495715913601	0.0005139275573712952	51.62071173607076	0.11498272818609798
0.6546762113193011	0.0005127141058183876	51.632207868371715	0.09444680990497431
0.6567222411710877	0.0015309129289889831	50.98539528388022	0.11501887889434721
0.6587586765298662	0.0005079170605859918	51.57694166121758	0.10151938037881825
0.6607856074590152	0.0015166561291084385	51.66871544574709	0.1055914125085065
0.6628031227643939	0.0005032089473231387	52.23447230777295	0.11197885537044812
0.6638083753821699	0.0005020455267841336	52.36073042405527	0.11416684789420582
0.6648113080272983	0.0005008874717776604	52.47124713672239	0.11436541275536648
0.666311376871023	0.0009983207455745902	52.11219512771117	0.11496436196623834
0.6683034422498407	0.0009937520342227484	51.900469222457964	0.09878322019936177
0.6697915180589219	0.0004951764240285606	51.85209226292935	0.11120680494935498
0.6712745124994951	0.0009869768368450064	51.93751420202893	0.11441139479424389
0.6727524601564395	0.0004918118821942323	52.37276771094965	0.1117336819635281
0.6737349722327043	0.0004907005051055208	52.58301283245849	0.10943778431451158
0.6747152651117262	0.0004895941412289635	52.62708984268445	0.09548824693838323
0.6761815701979185	0.0009758878314437888	52.25710367317636	0.10621135173340758
0.6776429398143603	0.00048630477896421514	52.24041685227742	0.10798992046675333
0.6786144624286984	0.0004852181244972761	52.03087894091908	0.12518882633474845
0.6795838151409782	0.00048413631709910004	52.07495672524429	0.10192623249034535
0.6810338016278544	0.000965045236315117	51.803231954431865	0.09936595120028756
0.6829596155127412	0.0009607753616969363	51.68745839199299	0.10695763425938883
0.6843983934245154	0.00047879883368867615	51.799843654753836	0.10657453611598344
0.6863093778254691	0.0014300899483922346	51.521555579303126	0.10627603594775803
0.6882119903294533	0.0004746128439841679	51.76398903083111	0.09779802410735583
0.6891601806861366	0.00047357775734962505	51.63973960095105	0.14938593716627405
0.6901063053783884	0.0004725471757460996	51.92549362404344	0.1061537031002519
0.6910503719816402	0.00047152107135213283	51.99027922530763	0.12125454378373149
0.6919923922316612	0.00047049941201691634	52.25661404873619	0.09743130968311671
0.6929323721852866	0.0004694821719441169	52.318089586181685	0.11125056314983621
0.6948062529113769	0.0014023824851606196	52.46835459054354	0.10767135081229093
0.6966720825352825	0.0004654568163933344	53.06510421581848	0.11248444265932106
0.6976020003794862	0.00046446123954455286	53.026538383576174	0.11705884683784022
0.6985299299420592	0.000463469914006563	52.97008653097501	0.1042148319630571
0.6994558824609268	0.0004624828096709375	52.686264341597514	0.1388394709344526
0.7003798649702918	0.0004614999010947967	52.705363717585584	0.11149874862841015
0.7013018844624902	0.00046052116303863476	52.481132710848385	0.13161262016562092
0.7022219519969678	0.0004595465661167566	52.617286498147614	0.09492129175620724
0.7031400730906042	0.000458576086988488	52.405900619762356	0.12272657016302273
0.7040562586862448	0.00045760969673757073	52.443443685485576	0.1069320649737979
0.7058828509373812	0.0013670672554841772	51.98350702894038	0.12460756330471623
0.7077017933689492	0.0004537845275452434	52.05272009038005	0.11788121210036555
0.7086084145809176	0.0004528382075496717	52.04220698441797	0.09908034121319716
0.7095131484442468	0.00045189582484106026	51.97632734508862	0.11609829397625328
0.7104160014593818	0.0004509573562935614	51.981769540418554	0.12297093406007806
0.7113169800891123	0.0004500227789614083	52.09817532328691	0.1128286943976222
0.7122160947740385	0.00044909206592518957	51.958288179598085	0.16749182694046794
0.713113351877627	0.0004481651946454742	52.24230958006738	0.10456867173772663
0.7144557699792408	0.0008935640810324397	52.10729540258798	0.11018522584655108
0.7157940514069717	0.00044540739766434415	52.33722398591137	0.1079580108315581
0.7166839543172395	0.000444495657963555	52.418435238154075	0.0933181745232559
0.718015398310906	0.0008862700526672962	52.05642223927653	0.10871978152936192
0.719342772885415	0.0004417826992560174	52.15359774113138	0.09467857042468301
0.7202254411740924	0.00044088572359716685	52.15169371241651	0.09888699348992376
0.7211063178378782	0.000439992384244317	51.86553940286208	0.18931225456096268
0.7219854127498636	0.0004391026564837924	52.196529592989876	0.10449776055578859
0.722862731800057	0.0004382165197761446	52.19060459392949	0.11743370672587408
0.7241753949839594	0.0008737880036678744	52.12359035642366	0.1120615666895057
0.7254841025717295	0.0004355794424735956	52.337375114361734	0.11177753185882845
0.7263543893533296	0.0004347074547314721	52.35505463876755	0.1112301576815731
0.7272229356462959	0.00043383895128367914	52.22823663470859	0.1384658011053024
0.7280897471079845	0.00043297391257445086	52.3216109173421	0.11688709034900349
0.7289548332278958	0.0004321123153494832	52.39067269738815	0.10425521911219135
0.7302492393317216	0.0008616526610559761	52.15401282017295	0.11826619949137399
0.7319691348661125	0.0008582470870116483	52.23187691423248	0.10302858240175171
0.7332546006086299	0.00042785526111100564	52.217268827986956	0.11900602023864613
0.7341094696716904	0.00042701389541403715	52.17089842635872	0.11099016910348435
0.734962659308256	0.000426175832268063	51.95145738964751	0.1467258683812315
0.7358141748363821	0.0004253410535077651	51.967015963656415	0.11067922014405181
0.7366640253407911	0.0004245095373902811	51.917035891041074	0.11511261581748651
0.7383587522044818	0.0012685686653387599	51.78028280389301	0.1278235305002259
0.740046891513478	0.0004212157343752425	52.22295721550622	0.1134700927916872
0.7413087045619623	0.0008399873937405648	52.17366188517215	0.11634308875068862
0.7434036121811086	0.0012539179511234801	52.15772834132908	0.09927302357794308
0.7450722925566459	0.0004163697643615044	52.2244470775153	0.11577409087641215
0.7463196090043348	0.0008303512884956582	52.067693748395435	0.10703782518846866
0.7475633533508176	0.0004139883538572141	52.25739538209523	0.11120470388341124
0.7483905422402214	0.00041320059195018447	52.26394681119203	0.12947857451142486
0.7492161573710255	0.0004124158235177414	52.53581416453039	0.10369318184933964
0.7504516464663501	0.0008224884849970042	52.48018532291855	0.12438554128007491
0.7516836295650625	0.00041007930017622	52.857936341873604	0.11729398123424219
0.7529121289429844	0.0008178418759773274	52.88680320853837	0.10592196628790346
0.7549519356911395	0.001221014429438574	52.83681221942776	0.10669539299670856
0.7565769107570449	0.00040548478842971936	53.14964282616401	0.10161660091063239
0.757791664707051	0.000808704404073123	52.94656621828517	0.12015439404494481
0.7590030303750316	0.00040322592502424855	53.27204464992126	0.09365218576883112
0.7602110266101195	0.0008042118096340777	52.72002240532457	0.18873889744524144
0.7618164794011116	0.0008012443747664436	52.96149067313764	0.1015311746670376
0.7634160185852491	0.000798298759367026	52.843663315617356	0.10927519602272624
0.7650096887506849	0.0007953747214898218	52.79551109297007	0.09987970509607219
0.7665975316304326	0.000792472027062035	52.56867735478651	0.12898522884499705
0.7677846158733129	0.00039515443572319715	52.747441185246615	0.11157443400388421
0.7689684642275086	0.0007881574929136702	52.42210745710439	0.13429745708441188
0.7705419256781566	0.0007853071421238377	52.455674142007666	0.1107271808874645
0.7728914798279186	0.0015621401284794775	52.2348016633829	0.11384845556809924
0.7760045759988415	0.001550982482015273	52.22434218519394	0.10287572180726698
0.7779389889215972	0.00038602238383542376	52.452009941597865	0.11322458008894062
0.778710348683365	0.0003853373696985862	52.44278642347936	0.10652885394282391
0.7794803408451493	0.00038465478243214285	52.27299548060793	0.14524497642059236
0.7802489691034696	0.00038397461017375726	52.43615021687378	0.1173324166194048
0.7813993685633823	0.0007659176971354926	52.54033388316677	0.1053276588512564
0.7844522835254263	0.0022816574535594607	52.737596136347065	0.10297727905366505
0.7874838878232012	0.0007552619144366255	53.119176227757045	0.10910878748027278
0.788991790529508	0.0007526441361490463	52.69325055928737	0.16171240639007764
0.7904944763545344	0.000750044440935886	52.646432909046794	0.11581500993175055
0.7919919807165011	0.0007474626430293191	52.37725750376709	0.12678020900192077
0.7938566285353658	0.0011163904261408373	52.283259597542646	0.09143172316708893
0.7953426036964909	0.0003708590432381915	52.372270014168656	0.1024600185881867
0.7960836895217406	0.000370226744116374	52.0134196914677	0.20501751898916484
0.796823511800837	0.00036959659834916126	52.32371662593476	0.10080747341527509
0.7982993880193544	0.0011050281560469112	52.04358805190777	0.1001916727028117
0.7997702653397808	0.00036709731828927903	52.20652379695411	0.1154485839924556
0.8005038404733259	0.00036647777056504036	52.26161535561242	0.10838076656872304
0.8016018839990552	0.0007311047220385938	52.176035482086895	0.09454237367661614
0.8030616376647076	0.0007286514529895106	51.82362369474323	0.19227866732490737
0.8041532418576195	0.00036341113947017695	52.298411193440614	0.10070627363098839
0.805242108628372	0.0007250022665497881	52.12700618010612	0.11058335957011511
0.8063282532870356	0.0003615956722334805	52.33132126780487	0.1112158819250102
0.8070508424779891	0.0003609945412278607	52.145093829042146	0.1484095410722583
0.8077722324791686	0.0003603954047018684	52.22356823969729	0.11695674386987585
0.8088520751464864	0.0007190008400178924	52.092144446841864	0.10595816546440194
0.810287701604676	0.0007166279974510401	51.805024457788136	0.16178394548321207
0.8113613149830617	0.0003574293096124818	52.16958535476824	0.09532019312547868
0.8127886844370388	0.0010687694899266134	51.6354695265298	0.10575697396693746
0.814211377653009	0.0003550913553609134	51.63387362319815	0.1004899750756084
0.8149209796544891	0.00035451163858609905	51.49571218642584	0.10751062855500206
0.8156294251696602	0.00035393381074009004	51.329157860940626	0.1306751030976213
0.8163367169106216	0.00035335786346250766	51.61177844434376	0.11276395577004505
0.8173954983473138	0.0007049948988618742	51.66680946521417	0.12741017671577579
0.8188032044658095	0.0007027134538875533	52.07428179868769	0.11827391531998564
0.819855997594778	0.00035050601855939355	52.575524718085376	0.10997998935466405
0.8205564448496844	0.0003499411642721395	52.746105009308884	0.11160112388601506
0.8216050010317354	0.0006981945780289823	52.44929935205956	0.14290202218075207
0.8229991497894703	0.0006959568650090403	52.44474750150426	0.11529767627852801
0.8243888379597913	0.0006937334490752581	52.331217313879634	0.11601188771563122
0.8254281934868367	0.00034603759405184086	52.43981567676236	0.10973317561410735
0.8264650675609561	0.0006904248358529316	52.20561179921991	0.11469060345035577
0.8274994720028307	0.0003443911679395895	52.30140762461748	0.11837382137834233
0.8292180232583787	0.001372124267367596	52.08753433940959	0.10003707402538463
0.8309298003030395	0.0003416816667562405	52.29111946298241	0.11436712229037424
0.8322943809779858	0.0010218292987908201	52.162475719966814	0.08942203304506345
0.8336546878178378	0.0003395445698614986	52.224949476649456	0.11448668584274985
0.834672128329698	0.0006775000702707832	51.968639569955975	0.13327914671115051
0.8360250192757662	0.0006753928421475361	52.04962763741644	0.10695274368975223
0.8373737088527967	0.0006732986816013288	51.727617376766	0.18304116785375207
0.8387182225744246	0.000671217468226642	52.07651937294321	0.10013357274958572
0.8397238830542445	0.00033483249129737894	52.293732620459714	0.09590081162958393
0.8403930326271384	0.0003343169873962861	52.024482391530675	0.1598401688599791
0.8410611527777859	0.0003338030683817923	52.23804235325422	0.11518325473864913
0.842061408758442	0.0006660702926639256	52.1224395306253	0.11282861898061437
0.8437234005416786	0.0009952892914883243	52.20634704261151	0.09447814929991792
0.8450484299277515	0.0003307524328536253	52.341244542955145	0.11957102137028411
0.846369428296898	0.0009892437240046654	52.16099606942347	0.09570596560884316
0.8476864207523253	0.0003287494663387293	52.25257049974336	0.11319356282134127
0.8486715510369164	0.0006560091876686068	52.1602874771079	0.10035519445313622
0.8499815917830532	0.0006540333304472046	52.10749012784132	0.12524735669140594
0.8509615349253427	0.0003262796158647094	52.27929383823958	0.11803831147658375
0.8516136047381616	0.00032579009215407946	52.35113826608773	0.11782820485157826
0.8522646969708184	0.00032530203512701444	52.344559228084904	0.12060522365555248
0.8529148135820673	0.00032481543892578303	52.32820511186505	0.10268146867807731
0.8535639594230634	0.0003243302955578097	52.12998949886961	0.11186540081769913
0.8545358620318907	0.0006472105841470842	51.6829595820365	0.12244709771390241
0.855505594486747	0.0003228835226854641	51.707034403803306	0.10526486742739026
0.8564731659774206	0.000644329932315726	51.532752001212515	0.10398980746558903
0.8574385875494662	0.0003214496000223371	51.73925224385835	0.12022940406296666
0.8584018668262098	0.0006414748089796101	51.66882916842726	0.11297425670877366
0.8596829253964086	0.0006395854089876592	51.90867027656889	0.1093371292536582
0.8609602162797411	0.0006377071063874492	52.0421787510797	0.11803860569096822
0.8622337610995813	0.0006358398043880517	52.09451931480142	0.1437028971959386
0.863186475565468	0.00031722324376798686	52.39020752744855	0.11692726246374872
0.8641371036863864	0.000633059265062562	52.118586347145346	0.12220012397531303
0.865716875012822	0.0009461409877790391	52.031950008204674	0.09333824512651681
0.866976567399378	0.00031446687858368227	52.025757251068406	0.11271623775204458
0.8679189453657316	0.0006275705099690825	51.795493251803705	0.11299848824781047
0.8688592819546358	0.0003131065805775102	51.858500109426295	0.11356750497110983
0.8701099065263723	0.00031220623408083055	51.73750612954008	0.11662137464782894
0.8716681383543904	0.0012443522294311952	51.856847343084475	0.09500455300049511
0.8735306672075479	0.0006195135443073484	52.3094028096008	0.11065241668282955
0.874767930402503	0.000617751121502275	52.34011000268598	0.16570968793572158
0.8756935695237119	0.00030821793592566277	52.70531921739382	0.11525588489321084
0.8769246949930661	0.0009220363375532349	52.551623091523496	0.10623095645258644
0.8781523400619472	0.00030647788166271233	52.85210096859988	0.10674164930435562
0.8793765246558739	0.0009168456046459417	52.591869762008876	0.10316756658121554
0.8805972676232322	0.00030475736480617687	52.832844138021095	0.09732937804405582
0.8815105791976624	0.0006082342806287027	52.40755893810231	0.144308238300118
0.8827253470027155	0.0006065353618631673	52.525944517642834	0.10717099381093105
0.8839367268992061	0.0006048459068670148	52.41902518895035	0.12674363556807877
0.8854462154005395	0.0009041209164505265	52.084296407155016	0.11985705985634566
0.8866500400151381	0.00030053941536166407	52.11313588510274	0.11740293195341513
0.8878505366620578	0.0008991293932253644	51.654493002781685	0.12368149421691775
0.8896450827902539	0.0008954217704088267	51.458778123110235	0.10118613174925045
0.8917293906470424	0.001188179562486892	51.85450646349453	0.094561063483632
0.8932120813811367	0.00029603250209582965	52.393089506554674	0.11196966439806227
0.894099272114454	0.0005908567493131035	52.37435989727181	0.13445384015843634
0.8952793805588989	0.0005892533935877513	52.685557521102375	0.12029232398495182
0.8967500212911329	0.0008808920909008402	52.26339253363162	0.21943492710915913
0.8985082416996589	0.0008773330506261177	52.33020661723764	0.11749183805702758
0.8999680075947912	0.0005829260522445592	52.256761773984245	0.11010190017544412
0.9020034710880794	0.0014505009263774064	51.881810278028524	0.10101778125667062
0.9037405931539956	0.00028894213941011034	52.33974453138354	0.11638647837127097
0.9046065561182147	0.0005767331525179409	52.264322741067154	0.12476908464745116
0.9054707949704547	0.0002877933021230707	52.576465486612776	0.1133770554844768
0.9060460007965859	0.0002874123836137643	52.58443798359324	0.11474398587768606
0.9069073831810467	0.0005736857861030718	52.556224685326384	0.10861767655605353
0.9080532419726602	0.0005721741471443733	52.37235797885423	0.12764277745673963
0.9091960850164275	0.0005706704540245205	52.36669190092991	0.11515918937124446
0.9100512478092472	0.00028477393047026707	52.528008858527556	0.10713099390433252
0.9128896915778303	0.0008487563576403059	52.15315832077297	0.10494026166644316
0.9143019868699868	0.0005640004961760659	52.235549927450975	0.10482918608911282
0.9165521491841021	0.0016832575784864183	51.8113775880531	0.14206618799825754
0.9196272092338315	0.0013928176845367382	52.036547561991135	0.09823436601121185
0.9212953822652489	0.0002774955959738311	52.2999883966158	0.10990401974971785
0.9226806489363958	0.0011064475198809336	51.93484945156014	0.13200788909659383
0.924887925030457	0.0011008383318660013	52.13071790182522	0.11305444682134665
0.9270840398864612	0.0010952857280482424	52.02213938838516	0.16304208274562038
0.9284509938512931	0.00027296092637960333	52.54543508863982	0.11794555631743703
0.9295414668731802	0.0008168292199252484	52.40379435269714	0.10697210298585504
0.9325262273325617	0.002163292461672542	52.3041367799505	0.11083654502286078
0.9357591034205469	0.0010736243805272185	52.48319642515595	0.11378394802284895
0.938701579788651	0.001866155965679765	52.26811760713947	0.10972210564888396
0.9426821870550387	0.0021132908720683115	52.093498417943444	0.10654671555710046
0.9461027786024573	0.0013104447129595183	52.033888265450344	0.11126279286917623
0.9492365127471755	0.0018214321772977986	51.99716335861245	0.10524989054494455
0.9518307946391152	0.000775964650777294	52.220730578178184	0.1206549288543656
0.9556933900080583	0.0010254584747012854	52.30233827473805	0.11966892975948218
0.9607906520621284	0.004053972588751718	52.24942452664847	0.10337793122109269
0.9668294316564389	0.001998996494803766	52.55545204218092	0.11328464258485521
0.9698176224019904	0.0009926447413068635	52.6323880228084	0.11223488157559167
0.9781741874358904	0.0073029536541755966	52.037929923993055	0.11122503736620515
0.9868504846162097	0.001431700718877843	52.157625543349255	0.1203595228568576
0.9934808827672806	0.0051700325254280975	51.75504374333904	0.11653677022601283
1.0036997746748466	0.0050498023884043355	51.37118515635382	0.15923000183455785
1.009627089915473	0.0009057000227881867	51.85025079230165	0.11854645502633834
1.0165901460924691	0.0060162392035725855	51.25919359940608	0.15605341494248676
1.0245386160459833	0.0019690437720201945	51.604267152847	0.12043820292302265
1.0284589558778903	0.001951349362306894	51.62680101241015	0.11434885279255554
1.067022847071295	0.035115745800462464	50.88695672219488	0.1026390830675843
1.1321220648368815	0.030227531246986326	50.54902839992031	0.11424031830178802
1.2812968142433503	0.0015408113176641717	50.425106596692586	0.12065446616573157
1.2848220573187623	0.0017370401742926212	50.464298439279645	0.11745396009954044
1.2881705394833194	0.0014742602874313648	50.46301395173315	0.1202762796394049
1.2910345553814175	0.0018754915079017397	50.35304764518871	0.12065446616573161
1.2949750261775947	0.0015661963158806224	50.436704981118034	0.1206544661657317
1.2980046001434684	0.0014927922767159392	50.4692357588179	0.12027627963940489
1.3011543061135074	0.0017242094035401626	50.388768923057896	0.12065446616573161
1.3044494093297483	0.0017878857239362624	50.36449888620873	0.12065446616573154
1.308098297955758	0.0016968600207220726	50.37735094283451	0.12065446616573174
1.3115252862095783	0.0019801121029390956	50.30153730787826	0.12065446616573157
1.3154112838478529	0.001663635446595523	50.37489490427198	0.12065446616573186
1.319505953247421	0.0025828845811677248	50.37400522979363	0.11428290325104092
1.3603921413391893	0.002178262125759937	50.270929134805684	0.08374384827303513
1.3654460733393665	0.002667000627051266	50.17470495155456	0.0845513190160421
1.3704517332579171	0.0024120072421625963	50.20238868684464	0.0845513243250369
1.375224760239477	0.002161227313897333	50.24061126880644	0.0837438552069893
1.379458213411608	0.00254367512928917	50.1454377071974	0.08538399043565922
1.3848358284403899	0.0026698431264544167	50.13800561999605	0.08319804976607797
1.3901193853215443	0.0021190040771933184	50.223497401441655	0.0837438448395926
1.3936593770234906	0.0019451604701954434	50.25631735011902	0.08374384483744586
1.3983888871143662	0.0029000142725895276	50.071505336409146	0.0845513228000835
1.4042919964106622	0.00283348609255867	50.07762380706183	0.08374385638357255
1.4101204450029163	0.002559360751357949	50.098015520461445	0.08455132475884553
1.4158850356194677	0.0038806042528155564	49.91130238403148	0.08374383725022934
1.4241011453830983	0.003533241764861736	49.94200040951083	0.08374384941587414
1.4305656414611723	0.0036614257186902647	49.92016910692973	0.0837438570404423
1.438317115277734	0.003343517781485414	49.951757372830315	0.08374385438941956
1.445493002535081	0.0043199548575428084	49.833500248602235	0.08374383428971095
1.4530296839605543	0.0033606169176068168	49.92989183913326	0.084551321357127
1.4610027661836318	0.004286525257262477	49.82216310182972	0.08374385711910284
1.4687927792544704	0.003453211815680345	49.89718077100161	0.08538400444806453
1.4759312578857138	0.0040894529039281	49.827599145772155	0.08374384469407503
1.486472773742292	0.00566988231090977	49.67606416103968	0.08374384869131815
1.4971441383297415	0.005403304101187898	49.69008038748646	0.08374386231294889
1.5074516365938653	0.0048142202845566015	49.733801257329915	0.08374385924893306
1.5182543013881755	0.006378838396495611	49.60471274696161	0.08374385028493116
1.5319756774975248	0.006829951821277865	49.560480284743804	0.0837438265041639
1.543743822997477	0.005914284488585077	49.43154435062685	0.09543960495457514
1.5566849508006726	0.005875573132834638	49.401030045831305	0.09872145889300259
1.5673750449662442	0.0053706956895296035	49.44894250974944	0.09589006533921643
1.578010222347575	0.006032929790162782	49.380474332003175	0.09543960783290897
1.5894798005187964	0.005035665294814275	49.449382500589834	0.09543960448611971
1.6046105648353342	0.008296715016884677	49.219760603618155	0.09543960355626216
1.6203014601061208	0.008411580277601988	49.20063787368251	0.09543960129442759
1.6360744208389604	0.006952960816388695	49.26908769674647	0.09543957077049793
1.6521282546637979	0.008579184897737895	49.16118005651657	0.09543960166547816
1.673803665010921	0.013424669010130848	48.9442751974874	0.09543959105541697
1.6974440549733965	0.01141828684059485	48.981956866362836	0.09704434817760466
1.720306997500869	0.010347848952461937	48.992341006199666	0.098721426820814
1.7859006202299907	0.052266449180892315	48.534102285601755	0.11172190204258835
1.8638457991608308	0.019854181486730346	48.889615802777826	0.10991857802809808
1.8994751557042546	0.016460827662908968	48.92620903879407	0.11068987773935203
1.9311978294492582	0.013602005147093685	48.9774821652975	0.11103090384029457
1.9584558872773528	0.0175642601311716	48.86610420735894	0.10895749449370837
1.9998274980542394	0.02032395487313705	48.731412200242225	0.11068985327390482
2.0460283771124845	0.02871410205497948	48.58074259927794	0.10733361028712529
2.126999401131325	0.048743063805005905	48.26746124012064	0.10895747700810529
2.1977176163949967	0.02393066959290066	48.04363225371999	0.11141194021171416
2.246007612076836	0.01976547200747996	48.12961685389063	0.1073653132786876
2.2859505613979474	0.024038057443394458	47.959530468952394	0.11068987482158578
2.3303856462389496	0.021022179760569536	47.95373356409362	0.11177791723237744
2.367502446896983	0.018677407507899094	47.96085605459483	0.11068986124758698
2.4030367887032753	0.013194627008079794	48.074770932559616	0.11068985810791575
2.4366796108701068	0.019643525350245473	47.864880521100986	0.11177791143762825
2.467071419171468	0.01336582914605162	48.01756613878843	0.1106898738778484
2.4920291708984017	0.009815076392290649	48.13203635706362	0.11104927336532522
2.514481908146511	0.012871277124258038	47.99473783084486	0.11177792888763707
2.540596251922298	0.01713516728522806	47.993060785427886	0.11212462095348688
2.574881738065509	0.014289662970753337	48.161038597078175	0.10996027455534085
2.5993470335195545	0.009126289181275967	48.125202226300374	0.11104925832477518
2.6159923698594416	0.008783121481764702	48.14345558282506	0.1114119304848494
2.63552983006915	0.010076158373028913	48.066915894232466	0.11141194782780316
2.6552720902761173	0.009307338005945808	48.066026196105156	0.11104926262046236
2.670793095293101	0.008980705475252721	48.039657142249624	0.11141194795833394
2.6908555909717045	0.007983720386374989	48.054040354855076	0.11252001887590529
2.7062151496738456	0.007991795824406426	48.049206466297164	0.10897445678393272
2.721367375805264	0.006890867253503296	48.068740399999825	0.11104926639735284
2.735853943184887	0.008530922309407421	48.1660945497838	0.11139710183775604
2.7578907203932923	0.011656432442856352	48.04470372203652	0.1117554842091206
2.7769252710638366	0.010186464020775013	48.085458835971764	0.1113971059666024
2.805047584028906	0.015003481204978485	48.13293577785715	0.09075235180813135
3.2051538466149543	0.002895352840038385	47.94256316660642	0.11164324488620565
3.21065800639632	0.002412177810316395	48.015507943534445	0.11068987048897856
3.216346420891063	0.0031743853060839117	47.888965098681965	0.11196616900534187
3.2225530733158054	0.003129307034124082	47.895197381370394	0.1110051361628228
3.228431757868709	0.0031730138373752964	47.87553706388036	0.11164322157980452
3.235788268587687	0.0033726699226335425	47.861427133014516	0.1106898681613335
3.24215546723007	0.00340666268403981	47.87696285178964	0.11100513080802869
3.2472316364854077	0.0018888708747909317	48.15327976655463	0.11100510587155711
3.2529924260798775	0.004214182773947497	47.80151087746869	0.11164326339811653
3.2608990390462016	0.0027852826017743166	47.96798382038543	0.10893369853403742
3.265750496570196	0.0027543416465179824	47.93117946895984	0.11164325319276154
3.2721226584014382	0.0034122032365491795	47.81729053612145	0.1126198585197802
3.27783656255871	0.0029848819754685024	47.89199193054971	0.10982100598800545
3.2848499978420036	0.0029370661511068886	47.864422391023176	0.1119661767890388
3.2905785336485276	0.00312157890399146	47.83790914256313	0.11261985533997905
3.297459748207279	0.0034382639454230294	47.83203193859428	0.10893367437967522
3.304419556122217	0.004751440720389378	47.66870305875108	0.11164324368668088
3.312224736948646	0.002050561690328478	48.024659910293664	0.11100511433801305
3.316705100346169	0.0027293461940628917	47.889701817040475	0.1113228885610967
3.321693636515242	0.002628971774562318	47.89682412967136	0.11132290955556573
3.3296397216482077	0.004619218501118201	47.638195322796605	0.1110051469561511
3.338623449653002	0.004324630951704516	47.732902366188384	0.10381669101017493
3.4997872901552993	0.00335147486446981	47.59151801115367	0.10922981179115182
3.5048142093551515	0.0015430022872891884	47.9001200924658	0.11100651831440578
3.5093723873607674	0.0025597820529460044	47.69049067796156	0.11100652750042908
3.5137337660229795	0.002222989898073514	47.7697584785102	0.11132576422606223
3.517321375477546	0.0018078534614592676	47.87550012369234	0.11132573844055388
3.522234581326577	0.002833874146195802	47.687444605549736	0.11132575718756872
3.528989671520783	0.0035198562286331767	47.574149340357366	0.11229895729835879
3.535277179023004	0.002876941616772006	47.524892662573805	0.12560415574922915
3.539840747703918	0.0019676969554160207	47.81369490831332	0.11132574087399535
3.5439983902590013	0.002197752895459755	47.75709764290555	0.11229899235612235
3.548458568008323	0.0022163357128999178	47.74981315902208	0.11197193331691711
3.553946361271759	0.002958520090011034	47.6010310729559	0.11229899573979295
3.5593116191029237	0.0024418444221871675	47.66474855810595	0.11197195228323349
3.564204426991256	0.0023353192111131536	47.66624122054733	0.11164755613383028
3.5699664204610997	0.003476104009874868	47.73225902437878	0.09124887496031947
3.6721169686002746	0.0014819181615068162	47.81831371197097	0.11140951234135349
3.6763555608230485	0.002415306039842366	47.59120917398547	0.11214228981391071
3.6803218358353664	0.0018480247081346277	47.67040558749191	0.11364865634990114
3.6845117823188325	0.002310367163763296	47.547801023183844	0.11140946995549462
3.688262653279832	0.0015170890827963743	47.72924917568165	0.11140951735007312
3.692081448997669	0.0021524932972599785	47.594004453649305	0.11214225633629019
3.6956146520944833	0.0020180665719918335	47.644219322096674	0.11140950199175531
3.700043185720773	0.002171297480870878	47.61025177574197	0.11104805938217861
3.704834093869068	0.0025769626661915684	47.50730006123733	0.11288854669364097
3.7100870614381236	0.0022630954803837967	47.40850834345411	0.1294520072975143
3.714100768871077	0.00210214052857408	47.43918426113331	0.12639604206927132
3.719162267746807	0.0033519722777968263	47.57052797694369	0.09419630564775205
3.795446321265892	0.0015339053075491002	47.69926171693503	0.1113774684201188
3.799284011941073	0.0020502475960947585	47.55832330635096	0.11315721188250422
3.8031014387912956	0.0019638089276411306	47.467282535636166	0.12444139812193496
3.807615252445581	0.0019887048088733567	47.58936485297044	0.11068982970950376
3.8115759525912907	0.0020602227564010824	47.486217943525844	0.12087137557678988
3.8151209145876583	0.0015992366588828476	47.69295660235416	0.11114692909409495
3.818533929483225	0.001961355844067591	47.5514414689347	0.1144178966492605
3.8218740721668283	0.0011371778462635586	47.79191935021508	0.11160930664029149
3.82483882097931	0.0017376052406788505	47.45903808157139	0.1262917992732371
3.828490308381099	0.0015507469545308894	47.50602503457434	0.1248058308316379
3.831625164082456	0.0023947849411557563	47.36490041287828	0.11946860742824006
3.891726970154677	0.0016943980563541555	47.39903896986824	0.12521236311441328
3.895831101971222	0.0019551322741444828	47.328961058373835	0.12521237709179064
3.899236329628243	0.0015921518740386552	47.561521730701536	0.10930033954689827
3.9029910093542632	0.002358591854467883	47.234261821176986	0.12637224754243176
3.906898433912004	0.0017081559425059145	47.37930209287927	0.12407968662723275
3.911101306500526	0.0021724996652938942	47.26769173792225	0.12483185444469337
3.914475453039751	0.001378219113883093	47.58705888199413	0.11164237700289167
3.9191141686586235	0.0033214389866182987	47.29697568890248	0.10314990730559753
3.971438981257638	0.0018132073879209988	47.285660105432925	0.12518094082675446
3.9738916372966875	0.0012328161113865765	47.453145935939595	0.12481103093382434
3.978152375721071	0.0027620244996713946	47.08573642247917	0.12592929875647746
3.9826416201513997	0.0015253884570808286	47.32865463390888	0.12630786992737875
3.9850748679570804	0.0013066039389700165	47.445310274776496	0.11947944205834504
3.9899196678572837	0.0026881857676448787	47.07241551066361	0.1248110312728137
3.9945011645943644	0.001998569372847765	47.386673970398924	0.1057237421181362
4.09588822917971	0.0023621588178027626	47.273249004507264	0.12507317332200735
4.101140418291892	0.003345443888711071	47.121509825343495	0.1262590212813822
4.109377992961513	0.004297743986170737	47.20517033208864	0.10483839565421411
4.145812278586872	0.0018152106081972378	47.13056581288153	0.12489882366134801
4.149503781073143	0.0012958883183235334	47.265100195804834	0.12552258567505506
4.152609122739868	0.0016849083488364254	47.14013406321126	0.12531373639232127
4.156900682774606	0.0022446711825915007	47.00848526649868	0.12489883022063027
4.1601364805202	0.001906790833692071	47.07483232833559	0.1253137396287461
4.193851694096632	0.0025166243096735137	46.92713625413623	0.12544342282348447
4.198831783225899	0.00171676646920277	47.0905141198058	0.12544342311483175
4.2021876112031595	0.0030882000688338723	46.86207542313616	0.12227911426538199
4.236022768468751	0.0014831730290722055	47.111441754862014	0.1263236786402169
4.241557278940453	0.004243354597188724	46.93499076033174	0.09811481092597846
4.274334092323756	0.0010184524910901904	47.22585893993713	0.12530367691285255
4.277393890127655	0.0018540541399135859	46.96226165643132	0.1257187129610689
4.28355619599029	0.013454137329643755	46.94856728823525	0.11764503964817104
4.49774981433996	0.023714843433238837	46.661751912265544	0.10725321654530334
4.535024230411794	0.0018372303241243843	46.74130618668788	0.12930604437593293
4.5546597037812635	0.0019138119418567901	46.737410765361986	0.12331516827804338
4.584284822364576	0.01968510953578463	46.56067528926238	0.09310193790063026
4.734002701367311	0.038672732141965246	46.34559485375659	0.09474235856216207
4.918290338854925	0.029236013406761203	46.161955469675235	0.10646503411706543
5.0053355362468475	0.013852990146235408	46.21248368491435	0.12898185538202703
5.0319587522937566	0.012676598809755456	46.16305811183611	0.12859946840695277
5.08969282841171	0.01940537773986752	46.24260230244279	0.13031725046417864
5.127887364495618	0.015340557862573156	46.13642617778396	0.12583141842868334
5.15821083616618	0.011826428806297024	46.26430098992765	0.12109894651374721
5.234839650039008	0.03903036487554333	45.901566907048135	0.13308109728828516
5.31721262869987	0.022618384669901757	45.70851834630125	0.131732395595988
5.370106169741018	0.04007460655469533	45.599688428309946	0.13987679570375455
5.519398109965901	0.07021117701181	45.44432600890953	0.12350304547839519
5.599588039101335	0.021127518831875188	45.50812706977844	0.14165671765039015
5.648927858265249	0.019778393333039018	45.56794190918005	0.1359448827888202
5.70119648552971	0.036027250978965426	45.07444050052827	0.190799849977472