-2.110750262396243	0.4136140458657998	52.0928132031214	0.10254065935948345
-1.6476393947557826	0.1423916133755411	52.345670615892715	0.09312485764890525
-1.4286480442149536	0.08599893248048732	51.85781659126747	0.16065125024232416
-1.2837502031870536	0.06160205771223835	51.91898282828763	0.10702257237553724
-1.1752906839695498	0.04798833700194272	51.722451264958046	0.11598286042325807
-1.0885770659158258	0.0393026724551842	51.606573602383115	0.10988870978116849
-1.016328789090202	0.03327927106952713	51.42136539827451	0.10782342657043123
-0.9264642597597995	0.054117692609784135	50.89062037337378	0.134635234315593
-0.8520443135681748	0.022797610512999486	51.12590961154051	0.10527294583544615
-0.7692683611423535	0.056524227014427046	50.91044147610132	0.09620909974769874
-0.6997720514145638	0.01605524981700481	51.03957341427667	0.11000500017486892
-0.6687931663256073	0.014949896376756769	50.965920517165	0.11839964926318734
-0.6398776830279088	0.01398693958883527	51.118265540436674	0.09150599560013768
-0.6127678492465594	0.013140529493526358	51.09256456516825	0.09243897156694585
-0.5872512764527584	0.012390712851590963	50.919156293394714	0.1251969574379964
-0.5631510736725465	0.011721848115539025	51.03996542129435	0.12111188605361173
-0.5403182694594921	0.011121497935099582	51.19912930602773	0.11006784101442585
-0.5081732900285757	0.020656098780277483	51.19943826340121	0.11324688793658284
-0.47824450839950117	0.009640277256546289	51.467865171161954	0.1224508202487692
-0.45024591010160225	0.01807677372732544	51.430203398589626	0.13427806416126392
-0.42394355426385955	0.008507237754742722	51.85027910823614	0.10192261359035998
-0.4072539034597946	0.008186512316493522	51.767819122037444	0.118176229854568
-0.3911819835642696	0.00788909161789042	51.849770195397994	0.11349001686340895
-0.37568364954163447	0.0076125238385397935	51.741980257010844	0.14639358779358608
-0.3607193883511054	0.007354690550270386	51.99172671211198	0.10075154285454112
-0.3462536357489843	0.00711375087178891	51.968585534354986	0.08808770724207288
-0.33225420545089923	0.00688809647982279	51.638788860343865	0.12149928834362447
-0.3186919882641389	0.006676317845573732	51.383406875837096	0.13786951391834185
-0.30554051950877636	0.006477173577766164	51.50301644375273	0.09652303665460181
-0.29277561184591017	0.006289565263626177	51.30294940946768	0.10457086975676355
-0.28037520595171417	0.00611251899940929	51.20411774703298	0.11160251182236591
-0.26831907947591205	0.005945167507721491	51.08740718263553	0.11561793195305264
-0.2565885968375715	0.00578673524463275	51.060813659959585	0.10966211225947887
-0.2451666611598017	0.005636528110409696	51.10955989702916	0.09089793546715874
-0.2340374238238738	0.005493921376153434	50.78208686019114	0.13428524667660868
-0.22318627308757114	0.0053583526090676395	50.79615411037432	0.11774571446012916
-0.2125996655295751	0.005229313534133844	51.010786894031895	0.1137783908588975
-0.2022649787227743	0.005106343131854079	51.139389841908695	0.12717833382744845
-0.1921705158318033	0.004989023296702821	51.40701104671645	0.11473159260583425
-0.18230537687614012	0.004876973468480962	51.649278426542686	0.10490667582205054
-0.17265934530692867	0.00476984604207243	51.76454594808401	0.1153327178081151
-0.1632229129586984	0.004667323773436985	51.88259077462398	0.13319198243941097
-0.1539871780396015	0.00456911610661642	52.016683260148646	0.09684605318893207
-0.1449437546325122	0.004474956012877085	51.93225886624733	0.10277125257144994
-0.13608482286252194	0.004384598580816911	51.62424917092131	0.1516005429936344
-0.12740298012573603	0.0042978177602165865	51.6440948600381	0.12105213982916416
-0.118891297286566	0.004214405435173458	51.72355700375861	0.0976070807444408
-0.1105432445795615	0.0041341693290277036	51.70501491025093	0.09318646807652102
-0.10235262522428829	0.00405693118680591	51.56144125539887	0.11933289781358405
-0.09431362263708248	0.003982526173724244	51.556897853669234	0.11883319973577608
-0.08642073717445131	0.003910801321492763	51.550837576233846	0.13439232985307484
-0.07866872917018458	0.0038416141755364033	51.65166973468928	0.11907609559246043
-0.07105266878580002	0.0037748324944223335	51.819139313098184	0.09732054360660956
-0.06356788089315313	0.0037103330680788	51.595235630852095	0.11383520274114044
-0.05620989520860076	0.0036480006857818287	51.561183395908664	0.09783415401203095
-0.04897449732684467	0.003587728028066283	51.32900042066758	0.10902495614694896
-0.04185767986433314	0.003529414746818218	51.21818035340478	0.10357522283781857
-0.034855598067478066	0.003472966659950633	51.049205870673944	0.11217555776221505
-0.024559716004337317	0.006783201647819025	50.77611486415037	0.09974505942633904
-0.014502268110553773	0.003313960168531097	51.05035766746595	0.09370634879517271
-0.007924420758944228	0.003264144955574439	50.896837905648255	0.16761271571630124
-0.0014447076070047138	0.0032158051301244108	51.291446012462984	0.11135558907018299
0.004939747158305696	0.003168876172273176	51.352779805670785	0.13784617307069605
0.011231694489888311	0.003123297270069164	51.606096615452614	0.12001818116751987
0.017433795134142505	0.0030790108617516467	51.871667858185994	0.10627546288654116
0.023548570043326	0.003035962801753112	52.06715830158681	0.10173971974957238
0.029578435287015814	0.002994101927228503	52.13240889473093	0.09630290175286363
0.03552573419597643	0.002953379675892138	51.918755661453254	0.10649524620250521
0.04139268015644043	0.002913750331466195	51.81068555853676	0.10623336858870804
0.0471814325480413	0.0028751703657999683	51.501985461291774	0.1510749946094805
0.052894039940694304	0.0028375986977163432	51.43568549821637	0.12161925374789649
0.058532471222501825	0.002800996362745376	51.36072295578933	0.11105590773982145
0.0640986444032805	0.0027653262211020076	51.24710044805229	0.11220110645617626
0.06959438005579843	0.0027305531598894118	51.079758238818684	0.10937745709906545
0.07502143060205002	0.002696643807801847	50.96413812022129	0.10858112623469793
0.08038150748702055	0.0026635662824151017	51.19288240384943	0.0948216429165703
0.08567623583982986	0.002631290393937157	51.17327455001835	0.11401139899989307
0.0909071821604076	0.002599787396028553	51.41347913654024	0.10119377730676445
0.09607588007511436	0.0025690297646820503	51.532114090824685	0.10070853966642114
0.10118378621630142	0.0025389914001613984	51.5780684117551	0.11685666876771228
0.10623230650501281	0.002509647407211563	51.61576008971626	0.14163800076851948
0.11122282065958988	0.002480973899653178	51.87450775451912	0.11200068813181663
0.11615663196535475	0.002452948239602386	52.07588519272641	0.09914503009220661
0.12103502886524586	0.0024255486354398384	52.130982935228545	0.1137715524201063
0.1258592352579928	0.00239875438049083	51.93580772795872	0.13400171493936652
0.13063043478286895	0.0023725456712783833	51.980324732771706	0.1015359363759679
0.13534979354925103	0.002346903445418572	51.79996984940805	0.11078166270624593
0.14001841915055613	0.0023218095700427424	51.67071729409251	0.11756846990479862
0.1446373839139099	0.002297246678008314	51.37737337371012	0.14749928260236417
0.149207746705609	0.002273198021521308	51.458789160209726	0.11024492756437698
0.15373051305598218	0.0022496476539596638	50.9977562444097	0.19797791029997466
0.15820665747321117	0.0022265802812992887	51.31624292367752	0.11185374104878651
0.16263714441157362	0.0022039811290681323	51.39312882527326	0.09592396181383497
0.16702288296432166	0.0021818361499553996	51.37086382179676	0.1076708161064999
0.1713647808379637	0.002160131724913173	51.34891133409708	0.11876050889327337
0.17566369953352823	0.0021388548681869233	51.28708422886826	0.13813265797403507
0.17992047528227217	0.0021179930994101857	51.38458585056435	0.12434155196360677
0.18622842519226923	0.0041749048942996796	51.339039236415175	0.1094287263755729
0.19449898014482037	0.004096151693881021	51.37728884601846	0.11165410548821521
0.20261497534097295	0.004020314575321483	51.419511934254736	0.11569828583456811
0.2105820788884345	0.003947234543997789	51.50998930467856	0.11423679035489814
0.22033972074514074	0.005789306597052	51.58745380590028	0.10554919325866619
0.2279909999071501	0.0018960684693201462	51.88546782910677	0.11111787436112276
0.2336422767860611	0.0037431112489706084	51.833460757979836	0.11087173992396715
0.23922095978522429	0.0018476685064108672	52.04988983175894	0.11198812035401796
0.24290066588599724	0.0018320796475925136	52.026471395872775	0.13067570579551674
0.24654945078559076	0.0018167516583938285	52.15435806730388	0.1125051650797946
0.25375633025693867	0.005360557274385306	51.95148064959939	0.10586487943615731
0.2608455633503082	0.0017579213987773915	52.06352022391343	0.11634655583565713
0.2660875616235031	0.0034736611393962054	51.93684142967544	0.11597095754438665
0.2729799031392296	0.0034189685715403442	51.894209316660934	0.11686061567732466
0.279764568416236	0.0033659715689406075	51.823438634543606	0.11370656034494869
0.28644486766255317	0.0033145925057728393	51.58598079272263	0.1396929982444866
0.2913885148365205	0.0016385379378183438	51.80367455171706	0.1075603363811157
0.297893701287543	0.004842532783361423	51.39529865503461	0.11742889161979217
0.30430288444765863	0.001590530976439226	51.47147442792964	0.11953398977174436
0.3074723545647511	0.00157896557503676	51.19562092772372	0.215373413015762
0.3106188567814592	0.0015675671698512567	51.42865586867512	0.1185262657751317
0.31529628181282177	0.0031015495938922694	51.265086545011	0.10425465020984799
0.31992386192504363	0.001534338399535051	51.30593272260411	0.11441918881865745
0.3229817496938281	0.0015235729954013325	51.199759590956	0.12330268979236625
0.3260182571835806	0.0015129576056885027	51.15953686288076	0.12046361673017876
0.33053357371857484	0.00299461805052831	50.96536250338637	0.11466025846458078
0.33795632392836383	0.004415805609959139	50.676903078763615	0.1296513491355875
0.3466993354040978	0.004327797536939673	50.83447145949673	0.11122634944621138
0.35385308728840414	0.0028380622985762416	51.15136996890141	0.10215473353810474
0.3608909101242824	0.004188662423217165	51.03504016140941	0.14461163059192356
0.36918846230166924	0.0041093942461517576	51.39718389920914	0.11563833868066893
0.3759840085387175	0.002697062453942181	51.71857505515055	0.11030861516929162
0.3800108755791862	0.0013360851607110912	51.92916681596752	0.11329887041563332
0.3853225992333046	0.003959530307815262	51.822770635892525	0.11859690656537585
0.39317032669066065	0.0038886239272416068	51.89269901656909	0.1068771115880153
0.3996034832257588	0.002554297795319906	51.997819478444136	0.103535035236465
0.4046822670622734	0.0025246009697018758	51.838335924033345	0.1360444773869475
0.4097023419343917	0.002495586742452192	51.90387792195732	0.12040879519510586
0.4158969199262682	0.0036903652394620354	52.03200165033125	0.09965277508914672
0.42078974170736605	0.001216340799317319	52.340740046370634	0.11051689746262712
0.4268292566562084	0.0047981713227808675	52.193349249738965	0.10631389018816435
0.4351459145369818	0.0035303710756191403	52.52615827465083	0.0973356802360978
0.43982774822699966	0.0011641723168246746	52.75374250483124	0.1151533435254829
0.44790144167164003	0.0022854597126148106	52.6295900206168	0.1200526144191372
0.4524484733063745	0.0022616559449728296	52.596069997889266	0.1030565907020763
0.46140216297302794	0.006646516749068572	51.99414018204098	0.12869837761719152
0.4690880180658339	0.0010883209717365715	52.207585530872244	0.11696384072330188
0.47449581532766727	0.004299413265358594	51.61865569982043	0.1564376746054148
0.48301062330979394	0.0042159396370273165	51.55266516426189	0.11248784051674181
0.49136169369253324	0.004135645585477837	51.30864563564246	0.13375031362069642
0.4985394303779721	0.0030508920443799888	51.474789684193034	0.11445228695812071
0.5056004652691257	0.004002253030579716	51.415916312622116	0.1180652252632224
0.5174442481583793	0.007789162331395094	51.305255579533764	0.11918415445201729
0.5327496790588807	0.00751943698239041	51.24311726558682	0.14142440499745462
0.5438848554943105	0.0036645457830250345	51.52763776314579	0.1209893777660852
0.551152791621546	0.0036037297564021167	51.46780836249333	0.1427070003378495
0.5583010984633164	0.0035448993511733857	51.54496709930643	0.11766681487687786
0.5670741358088661	0.0052110126886932406	51.41816874422484	0.12075946382783405
0.583269900036263	0.01087723392054308	51.123631050979526	0.13876858943218984
0.5964550729513861	0.002435068585004071	51.490030896353176	0.1191065796256208
0.6052931159554261	0.006362706450738272	50.98978700276153	0.1983390684102293
0.6147338167821162	0.0031129431583623987	51.393581322809396	0.11778934531442214
0.6404190900891998	0.022006307679494495	50.9583928420467	0.10178390139890042
0.6653628766925613	0.0034629972265686096	51.24466573747174	0.11714100860139466
0.6722342245596252	0.00340863732971951	51.20985240547568	0.12655460651875805
0.6783268353754633	0.002688921799462241	51.283018692162514	0.1191225134664041
0.7156642074275655	0.03330999507548329	50.82198217178577	0.1102189925388727
0.7528843790552379	0.005095691724359234	51.19747845250619	0.12044526529999951
0.7813711192627563	0.02280039402929059	50.953172194068955	0.10819945724705404
0.8641562705314391	0.056529931064300425	50.793585368772774	0.11386048418927991
0.9646405284047189	0.04485327903468175	51.15229224399666	0.12016365645332469
1.022804118265932	0.015205857007466867	51.68719468259869	0.11638207434529155
1.0395092379541357	0.0017558484498444364	52.24067536611394	0.11992312883752661
1.0424258366677503	0.0011627307837956177	52.32718130959975	0.12093152152092242
1.049346780847911	0.005721741470882094	52.03678586693831	0.1182241758717616
1.0667315349480675	0.011544171540821841	52.00089314747773	0.10613478097560754
1.089227076173481	0.010961430391913577	51.59778866044949	0.1835486090237155
1.10208419122511	0.0020269862928339634	52.146354320437666	0.11831321654653608
1.1172712955802617	0.012967300946381221	51.673551991486654	0.11611744831020362
1.1424610443629937	0.012236574011580424	51.36363943564395	0.16637179677659225
1.166706405129212	0.012008846689487028	51.44926088151935	0.11344711119624329
1.1789769472197897	0.00042451991102527415	52.081430036863345	0.1221606688246311
1.419897075181395	0.0020329121640761507	50.232549541378006	0.11828961273575739
1.4237583083620047	0.001885595702646973	50.16937667770189	0.11828961273575803
1.4272639111297147	0.001716269638936798	50.1779799667462	0.11828961273575807
1.4306132832275589	0.0016608998127238077	50.17997261587635	0.11828961273575814
1.4343655985940682	0.001945331492026048	50.13126943511509	0.11828961273575758
1.4379573938149974	0.001638225952327915	50.226309352617065	0.11828961273575804
1.4409509000926977	0.0017249665586622307	50.10535147185192	0.1215625037538479
1.4449273472248332	0.001857718578190908	50.01521833382971	0.12413743230483203
1.4484496065254215	0.0018931463759061188	50.028810663688574	0.12413743230483229
1.4523035018757122	0.0022641361371991695	50.11024590106077	0.12053094289471361
1.4576868417341204	0.0026736384649540925	50.15975436988396	0.11828961273575814
1.4637385086906645	0.0034476692877124	50.11064343964121	0.11549010176299244
1.5095050680775324	0.0020551072305054897	49.797678278687805	0.08937005096159252
1.512858595668817	0.0013800324241145326	49.96726072405324	0.0886884087263161
1.5154338933867924	0.001521043085113531	49.916796246368556	0.0886883931625544
1.5193096355941704	0.001849268308660073	49.82131850127756	0.08868840690355044
1.5233288320815994	0.0021011847770320002	49.75138860754683	0.08937004957705288
1.5266825479769972	0.0014321118845132908	49.92697821354098	0.08868839579639398
1.5296746480376608	0.0017180943016508687	49.852197882465774	0.08868840595924285
1.5329188337553492	0.001710005748358865	49.85362941978768	0.0893700558610167
1.5368704574930012	0.0020180580967623847	49.77592260102608	0.08937005698600077
1.5405557143266506	0.0018348325633626955	49.81576698051751	0.08868841405049449
1.5453892913916896	0.002601959813376781	49.65433797441668	0.08937005380120529
1.5509905938631023	0.003217530247565959	49.563971580385356	0.09007169941604995
1.5568763730669386	0.0025006975818216907	49.69090326202026	0.08937004806640642
1.5617876537132225	0.002516534320745057	49.68673711992252	0.08868841532418337
1.56678309069295	0.0026593980861570107	49.63684782878145	0.08937004529070228
1.5726230053029897	0.0026496010683167114	49.61347539742591	0.08937005367069183
1.5771525006290426	0.002316621926172605	49.66112452560723	0.09007170118845431
1.582096923136743	0.0028357294481464136	49.56917706892681	0.0900716999624851
1.5879510759810298	0.0030212509819352337	49.54642242913127	0.08868841719312026
1.5947838397399847	0.00333057288488549	49.49796610075605	0.0893700515758998
1.6012178299190465	0.0036388570833283825	49.46535800969377	0.08937004851694692
1.6080679169926224	0.0028686906911269293	49.576461472796915	0.08937004249043415
1.6137677311510972	0.002761089897698517	49.59138721575937	0.08937004308857709
1.619112591770095	0.003289730333644167	49.50745993055577	0.09007170820268244
1.6271390196278261	0.0040028273927640275	49.41789944341288	0.09007171568709295
1.6359768483340398	0.0045020928758367895	49.372922667913244	0.08868840652578136
1.6423951554988787	0.002524713192400997	49.62400099234201	0.08937004784673111
1.6490077552841513	0.004203603803311127	49.40256449214829	0.08937005179495792
1.657926857651665	0.004151621473892832	49.38358167772453	0.09007169565617934
1.6653247823331023	0.003303989152510803	49.4682622688714	0.0900717076209508
1.672445508947086	0.004183770740062078	49.37200241660261	0.08868841674854883
1.6818151096752385	0.0048580218356189375	49.30219037470762	0.08868840785647836
1.6910782282356247	0.003977061672922833	49.38859687802918	0.08937004716994851
1.6985178463683694	0.0041260847356110915	49.38572188374831	0.08868841053432716
1.7080475401687423	0.004645465035319037	49.32210238885819	0.08937005133798218
1.7164561396475428	0.004661060670472351	49.29075741221867	0.08937005242266648
1.7264264364827078	0.0050035798300236784	49.228950867275465	0.08868840626417941
1.7357932847479511	0.004883567687548601	49.24685767332488	0.08937004677697746
1.7454608490733317	0.004462166300040373	49.31154679171029	0.08868839458798736
1.7547854347131797	0.005380659553314173	49.23549205311985	0.08868839902551909
1.7656850473720658	0.004479033780348919	49.28748605940259	0.08868838999408699
1.774419993128343	0.004422174891254135	49.27342794655877	0.08868841021169588
1.7829061045868695	0.0043643438414999215	49.27464520283003	0.08937004742502833
1.79137986333917	0.003927664273874626	49.31681462718173	0.09007171410306447
1.7998693274684694	0.004880598227053942	49.227537931537185	0.08937006672680113
1.809490140450892	0.004933950309949284	49.22319517422039	0.09007170994370334
1.8184012146222965	0.0034278077836189164	49.36027980845466	0.0886884047941068
1.825382997349263	0.004283507558117035	49.218911398245595	0.09007169746148047
1.8340733037563948	0.003645636179160282	49.26685402408212	0.08937004940125254
1.8413294502319721	0.003981281003510595	49.23160812205967	0.0893700627300325
1.8497819357538337	0.004815000592032172	49.150906448434114	0.0893700627363088
1.8593776182965995	0.003411600135333975	49.299107579902945	0.08937006488058559
1.8649421578177052	0.003169138708850887	49.31938074893113	0.09079411517030357
1.8728891759577744	0.004342171732077253	49.1901411221344	0.08868842389408826
1.8807714175313621	0.0038908095518670476	49.22280122216691	0.08937004185362178
1.8885835745941537	0.004169415923803383	49.18605814118604	0.08937004797751687
1.8969022907723487	0.0038627343933696793	49.21705670985293	0.0886884105955533
1.9048651984449494	0.003861384043786262	49.23114388912554	0.08868840718795466
1.9126494577345685	0.004195485553321431	49.211264622052255	0.08868840920164921
1.9212352204959071	0.004224789054214778	49.16331269823216	0.0893700232460722
1.928278667951751	0.002743805944314895	49.325659414889984	0.08868841900714487
1.9344108604982608	0.0038907259722549305	49.15143333049885	0.08868843588750559
1.9432535170786558	0.0039739316611922156	49.128266800178835	0.0893700297875173
1.94994424755656	0.0035256371968766832	49.041367783366965	0.10117774748641695
1.957911084613945	0.004096301558389652	49.16279238194125	0.09007170631985036
1.9657031888512901	0.004273193263409815	49.090542308324764	0.08937005918844841
1.9746510236598906	0.004075625255093791	49.08029006906181	0.08937004328069474
1.9815494804337628	0.003243898597349182	49.04698439358492	0.09927680950632542
1.9887119466920233	0.004107793190429625	49.083657968673336	0.08937002961044077
1.9965811325211127	0.0028323026462756004	49.03014847250531	0.10260713422942054
2.003144037875555	0.003967165834309971	48.86248996056179	0.10260713416118733
2.0101575180473468	0.002998745841347301	48.97950447236835	0.10409784225925874
2.015920908401834	0.002825581363767826	49.03464338952149	0.09980640065850611
2.0215752687975184	0.0028675638010100487	49.00859051632855	0.10409782149216269
2.027841383688673	0.003576509194540038	48.92292481830493	0.10260712335886901
2.035696995881365	0.003922017967809161	48.889942725730094	0.10117776402243786
2.0417742188068955	0.0027641764739956	49.03762972473954	0.09980639606747867
2.0488973918088824	0.004088836954904567	48.83859425755658	0.10260712526160602
2.0567319088300176	0.0035404021093121047	48.89146958671995	0.09980642791414183
2.062669387941315	0.002826462643508361	48.97133606902503	0.0998064168613156
2.0682967942230914	0.002444310912459063	49.01602461333742	0.09980641115886313
2.075235764230186	0.0036683213804444602	48.834501717158176	0.10260714799355158
2.081573149282661	0.003987722118663572	48.823009603019244	0.09980641032189182
2.0904038343248725	0.0037903308487928877	48.86188668906052	0.09980643739718707
2.09663043611003	0.002767162919503368	49.00220111484235	0.10117773544962783
2.102564068384252	0.0029561317808146415	48.973587025090694	0.10117775249722269
2.108105479238463	0.00307795387797518	48.92543996535851	0.10260712326874673
2.114101114434338	0.002791759306161307	48.95604565546222	0.09980640526037896
2.1193021614185987	0.002623368850156041	49.06891928366687	0.09365829313894955
2.1243658434008914	0.0022950907893971883	49.03518756135488	0.10117773426028641
2.130849843049175	0.00398742056770175	48.775423952724545	0.09980641878597578
2.137108751870843	0.0029860506705098695	48.87437186065192	0.09980643053990434
2.1433167610228483	0.002680410535420731	48.912440050518356	0.09980640886501425
2.1485559867666613	0.0025554970208472804	48.923224020849005	0.10117774235408104
2.1533591601653215	0.002708078327029765	48.898242912843415	0.10117774525358113
2.159457308347337	0.003084381667756879	48.86160680952749	0.09980640974872156
2.165136964160739	0.002439499625247783	48.968841777596005	0.10117773969840271
2.16929477090725	0.0021547165177839074	49.007663318462804	0.09980641453600052
2.174097374548446	0.0027572855836808553	48.87379577416111	0.09980640400715095
2.179730876650452	0.002509858308378452	48.886923412195856	0.10260715285046042
2.1855609712294926	0.0033204955983008734	48.76246053602562	0.10409783135726317
2.1916067053205612	0.0028637859660971396	48.85449144173295	0.09980640536992373
2.1980805933626546	0.0027823113784785224	48.852480922250095	0.1011777291602513
2.2223238097815003	0.01685797669220681	48.754658904364206	0.11596843830525334
2.2580662042852198	0.015525681847943108	48.78071667978758	0.11283702387738749
2.287962782394041	0.014492860242965337	48.80098142056731	0.11317940213983742
2.311495028701295	0.012748359595149297	48.82606381801182	0.11558991710255731
2.337666255681822	0.012002445826934516	48.82194159449617	0.11317937952733562
2.368610022478897	0.015476030671053697	48.64635948432291	0.1135249866532197
2.3885940180567635	0.00903235534491792	48.83118643221263	0.1152151069141155
2.4187915699171927	0.019148873423403844	48.476393653512474	0.1163507692092026
2.4500910964498064	0.014254069932012094	48.60191098385249	0.11387384354560322
2.482513912432969	0.01653563532708273	48.55565897920593	0.11352497471042708
2.50814393880272	0.008105728841670967	48.86997788989073	0.11558992677568039
2.5255950701190057	0.00958337324739618	48.790603390026256	0.11521516029665631
2.5524814347569276	0.017452992749325345	48.471761068091	0.11317939645866365
2.587030067074089	0.01455871355719879	48.423640200864796	0.11596846000301879
2.6162533849260114	0.015069469300512919	48.375218893451056	0.11673687998714749
2.6374295369279888	0.007870633522868306	48.67126188154588	0.11283704092959
2.65584306136894	0.010650384316607866	48.50011823812778	0.11484395911049305
2.6785324894255353	0.013898839811821526	48.350145454336975	0.11673688020268078
2.7047512205650106	0.01030895835558362	48.45728147583199	0.11558993468331788
2.729382695498577	0.018356125793388786	48.40025967044747	0.09803641021595252
3.258053731192081	0.002218075120092783	47.908309202084865	0.11477547373226003
3.263278554367006	0.002520280568793915	47.867935760474694	0.11447641153098005
3.2687087648171795	0.003354614178355601	47.73697257205508	0.11507692590909516
3.274516913506168	0.0023490931694113088	47.87504462032171	0.11477543027634556
3.2810181803936005	0.003997233114233243	47.65359046966016	0.11361459015060757
3.2874139680072347	0.002694958226811103	47.80033315106648	0.11361457062751888
3.293160984666688	0.002864125762798939	47.75306168844351	0.1136145670862468
3.299213141317949	0.0031271145421016906	47.70538380680142	0.1147754614804388
3.306037865823645	0.00337622481636303	47.66365627456208	0.11568716685466493
3.3117249357907848	0.0028423146409382984	47.7640493979379	0.1124978498143346
3.3167790796766643	0.002228131584105204	47.866399441049914	0.11447640939233342
3.3212137062076916	0.0021096161880864925	47.90537265840202	0.11507692293505671
3.3253741664467538	0.0019945375981452584	47.922934167762065	0.11477544810193048
3.328940213620459	0.0017898121325008365	47.940334810427686	0.1150768961791981
3.3334660140363552	0.0025170302444466434	47.76063131503041	0.11507687670257881
3.337761616693931	0.0019384507756937165	47.96808467251715	0.11535417087965702
3.34565855324826	0.004894734030142469	47.8398467486767	0.1146644703994415
3.355332106783929	0.004520971530091068	47.645959275175635	0.11534087086135184
3.360971953523955	0.00227506627321866	47.79505739879179	0.11477543009734699
3.3667073275934047	0.0031087619013053878	47.68123856496375	0.11477546002489375
3.372711228804182	0.0027254124788605076	47.749793119911644	0.11538080599322588
3.377194716132392	0.002023082645932081	47.878646008455426	0.11249788885826238
3.3808625953816214	0.0020060684396367326	47.83083701040417	0.11447640872907953
3.3856414230359464	0.0027281586111915427	47.66350573418659	0.11507693582240147
3.390664085233335	0.002124721050083069	47.75655509882746	0.11538076608010882
3.3943113693102407	0.0016207596359318524	47.86942371487166	0.11477545380276752
3.3982138964032687	0.0024093753201863944	47.70080342197081	0.11507692062149366
3.40259236795701	0.00206715783496569	47.8004385449809	0.112773835204377
3.4073140624768916	0.0023594147568920636	47.73701476463167	0.11447642008833338
3.4115565305844213	0.0020249585468290815	47.82573658252059	0.11447641708908748
3.4165410879536733	0.0030027599739991793	47.63747215130863	0.11538080174166372
3.421336811667157	0.0018275595166357377	47.84381977185787	0.11477547052394879
3.4287225605293634	0.0047161498255641025	47.685713166898296	0.09376722330197707
3.595262445082747	0.0018876876577035135	47.45540082371956	0.11313420964782751
3.5984287097841148	0.0016207452561427065	47.50100987424	0.11481968008152421
3.601673361294219	0.00186002687844574	47.42605782740709	0.11447642312702196
3.6057353774333394	0.002141533174281509	47.34840163917437	0.11516611935565231
3.610101499367999	0.002169430051644178	47.44959858741191	0.11515904427746387
3.616342560288438	0.0030133138370900263	47.49081201011134	0.1154943533314191
3.6208676212948663	0.002308697893361014	47.415227930044864	0.11551573586251425
3.6244566297002723	0.0014310727896650827	47.5157855656256	0.1144763920661117
3.627432410758226	0.0016581714506915526	47.41526492365752	0.11516610855131132
3.631209911638853	0.002113468854438227	47.30395474243195	0.11516609940157785
3.634998366605339	0.0016295341922563055	47.423383282426656	0.11447641262423301
3.638848966156147	0.002076637282402125	47.308188578399296	0.1155157551340744
3.642242185343394	0.0014194325010671708	47.49968262227883	0.11281463796998094
3.6455584658174103	0.0019084632420975024	47.347820976022334	0.11516610505165638
3.649525256031326	0.0018911289086193089	47.35485985733847	0.11516611605605431
3.6529030377168596	0.0018764774587796832	47.36678181017517	0.11481965553553616
3.6561926120538506	0.0011085165623083476	47.604467373489705	0.11447641908035516
3.6585978906092946	0.0014992581813235279	47.454612461799265	0.11516610833073018
3.6621628735903893	0.002055557484898177	47.29549856023452	0.1151660996571655
3.6669380010869355	0.0022493722412564076	47.24652116828764	0.11516612275991353
3.670343365597527	0.0014163233808456989	47.45825443568433	0.11516612326398527
3.673233747419775	0.0018759330740327955	47.344702624867686	0.1151660956158378
3.677847136022907	0.0018560942066425837	47.38814332746976	0.11345656569307241
3.6815192263960355	0.002844129879199964	47.3516710078864	0.09998116335667696
3.7834366346780404	0.0022493919252499174	47.180492531292835	0.11535436790151918
3.7878508485065736	0.0017682220535018103	47.28822376923349	0.11505942670681345
3.7910284076623184	0.0018203489870059235	47.30938215533623	0.11358182799420496
3.7946803630379455	0.0017083905435462305	47.33495245852103	0.11447639802716303
3.7989598630531423	0.00271302280760683	47.1446539738675	0.11595122862997642
3.803556332172343	0.001863321888394861	47.33849727831755	0.11535435514389415
3.8077066830195974	0.0024712380601348725	47.21345709371662	0.11505940865289745
3.812420350539172	0.0024755011192819035	47.16152662487772	0.11625321439429062
3.817685703635797	0.0022316757379932627	47.160965206934186	0.11535434876752627
3.822404513665545	0.0024797376371420484	47.09459228007808	0.11717361996211467
3.8262238871933305	0.0016187022551097641	47.312729109554134	0.11276585407765773
3.8305536807526717	0.002255557858431913	47.14409045520112	0.11535437360873597
3.8345770133970993	0.0022053576966918923	47.155446333197375	0.11535431989594835
3.8391826672391622	0.003216925593606575	47.16217705554024	0.10804091628665768
3.9135788179316884	0.0020346649108515516	46.965100976876606	0.12862078207588795
3.9176314484527963	0.0021857692454640425	47.05104990175926	0.11556050867811248
3.921337840581501	0.0017578384307649967	47.002059836558075	0.12804131039489838
3.9247594459223856	0.0013378903619610761	47.230107700112725	0.11537762930628002
3.9271649932511505	0.0019244775444877266	47.06580070848419	0.11556058021187025
3.930997838012263	0.0012952717715590104	47.236125191970736	0.1148342925120393
3.9350215405174302	0.00223997506101538	46.87202379436714	0.1283301559302026
3.9387183938067136	0.001989646003301714	47.05427351300275	0.11537765455146885
3.9430485263311774	0.001901179781512163	46.96999311741246	0.12804130704487032
3.9459370909988016	0.002002350294002041	46.95891753051659	0.12833015855786198
3.9529210577902307	0.005238390638330198	46.81902772382416	0.1046979792348303
4.015832532404466	0.002053367194115969	46.829132826298654	0.12781574634004333
4.019155133602091	0.0014225573507878344	47.0113802011049	0.12497497631310174
4.022051399942962	0.0013749148096651165	47.116620033459455	0.11469328535182492
4.024551340537928	0.0014429667109535965	47.08342737972608	0.11557379578005463
4.027621206107219	0.0018287041931430033	46.83872513619335	0.13031803599152744
4.031378856828932	0.0014017714041610217	46.95536568016141	0.12887161562010535
4.034289314909696	0.00144809797294892	46.94299881767098	0.12816500191436556
4.036855286697554	0.0013472913109034506	47.09858991568407	0.11557381169531537
4.039923961589851	0.0014844100281048698	46.9350095350419	0.12816502364490392
4.042382421016299	0.0014395973500800443	46.94395904690114	0.129229060603085
4.047600288431687	0.0032948136995381416	46.76771510082999	0.11019602482605975
4.097442327193783	0.0027450347304012195	46.63170991466997	0.1284638953809013
4.10132986500058	0.0015432447273030535	46.90705982727497	0.12233941220563506
4.105150936498009	0.0015455010077042406	46.84916271183344	0.12948070032208117
4.107675664969843	0.0014111074816255135	46.8939779457677	0.1291392739282341
4.11082275230428	0.0015877097885506491	46.85476573994129	0.12779828086993256
4.114139387761746	0.0012821307777623877	46.961012220151076	0.12812989124694776
4.116721868699754	0.0017198524565983366	46.84496449484898	0.12812987257299224
4.119726089082325	0.0012809912759738512	46.97986530911169	0.1294806962530869
4.123198702541022	0.00255891961160824	46.87833648710415	0.11424619257436655
4.166278854529896	0.002096072398496481	46.76965984672972	0.1284372270442479
4.173856042336363	0.004240805078858772	46.491428646292576	0.12656120158870449
4.178765888394421	0.001930173841888969	46.80507260609018	0.12811220650106023
4.185227717150316	0.00484873155221995	46.67231426451775	0.1030805657307846
4.226081983029192	0.002435235903958854	46.60245991257385	0.1296744193970367
4.229892758977145	0.001774974568716196	46.75231156624422	0.12845832152307812
4.234134685307765	0.002120985985035952	46.71138124439028	0.12865875019727496
4.238526171118908	0.002157650401876005	46.68741162798443	0.1286587626559005
4.243742622734263	0.003140511611031655	46.716166001423666	0.10878267394686245
4.277515401401652	0.002491990406368741	46.50143253431698	0.1296524475992042
4.281121625081408	0.0012830143644454474	46.78243055216429	0.12836617207532722
4.2853711559595045	0.0026347747793971713	46.45982389417236	0.1283661517515811
4.291635919446563	0.004118899442254643	46.51490687063719	0.10725496245201875
4.323460961684395	0.002194120418754406	46.567296837579505	0.1288664845450331
4.3285102340285375	0.002659089176678732	46.47876146204057	0.12958159556936305
4.33577067636462	0.0046550590487863435	46.502959257591655	0.10342116512780251
4.370896463359605	0.007372283156068938	46.31598652532429	0.11220539150695637
4.560815822306045	0.002205528118694634	46.39227137910709	0.12908157819277608
4.624555096587512	0.04573097640576758	45.92960545378959	0.10446321899782067
4.738264326042429	0.018856230157605267	45.76203976100554	0.13150527115161384
4.808687766343081	0.042493876448402634	45.763198569966924	0.12860376076465913
4.903438360537874	0.040910196465822724	45.638402140020055	0.12012731471725546
5.03099838287822	0.056001632466369126	45.50823015653949	0.12751077904062139
5.1369982667992495	0.03762243572268781	45.47179871883775	0.11060999997147006
5.274587192809697	0.04955697653091514	45.270266980560386	0.13220743236798702
5.3787967404337245	0.0695775634259151	44.963978683544354	0.13803132505109966
5.5612405179512985	0.09827685229600124	44.57963835702383	0.16748846144795826