-1.934234116460873	0.4136140458657998	50.97675664682014	0.09525360747873116
-1.471123248820413	0.1423916133755411	50.50277515371752	0.0988463227892588
-1.2521316419828674	0.08599888172866241	49.580030159788414	0.0955521409791153
-1.107234057251684	0.06160205771223835	49.48792977311694	0.09669623959748692
-0.9987745380341801	0.04798833700194272	50.09895096184169	0.0979356008640251
-0.9120609199804561	0.0393026724551842	50.497144591161785	0.09319994239905169
-0.8398126431548323	0.03327927106952713	50.420343346998635	0.09516036778051905
-0.7778866232012254	0.028856774469055508	50.47752031018115	0.09534387192964422
-0.7236987914529481	0.02547181861640249	50.608909865811704	0.0961686487564476
-0.6755281676328051	0.022797610512999486	50.732459066515275	0.09610168297553916
-0.6321710254924133	0.02063156571459849	50.69272591561704	0.09838664612444949
-0.5927522339242424	0.018841409816837597	50.42212866005702	0.10073741399008869
-0.556615413698256	0.01733710485148573	50.13004677351193	0.09679548544024598
-0.5232558576308235	0.016055248048118642	49.702032283309336	0.1002643478872934
-0.4922770203902375	0.014949896376756769	49.86418261220248	0.09650367099771176
-0.463361537092539	0.01398693958883527	49.91001595868079	0.09696624100275049
-0.4362517033111897	0.013140529493526358	49.9970278247517	0.09634796129576745
-0.41073513051738875	0.012390712851590963	50.18134424768424	0.09614303952889709
-0.3866349277371768	0.011721848115539025	50.366246201786446	0.09273465686131929
-0.36380212352412233	0.011121497935099582	50.32452981560743	0.09753688594898655
-0.34210998832407186	0.010579646343671825	50.29499427417132	0.09384431062042708
-0.32144998314301987	0.010088141035096181	50.20574372036956	0.0949278593366401
-0.3017283624641314	0.009640277256546289	50.26522983041544	0.10245856215861504
-0.2828635197512033	0.009230488419610541	50.70820892569161	0.09754818666211863
-0.2647841263708609	0.00885411764964374	51.20541260561319	0.09535377738929834
-0.24742740832848983	0.008507237754742722	50.66714364377725	0.09529504767596135
-0.2307377575244249	0.008186512316493522	50.30456128806749	0.09826632857330093
-0.21466581411757715	0.007889091190800088	50.25936851720419	0.09547028909671748
-0.19916750360626476	0.0076125238385397935	50.38744376039692	0.09722169299659701
-0.18420324241573569	0.007354690550270386	50.846478665021735	0.09673434717832208
-0.16973748981361458	0.00711375087178891	50.46764342514673	0.10725894394517216
-0.1557380595155295	0.00688809647982279	49.62829833747057	0.10769148414989876
-0.14217584232876915	0.006676317845573732	48.77553009768187	0.119496404956561
-0.1290243735734066	0.006477173577766164	49.6628809501602	0.09896750629639603
-0.11625946591054043	0.006289565263626177	50.30432270524085	0.09920122912323875
-0.1038590600163444	0.00611251899940929	50.838008596065464	0.10721554582076552
-0.09180293354054231	0.005945167507721491	50.85788991102517	0.10891640068644168
-0.08007245090220175	0.00578673524463275	50.8686935619893	0.10774503480461266
-0.068650498426268	0.005636527892393293	50.87842946205252	0.10939767537509812
-0.05752127788850406	0.005493921376153434	50.84980969439576	0.11545657876434276
-0.046670127152201396	0.0053583526090676395	50.741183152820895	0.12965022498352918
-0.03608351959420536	0.005229313534133844	50.863523402197394	0.1210229074098098
-0.025748832787404557	0.005106343131854079	50.711141948109095	0.14961043710850935
-0.015654369896433568	0.004989023296702821	50.84002169207472	0.13157172881368706
-0.005789230940770385	0.004876973468480962	50.80183732358289	0.1366452341651492
0.0038568006284410705	0.00476984604207243	50.8609682915303	0.1308213164145047
0.01793565094162597	0.009235395674066319	50.68014731369356	0.126147430921694
0.0861668981653983	0.05524873002208375	50.174373289904246	0.13625551268110112
0.1846132618448798	0.044042902894751094	50.20943453721555	0.12936380288931476
0.30714658413956347	0.07354891523021953	50.02963560248814	0.13171854056179239
1.0657868301203073	0.002481564583258285	50.7253494879925	0.1340348330123003
1.6116947949008487	0.005029472960184152	48.77609005064083	0.13668433228626894
1.6355731597796672	0.020020707932397283	48.631762114857565	0.12897499907582438
1.7060109011188649	0.011768850139233891	48.37567876779973	0.10611084122767861
1.7285239814764575	0.009982928541057668	48.24128953019332	0.11747652480029137
1.7466841311213792	0.009561161713779708	48.26107495070389	0.11878074582697518
1.7673423577111813	0.010584776806838095	48.213174178776825	0.11747650684080219
1.7865867315652273	0.009058126318382771	48.29963797142169	0.1162301309320072
1.8084089993142536	0.012580954713556235	48.335765070282996	0.10611084626157471
1.8331128726069656	0.011510726052852981	48.18269796870457	0.11878075427327854
1.8541567646338102	0.00939412703092123	48.48119688640972	0.10611084290765443
1.8705446871353306	0.008083433163583257	48.56356476623649	0.1055373874472181
1.8854040782993309	0.007147391332772624	48.58196200881662	0.10670247012723404
1.9012302313307265	0.008429134075820023	48.47688215748828	0.10611084101735126
1.9197568050546758	0.009454901827746894	48.38370086423448	0.10670248516128915
1.9343406208164038	0.006040070195902538	48.570847823886034	0.10611083749843324
1.9501622765712132	0.00984248254123836	48.340212141706566	0.10731298134711093
1.9674034766518735	0.007237852302934347	48.33206151247639	0.1137216229815392
1.9856134801670677	0.009016244849345037	48.18019529903589	0.1162301250533778
1.998843486965304	0.006352410259714805	48.326869243728886	0.11623012017909369
2.013022439006854	0.007945237088544251	48.212980924006644	0.11878072596352139
2.030185178419513	0.008557676010854541	48.149950074856264	0.11878071577363769
2.067788143053834	0.015483757194408287	47.97802333573864	0.12797403225472076
2.1013159528049403	0.026278176552837238	47.67922452697779	0.12909173559528608
2.15684829595165	0.025225872431969453	47.63797601062708	0.1298589706930781
2.1984739946503313	0.015280460917049626	47.81993465770384	0.12871480049935716
2.223209965320751	0.01082494406379654	47.95274211710849	0.12797402597101204
2.2615762205521595	0.026427336742962985	47.54326788655843	0.12758461236938246
2.3113516639285816	0.026510899501133004	47.50640021460588	0.12688823472802377
2.365253732387898	0.02081497467272396	47.57388269395033	0.1272344902460234
2.4173590980378954	0.03230800313442977	47.32410876701259	0.1287148216541894
2.496220544112522	0.03945166092628539	47.27201014753351	0.11940192116761866
3.341220983773841	0.014162031698880412	46.17642343515297	0.14064552574875322
3.364188355363477	0.010433049505487586	46.286107421255565	0.1415962013268196
3.389230703131369	0.011941307866288914	46.21550640031758	0.1409599281612587
3.406199593645793	0.00994468143118687	46.28353727904009	0.1409599078466174
3.427265269103097	0.008909885928184579	46.324700580589905	0.14064551865347252
3.4487272986953563	0.010627170338641885	46.23380171455966	0.14095991557846008
3.4710083214480867	0.01152336397189453	46.15642793701504	0.14064552941678346
3.4937800838740647	0.010547655852775756	46.17542566930996	0.1379898278877239
3.508525354220058	0.006921746813363656	46.30696824458636	0.14033364592052788
3.522829632024279	0.006968965901557619	46.31296214097345	0.13827352352598937
3.539045081389623	0.009851958917456424	46.198693436406344	0.13314748059889148
3.7434260175268177	0.012689380575690615	45.84979146030743	0.1415505161996925
3.7858544633940423	0.038214056375284806	46.04680144335157	0.11477789516492254
3.94696211203448	0.018166555954822767	45.76917526859944	0.1350156356093366
4.084668000791998	0.015240800746829862	45.6585459219564	0.12105549803645146
4.185856400639874	0.01366582956079137	45.42117459695062	0.13666698917876619
4.301490249661546	0.0498102016647239	45.197052376402766	0.1254634238862207
4.401957008645956	0.0277601118627607	45.41749955021098	0.12209443543347308
4.559040718012202	0.027839974265104983	45.121597580165854	0.1236857890680328
4.624551968972846	0.02271710419837404	45.105805335844146	0.12842691815667873
4.8504629997639475	0.07172816626907412	44.96856852854824	0.1419708696189038
5.011193146460319	0.10982442722811438	44.578939435249865	0.13699752337270635
5.41933476301932	0.1491249330229392	44.17672313730138	0.14167316340694475
5.6139546379519825	0.032664751656681444	44.2815189056382	0.2066363484302997