-1.0784604761645216	0.4321338635845555	50.586447116843615	0.2091025201729922
-0.6027820319465095	0.1445239611536487	50.886546112796154	0.1101043072397337
-0.3726307505849769	0.09357961629545294	50.72761338491542	0.15024929870478945
2.1443220254423934	0.015885620018306203	49.82759389842048	0.10941829833733896
2.160023835351225	0.00009981457923527752	51.142959986947	0.10627589806295137
2.17230053762205	0.012007773455192298	50.24413712773048	0.11444853928328415
2.1880228475042367	0.0038602810162588898	50.3096110528656	0.10984840183231269
2.195744542488192	0.00386120236581223	50.04525938388898	0.10789613672692219
2.1998619651338216	0.00027319774183955477	50.48851147138157	0.10350704256539728
2.201951446621839	0.0018125765820964194	50.085310470752525	0.0885554991797267
2.2046618362324377	0.0009006498467852847	50.039424941919314	0.10906523822951633
2.205988267088317	0.00042650404876622144	50.13767065481835	0.11260430307977434
2.2066611729541035	0.0002465411041031946	50.251734803067954	0.10706479553933712
2.2071987479768382	0.0002910063251763712	50.18343197145172	0.11016600655266086
2.2080932302704763	0.0006031542026870404	49.98065374468786	0.11408201690948906
2.2089189893774646	0.00022296609872833929	50.19817399283316	0.10560077030450547
2.2094092379885955	0.00026725745745033604	50.02915393694724	0.13544913167547953
2.209943424240843	0.0002669289303789248	50.17043721369036	0.10105235207287576
2.211276022313596	0.001064444541996894	49.96819249273799	0.10160414798860476
2.212692967700269	0.00035365910158278253	50.27705408346026	0.110058783940465
2.214633749790831	0.0015843698561261422	50.19633838740382	0.08801453630875392
2.2177909854011935	0.0015728935640991078	50.40998407751214	0.09262854268577056
2.2197091685249615	0.00034799150197129474	50.82523699305665	0.10366032290509042
2.2207952827253514	0.0007376349037778782	50.63019243061253	0.12998781716780544
2.2222680524940768	0.0007351376893725719	50.777315768716434	0.10112777705064312
2.2246184458087024	0.0016128747462741339	50.60389304550934	0.10504043664459696
2.2278322745645736	0.0016009833421263993	50.66089883842084	0.09844085808979772
2.232608860395633	0.003166942826556781	50.491078265556595	0.1105994157906429
2.2388970025921204	0.003121419080900997	50.56654286384881	0.10516463414336182
2.2482228383338074	0.006171313579641129	50.362521485274534	0.13847399126864215
1.9468617467296658	0.001614326082130472	49.46235110789169	0.07166097202265218
1.950321178807981	0.001974598930859355	49.36022375681826	0.07425115007499433
1.9541062199466404	0.001863249455020367	49.40037187663251	0.07250287810554693
1.9581704561013886	0.0018280209365443315	49.40524794189358	0.0725028752310524
1.9624291220396914	0.0027167495007758523	49.22923921219044	0.07250286436587214
1.967090240125263	0.0014951386227591151	49.49950496703976	0.07250288507999575
1.9701842560822644	0.002027337322059855	49.37474255843693	0.07336601302524023
1.9743464157018842	0.0020472231820029226	49.3832603953235	0.07250288282474925
1.9788914923881875	0.0023487300537152265	49.27445865404947	0.07166097252942406
1.9834026119931325	0.0023403868814353894	49.21760257249288	0.07336602064781941
1.9879545143485755	0.0022483041475396016	49.24005458676765	0.07250287265282224
1.9925968155159697	0.00266836194790808	49.15591559418243	0.07250286517310468
1.9985167566960218	0.0028466875019639844	49.112025954521954	0.07425113937648717
2.0034365557035576	0.0023449214443981635	49.2194900764566	0.0716609746832468
2.0080322132172532	0.0019909258032173778	49.31105752145004	0.07250287280410547
2.0122397167349835	0.002011182724462437	49.3431749054144	0.07166097234365894
2.015476726586086	0.0014132113975756624	49.49410207051892	0.07166097074669958
2.019088675429218	0.0021005340770855157	49.29227130682659	0.07166098186689784
2.0224910541028587	0.001525859263545193	49.39915139198013	0.07250286187887495
2.026249150894634	0.001993181165797186	49.25804810214733	0.0725028744177323
2.0294309707829905	0.0015968939538478564	49.34097642241365	0.07250287563602203
2.0328121224447155	0.0015351767606496206	49.391666961295726	0.07166098091859206
2.0369132589776173	0.0024169622183872735	49.20825940219607	0.07336603006351892
2.0408759071059572	0.0016054277901513061	49.386927497001686	0.07250288146043873
2.0441873720709296	0.0019491854443048906	49.29852682885592	0.07250286274026535
2.048623410978821	0.0023091249599388715	49.191226634239044	0.07250288830958132
2.0536462696988234	0.002623683172622596	49.104586131884574	0.07166096955128937
2.0581702362356853	0.0020152016091917347	49.19765687936357	0.07250287792914091
2.062730302715793	0.0023976663139591283	49.11488123541315	0.07166096365189141
2.0674406809833994	0.0027817712491909705	49.03875221478542	0.07166096654904998
2.0731121787240623	0.002426379418108359	49.08361650752545	0.07266793912081815
2.078094753095554	0.002771614774807734	49.013861754429385	0.0716609655095807
2.083656459672359	0.0026136241268423805	49.02221715843208	0.07250287236138296
2.088367175875696	0.0019975630272844962	49.13876799758232	0.07166097426648563
2.091722447850906	0.001772654377998385	49.17843621230251	0.07425115642574165
2.0955849103221853	0.0016889382616845834	49.2119987303627	0.07336601617017914
2.0990531035889424	0.001890147031547035	49.173283087472676	0.0733660255487599
2.102338531714367	0.0016350912377339558	49.2508213392675	0.07250286351474886
2.105780279404459	0.001567051418047383	49.278191467575446	0.07250288326984736
2.108710800148704	0.001452604962733846	49.31885383214053	0.07166096643783645
2.1115491441788063	0.0013678116000184325	49.34996865873903	0.07166097236373035
2.113983583448648	0.0012769327866762382	49.383508328218596	0.07250287828086821
2.116557550594037	0.001263870995663577	49.396331836260856	0.07250287560830726
2.119391819380556	0.001433070954695391	49.35922238277498	0.07166097286508395
2.1225587573938545	0.0018381676613852436	49.26541789203176	0.07166098342453607
2.1262425466656696	0.0016378827205727983	49.27649453880847	0.07425113312439116
2.1291377732875048	0.0013905525599981967	49.33343589294797	0.07250286915638496
2.1318873818554183	0.0014649759454843096	49.3047855431071	0.07166096359122062
2.134806172295299	0.001515987832063445	49.272804809949854	0.07336602085425449
2.1379589041547553	0.0014144454514014527	49.30261544386579	0.07166097873651751
2.1414888376762917	0.002118490612933431	49.113190148754256	0.07166097635366853
2.144813322040298	0.001407156452354028	49.26905288781395	0.07250287792307357
2.147573618944028	0.0012634245402514152	49.29980841655512	0.07250287339665737
2.1502590640495893	0.0014572526997358938	49.23567805781818	0.07250288107113068
2.1530839707208953	0.0014756957900747747	49.25993948181872	0.07166099184349789
2.155961153835189	0.0013891277506649078	49.309391150458765	0.0716609761607082
2.1591245737947578	0.0015247023145402495	49.29026937632527	0.0725028723500951
2.162000648935039	0.001307221807489862	49.38603165027947	0.07166097079743115
2.165067510329996	0.001648890157532643	49.266054599608324	0.07336601895685518
2.1676313085869623	0.001219273984995099	49.397039528945804	0.07166096974814652
2.170088637743436	0.001199594012476911	49.396101043893495	0.07250287529468406
2.172366029659836	0.0009877633037158415	49.48553112376558	0.07166096812363044
2.1743515632338686	0.0010707790987452173	49.44258819643329	0.0725028791443071
2.176328060523317	0.0010593075919216718	49.43339338569251	0.07250288217182281
2.178796554982412	0.0011847425659901286	49.374259538361834	0.07166096812313313
2.1809337420205472	0.0008662108968282516	49.529100726831544	0.07102237294039841
2.182698245441927	0.0009817120320496588	49.471111331860286	0.07250287768599536
2.184564102847401	0.00091795701018061	49.502624038385754	0.07250288003337044
2.186230557443631	0.0008040271679561839	49.56028133328934	0.07250286668376503
2.1878426637131487	0.0009321181083513381	49.49138533152639	0.07425115189065368
2.1896912573559155	0.0008087160118083575	49.58168308419258	0.07166098113091837
2.191530855347904	0.0008169013852489346	49.57989510321072	0.07336602825234785
2.1928331581364535	0.0005929096793130896	49.73078341751798	0.07166097057983759
2.193811946043612	0.0004178538934916454	49.88417039950805	0.071660965015829
2.194935925536129	0.0006608513713886043	49.69514383329236	0.07250287499654304
2.196070783483402	0.0005104213249586744	49.8491543139622	0.07166097180269708
2.197105320920855	0.0005441468474706206	49.84062023886388	0.07425115444722262
2.1983304990781876	0.0006574196148523098	49.7758004345621	0.07425115441295163
2.1995476740663698	0.0006083050357023345	49.796119494068826	0.07250287480184658
2.200744407406671	0.0005839108433973361	49.79516176954702	0.07166096862181073
2.2019129276887512	0.0005069999782214797	49.83913225483561	0.07166097192127213
2.2028262660240383	0.0004918025991656936	49.851388104459204	0.07166097553624017
2.203932824175688	0.0005458085897712726	49.805089407220976	0.07166097045829535
2.2049735743606633	0.0004646268528643372	49.860444528971755	0.07250287080192146
2.205920919149483	0.0005242323170401715	49.78380436874606	0.07166097739698984
2.206909884141309	0.0004463199197407846	49.82314863311563	0.07166096498124688
2.2077021209628187	0.00044047567481197107	49.84208891435645	0.07166099787065995
2.2085130014039827	0.0003074230525012933	50.03595102532904	0.07166096308594233
2.209151926500975	0.0003738250729367088	49.9815726599882	0.07166099209636968
2.2099645556275322	0.00043818700606883796	49.9079198983623	0.07250285912959016
2.2109909681383826	0.0004721026356325459	49.86461976026273	0.07166097161503766
2.211851106745978	0.0004495756237958191	49.867379237220646	0.07250285324340965
2.212592384271596	0.00034102845131252875	49.97639593759399	0.07250288105336251
2.2134482569057017	0.000510259746421913	49.79485931214506	0.07166097352208545
2.2145589259074114	0.0004621874973695012	49.8270684674821	0.07166097598794062
2.2152714304010805	0.00032739546726967306	49.99112684178169	0.07183513198697182
2.2159421827299486	0.00041354902018005504	49.88901094445652	0.07250289027186953
2.216759735196421	0.00040291729737052234	49.91671209467279	0.07166096789416675
2.217542965427251	0.00036667169638310754	49.96745929197933	0.07166096519830255
2.2182364101063543	0.00033880750593820664	50.00750451474592	0.07166096442893238
2.219028965255037	0.00039754997265029215	49.928600181925724	0.07166094500826178
2.2197233054800045	0.0003354746369747484	49.9737611328547	0.07166095258213157
2.220526179606869	0.0004189758143690787	49.845027221870545	0.0716609951775959
2.221247391099662	0.00034242662092586807	49.972034067972835	0.06813365413116104
2.2220809845610057	0.0004888608729722719	49.75214772202071	0.0716609770042956
2.2229367289954425	0.00034757375148592503	49.88758784265033	0.07336603190425293
2.223716450438644	0.0004983369792817847	49.7421542598144	0.07336601710581991
2.224680805848221	0.00041928722455068015	49.830851873384006	0.07336599529613633
2.2254198423521614	0.00038261987064900835	49.86405441450812	0.07166096680781835
2.2263333049502476	0.0004573223208261637	49.75737823167408	0.07336601719283364
2.2273656041371743	0.0005107285327845869	49.70544748946345	0.07166096760952347
2.2285148241786805	0.0006532410663140477	49.587034868855575	0.07166096460718101
2.2294218069323493	0.0003036072473900835	49.91516325524435	0.07166098359391146
2.230191043485057	0.000509539694790392	49.68680386481154	0.07250287179932507
2.2313317622146913	0.0005203787920697045	49.68801769379665	0.07166097420720896
2.2321937926285838	0.0003978313620089495	49.81623591716983	0.07166097544118563
2.233005602649012	0.0004925372787912355	49.7335581001538	0.07166097083616625
2.2339053698036473	0.00034890403472092013	49.88396334723245	0.07250288276867108
2.2347444543843467	0.0004858420620717317	49.75063418758687	0.07166096972329968
2.235720293700939	0.0005161949718416916	49.69364617165745	0.07425115007625849
2.2366479291927135	0.000463322750383847	49.72146400269866	0.07250287502992664
2.2376372454059985	0.0005113127982579996	49.661623533800274	0.07166096977850646
2.2385982841497802	0.00043053162508809245	49.731803428976484	0.07166097498420074
2.2398396878103632	0.0011664368131097263	49.54990551862063	0.07336602526823492
2.2420227532658585	0.0005645406796128766	49.68267793765373	0.07166096897164956
2.242988577109475	0.0004401159690061719	49.81871562881956	0.07166097668204564
2.243952257830763	0.000550725322668869	49.68773205030185	0.07250287496971522
2.244968187862087	0.0005135275202587846	49.67606993030738	0.07425115460356058
2.2460421373076236	0.0005168649345693564	49.6650395615066	0.07166097815758893
2.24712058433065	0.000547743169733167	49.624736965008225	0.0716609645616153
2.248414249464223	0.0006601210163723783	49.536954302190274	0.0733660161218559
2.2495203365296086	0.0005833074526015241	49.6144779560862	0.07336601904923193
2.2508362401043946	0.0007060505579440327	49.55672043292807	0.07250288298662717
2.2520219995315585	0.0005395771361231963	49.66905316612914	0.07336602168074373
2.2531642582577676	0.0005769234506586744	49.65063401309736	0.07166097297485154
2.254461152828381	0.0006901434624622036	49.55878293303121	0.0725028694998571
2.255779206924113	0.0006184962871329834	49.60139460123459	0.07166097217389929
2.257031406183884	0.0007394599047569263	49.4922188560905	0.07425115419035028
2.2584292382215394	0.0005386380775869347	49.626343564126124	0.07183510866919121
2.2595448688068354	0.0006022428477132305	49.57649889608871	0.07166097714725617
2.2608525530324317	0.0006350534851368028	49.577854623345814	0.07166096532721554
2.2620488008477015	0.0005598154675463717	49.62480690475058	0.07250287280030887
2.263046935906424	0.00047093702388045837	49.6672509582486	0.07166097559485671
2.264040818334746	0.0006254987450763575	49.507908280775716	0.07166096798816383
2.2654564367453287	0.0006797412753914784	49.49162498847557	0.07166097029677317
2.266616660811716	0.00046464163256459794	49.67318765319046	0.0716609724121831
2.267634554965641	0.0006237526558936054	49.546985475751654	0.07166096627010335
2.2688258890281072	0.0005555177862352074	49.599377624663255	0.07166098099405901
2.27011467964632	0.0007630260524086749	49.43506457899018	0.07336602558195107
2.2715859482234015	0.0007237742764997052	49.44272004000211	0.07250287136910831
2.272858888630135	0.0005575995060682891	49.561083256414086	0.07250287835161084
2.2742029356360955	0.0006776993346555776	49.49111014604871	0.07166096797798797
2.2754988448388014	0.0006331213709193326	49.50956364469484	0.07250286789324646
2.27673082172571	0.0005726773659356572	49.54741210902033	0.07166097998065075
2.2777909587326475	0.0005689027773465567	49.559849596464524	0.0716609770367271
2.2790866550698543	0.0006767607313806077	49.50511963979345	0.07166097265563555
2.2803652573781403	0.000635996696753713	49.531687225848145	0.07250288204270718
2.281742875579243	0.0007287263057029036	49.47018398116495	0.07166097367285733
2.283072907087648	0.0006202958236894872	49.52686426888263	0.07250288221326606
2.2844935021656987	0.0007110106442839907	49.464279243078764	0.07166096463025305
2.2856255207706253	0.0005185555551029861	49.59313129234449	0.07250288342550198
2.286953047504109	0.0006487776824073757	49.5028073862604	0.07166097081751414
2.2880870430941833	0.0007084033946318916	49.45632794500279	0.07166096995429133
2.2895126561093906	0.0006616333770861019	49.444010760651516	0.07336602607004425
2.291249150625537	0.0009550558768480322	49.25464084314818	0.07250286632391596
2.293006288101945	0.0008850611131378878	49.32118349984009	0.07250286619222139
2.294613597758899	0.0008515901086974795	49.37310904383614	0.07166098369470825
2.2963508218444892	0.0007524784805843653	49.4057830310055	0.07336602471244562
2.297940374405699	0.0007860578814253543	49.36171098225497	0.0733660105464028
2.299363932297693	0.0006911509953666714	49.4161613662121	0.07250288104512666
2.3008216358367304	0.0007519895354008263	49.38984979267627	0.07166097758719361
2.302331108499767	0.0008725538918467345	49.308692279820704	0.0742511448535384
2.3042052300838636	0.0009399654652084047	49.27389101472495	0.07166097148130322
2.305907256465881	0.0007824700031621767	49.33965473635952	0.07166097591413025
2.307819312471627	0.0010231738930503154	49.21055936155592	0.07336601464885402
2.3095452862603976	0.0007671000762539722	49.33383033394071	0.07336600370663277
2.3112177444108624	0.0008751408486908139	49.27904863395754	0.0733660203521653
2.3127170308358034	0.0007198212282119484	49.36851956470484	0.07425115926570437
2.3143353652695575	0.0007298251151333486	49.384181859045555	0.07166097242244365
2.3160156496265354	0.001078531475114192	49.21947312878521	0.07250288345089402
2.318039055746436	0.0008966218368646869	49.306376557524686	0.07336601376832079
2.3197102816782595	0.0007852020599006218	49.35406236740502	0.07166098585473901
2.321493834418677	0.0010624315325185128	49.19418262954176	0.07250287051922015
2.3235749909362613	0.0009070971424503266	49.24669562888659	0.0725028888181552
2.3254195089234946	0.001043919738311279	49.176443651201	0.07250287311324409
2.3277228864596555	0.0010574781333089023	49.14953697828204	0.07425115111625005
2.3300318262491797	0.001277091097954048	49.08869494075623	0.07250286337687577
2.332799858067502	0.0013582415317624004	49.08014493103431	0.0716609828746255
2.335081199753053	0.0012439858835041693	49.11976956190442	0.07250288320467983
2.337657399117641	0.0011661771483931136	49.14447324739652	0.07250286898733538
2.3402670180379648	0.001515516268941531	49.01827517634826	0.0742511198453608
2.3431467754332003	0.0013716871417934623	49.05377570160046	0.07425114419189036
2.3459417006999934	0.0014559969102323146	49.02483687557205	0.07336599947946747
2.3494582481912505	0.0020092931703249556	48.894414124079155	0.07166099340093296
2.353028159711631	0.0014432321745609631	49.03911842428305	0.07250285795828872
2.356066375555876	0.001702089073380535	48.97046194089573	0.07166098381390335
2.3591639488678284	0.0014600586399849595	49.00845875240832	0.07425115785324737
2.3624063808823736	0.0016527595722738973	48.96984381806548	0.07336604359249149
2.3659782421708897	0.001985547653041488	48.93385257878506	0.07336602504798855
2.369690378371275	0.0017592341818101617	48.977961278420196	0.07425116939723977
2.372823344926575	0.0017584366276733642	48.93086647610136	0.07336600120916018
2.3764511451150643	0.0015361134495825723	48.78406757427969	0.0866406110299503
2.379931601682025	0.0018020783136313222	48.82416869746615	0.07909839541195358
2.3829798626794507	0.001531861450896332	48.79671035123239	0.08830565900612798
2.3860899192701055	0.0015479909016346812	48.79818751287608	0.08664062873357516
2.389714899569873	0.0018225919842326996	48.71006909199275	0.09003344328898424
2.3927517134259797	0.0014065174630060546	48.84456804415588	0.08693747081277299
2.395685502712516	0.0016370806867060696	48.826555646999275	0.08188534372807564
2.3994156871056487	0.0017420698149514015	48.9353411851371	0.07166099783928931
2.402621942443761	0.0015115824537547142	48.83437927637012	0.08503518727055649
2.4061545449804824	0.0018904529196205903	48.73381850344785	0.08503519358766734
2.4096860300653833	0.001748050316082265	48.887524185935135	0.07425118630714406
2.412996745805993	0.001599937311889163	48.906181487633894	0.0733660190837743
1.8466797025697197	0.025747045995263267	48.83848518852898	0.10086397080603234
1.883040948637285	0.014798437678756514	49.19146692547381	0.07976296712648932
1.911445196084478	0.013862650140086839	49.088823433345866	0.08420235595927242
1.9313243791375925	0.007944179390977614	49.311250340319916	0.08311728256073943
3.2040290066496446	0.0029682480796478367	47.45366589959888	0.10221019027012564
3.2107334821612166	0.0034794782369196625	47.37915279830523	0.1022101754232821
3.218074014025038	0.003694874209067197	47.34688622473535	0.10185533167891847
3.2250395245205485	0.003232022738041362	47.3967878764126	0.10221018448927516
3.2324484779395104	0.0039717043313019645	47.51974987534095	0.10255989663292735
3.2415744016083177	0.0047966239260433625	47.46985322824166	0.10185532790195062
3.249149785875704	0.003184914813029666	47.42144251880708	0.10292818124745771
3.254330934606902	0.002517695448490035	47.496620723891496	0.10221021902886532
3.2598580808626827	0.0033559508424656254	47.373405522904946	0.10221017872464291
3.2664148462273106	0.0026934884502202113	47.508722761436935	0.09755604971202439
3.2721358613770013	0.003624845721036772	47.337733525873766	0.10185532393199949
3.2795413216102296	0.002850838468252051	47.44758336066889	0.10292818741486505
3.2850764392590124	0.0028147348660079456	47.45477639840344	0.10221018735462599
3.291061419210374	0.003354613607170738	47.366881127628034	0.10221018591123192
3.2980425362900565	0.003187302918785841	47.39171387597404	0.0996264680175888
3.305148556817091	0.004031429226380242	47.27272279439272	0.10028690889870294
3.3115760211587832	0.0031998373420595826	47.4616758780284	0.1009276275708112
3.319121456237575	0.0042291064508207035	47.41648631821565	0.10255993076416818
3.326502061848973	0.002558698339448254	47.409053416216	0.10256779412118278
3.3327932365371717	0.004308176490738985	47.17601258264704	0.10185534841392138
3.340620974814558	0.002786459253679946	47.73005121297872	0.09590591074219257
3.3483678613617323	0.00466331612471425	47.36651422239157	0.10256779112589941
3.3551926453107384	0.0023951267644225374	47.502819240188714	0.10221018216575792
3.361382750696638	0.003443435098213911	47.282200742541804	0.10221019549276997
3.3671879185663793	0.003106478545933695	47.2804930449984	0.1029281662254166
3.3729634316261605	0.0031612232460185513	47.270513544634966	0.10221019534699827
3.379385333439725	0.002265314988725133	47.41175864865567	0.10185534236028905
3.3836113382164306	0.0023368419479389167	47.3958757123526	0.10185532018970808
3.388619154499552	0.0029569033048938214	47.28755220489125	0.10185534508637888
3.394738917276781	0.0029155289618583973	47.29398555067439	0.10221017745639696
3.4014101309733045	0.003140252149442806	47.25230275370888	0.10256779258221341
3.40588545878617	0.0019536398486634052	47.456757571973455	0.10256779479602378
3.4104667019183967	0.002284610203860917	47.39380830151855	0.10062079976264288
3.4149102885622367	0.0022613538538668633	47.37341327164974	0.10221018113776234
3.419920704745513	0.004022100566800406	47.36217465903919	0.08994577103507814
3.604170462546488	0.002306324885782944	47.21472172992184	0.10185533933863948
3.609984500606924	0.003274729719915253	47.0353472016982	0.10328570359684253
3.6150376687361203	0.002304185317974015	47.18497742438572	0.10061690630108196
3.6189085142940245	0.0016856043253099188	47.283074381428875	0.1022088048097467
3.622492730264783	0.0021571055428721373	47.16758830984646	0.10256501089503242
3.628430388468985	0.0031917427642017804	46.98738759819387	0.10365030891249927
3.633094582667919	0.0017893176637012074	47.24267039907737	0.10185532190729212
3.638251745529711	0.0029643534088532497	47.044592557359536	0.10061688165614066
3.6432259850661675	0.002519273330477864	47.10346141540599	0.1025649803309304
3.6487693248706057	0.0024365661774526995	47.12372882712236	0.10220878325316128
3.6530673639850795	0.002211528780175183	47.15122818213383	0.1029239647046662
3.65796608756951	0.0025346068232089173	47.08380474042673	0.10185531609021493
3.6631961079939277	0.002504266703686374	47.073458433001505	0.10328574249603306
3.6682726189408132	0.002863415735020548	47.009725907892495	0.10292396697461087
3.6727267257196896	0.0015852285039331638	47.26351191102222	0.10220878812500721
3.677188524986196	0.0027576896817031356	47.01496477106606	0.10256498068686756
3.681292560327673	0.0019781649994379527	47.155045616655954	0.1022087849222461
3.6862596987956167	0.002607552616190447	47.0232279887834	0.10328568961405499
3.6909340242430613	0.0020729295752655876	47.11975442703531	0.10256500072431074
3.6949073612375027	0.002830020487071073	46.97842087220458	0.10328570153409126
3.7007600474372744	0.0026624036145610147	47.195214402004	0.09371380849959965
3.80717658645686	0.001127923618334847	47.35875697642013	0.10185531862561888
3.809972824304202	0.0015759620228869345	47.232478473251945	0.10063892355443044
3.8129258980606595	0.0013565900156535021	47.26399241378539	0.10185534375702567
3.8154844722368297	0.0013831830325099065	47.26170166147425	0.0999614437434066
3.8181844209818427	0.0013058883403124276	47.26077587530183	0.10258073305416944
3.8208464106128712	0.0014345267899034048	47.21973063355927	0.10331767381485042
3.823672195255737	0.0012216179389302395	47.295556094581286	0.10258075510795449
3.826277102952103	0.00138297345653508	47.23640938241695	0.10294772940141073
3.8285687462252884	0.0008723887729451003	47.43869769869319	0.10369055705623276
3.830410008710037	0.0011025761393946027	47.33636888382294	0.10331769725517592
3.832858554244271	0.0012957210637986956	47.27302235205731	0.10185534524440769
3.8352543676900277	0.0011564324903945075	47.32060709800088	0.10221659313799712
3.8374034040291374	0.0009534557000496089	47.40690204604055	0.10294775610173341
3.839236654546978	0.001178612227131743	47.34030955169891	0.10063894927823407
3.8415002231811357	0.0009770688444384486	47.397974782385376	0.10221662092777477
3.8436800709432113	0.0011666278431478	47.31538924171873	0.10258072093065283
3.846487073646548	0.0015776628553613582	47.40096633306554	0.10029889842942306
3.8506487026542757	0.0021047596816856826	47.217350317900454	0.10363388715031378
3.853528635009467	0.0013938864228653434	47.2250479927134	0.10221660441166125
3.856159810438837	0.0011650527228671682	47.29827065285108	0.10221660768729497
3.859221806283461	0.0015008100524596146	47.18919044319082	0.1025807215048913
3.861638220329196	0.0011193589509525144	47.349197822738134	0.09996143509001221
3.8633613752910714	0.0007123261344602291	47.53264390479997	0.10221661486887618
3.8647928803039164	0.0008025755661107225	47.48804271184892	0.10185533070248004
3.866554917958654	0.0008300777131922882	47.46236334870176	0.10185533710020371
3.869102698104564	0.001467049737924933	47.23360240972988	0.09881610286138717
3.8714315133491928	0.001246369349062565	47.47620535732868	0.0824403945148184
3.9449657339045467	0.0006159538840143355	47.397630851699134	0.10299747232546014
3.946755783463165	0.0009968143690063658	47.189573494919514	0.1033845001658145
3.9483274716017798	0.000891347767188528	47.563140498632016	0.10185531374395626
3.9508572552487813	0.00121531898148489	47.39417577944531	0.10100830206867993
3.952665653374564	0.0009076991806089672	47.260984089783626	0.10185531544436248
3.9541630257951708	0.0006030466457761737	47.48473639092586	0.10032936588184727
3.9557283931650016	0.0008512531522702234	47.33712176038819	0.10261362786143416
3.9573270003587986	0.0008231739116198079	47.3409082952198	0.09962646489438848
3.958650599652528	0.0005222402664761207	47.486142165463974	0.10223291894596095
3.9599046317593425	0.000619920568820498	47.42389576291846	0.10223291017429412
3.9612440145521424	0.0007910651688297288	47.335735582984555	0.1026135966176837
3.9628135051717637	0.0006896875265539084	47.37882766557074	0.10261360604880128
3.964121884612136	0.0006876128626741878	47.35286756913541	0.10261360275028983
3.9655927952503793	0.000807654846023444	47.25579339055024	0.10223291137013875
3.967229478729605	0.0007314786983589997	47.30286944810229	0.10185534641580216
3.9691024811035183	0.0011895940769027238	47.08969276944908	0.10299745002898807
3.9708812974821086	0.0005560981180689049	47.42423840056399	0.1022329175817882
3.9721511322953083	0.0007232263755172928	47.311418295843836	0.10261362483779447
3.973840073861316	0.0009845796922351433	47.1751038442049	0.10377474358383487
3.9757372164909173	0.0007411855346449875	47.32288461029576	0.09997655601580743
3.977203435279784	0.0008816711615553487	47.2191598507912	0.10261362322031807
3.978647576308168	0.0005937450887437524	47.38849665494581	0.1018553430175871
3.979956571227479	0.0007103536084179681	47.304619061711506	0.10261361062894163
3.9816623906487374	0.0008726558391487216	47.24450573258301	0.09962646381847387
3.983334906012783	0.0008223085343051707	47.31520195116798	0.09997653611273372
3.984914613837768	0.000889561239726258	47.44997309160407	0.1025982173646179
3.9868275848989203	0.0008623385569603566	47.449820091210995	0.1022252878974559
3.9883795278469325	0.0008128121292141252	47.4699368211794	0.10259820596664361
3.990390302663977	0.0011326897528188458	47.328387131053454	0.10185532913815867
3.9928030073654552	0.0012873296495947322	47.29607394595699	0.07954779948008041
4.0513662184178445	0.0006428210039891683	47.30136642504876	0.10185534046426138
4.052527820752101	0.0005809999602984827	47.3443743631821	0.10185532819302169
4.053604362069028	0.0006395167371362652	47.297071270364654	0.10185532294224653
4.055023795769824	0.0005776704172391995	47.363746446498155	0.09962648018660758
4.056129107683513	0.0005960686498330005	47.314391809965265	0.10263626782077517
4.057398837504965	0.0005943284922475356	47.303482392557214	0.10263628859986275
4.058613417486127	0.0006321830678775715	47.29486187860505	0.0996264694833685
4.059807119456857	0.0005910497564065629	47.30111923754679	0.10263630437715704
4.060789215759257	0.00041279244316985437	47.46288995582423	0.1018553324671193
4.061647365757564	0.00039236966539837225	47.48585485394361	0.1018553148171933
4.062534246125726	0.0004698721298185321	47.44637024510955	0.09891326086985659
4.063448446572732	0.0005470301255007525	47.34371886500029	0.1026362754794288
4.06458983037628	0.0006235430555425412	47.28737330963217	0.10303175823040889
4.065936168561188	0.0006798819870786492	47.27673055059584	0.10071675911084699
4.067197024294444	0.0005035954409630362	47.389042834011384	0.10185532981828507
4.068060088418027	0.00032861845371793207	47.5581902294372	0.10224416183511989
4.068944461915091	0.0005980331755042863	47.284375457773024	0.10303175695314025
4.070139544141823	0.00048095133437264423	47.41533982024735	0.09998696960584678
4.070999879890922	0.0005568061757751392	47.34153863099058	0.10185534452161575
4.072102458077682	0.0005745511576816482	47.335336234167706	0.10263628264222752
4.073276857814383	0.00047749711153838813	47.40265436490053	0.10224415589558324
4.0742783372266	0.0005716797710252555	47.4782606067104	0.10224415759314283
4.075579909003786	0.0006649588087502673	47.52092467554401	0.09997960641591305
4.077042042581379	0.0008142072734811121	47.32979479809857	0.10262028371201432
4.078526410179841	0.0007170666045442311	47.285313381210834	0.09998697356862378
4.080008571853364	0.0006582049313468179	47.503234048961986	0.10223619838700308
4.081257345383402	0.0006000658779320629	47.53054053545188	0.10223625102029736
4.082160311629572	0.0005239615026542609	47.469156086548026	0.10185533108208687
4.083611265573067	0.0006900715519435369	47.24017890611039	0.09998696764334444
4.084692283305376	0.0005953385342592246	47.28197697138918	0.10224418040240536
4.085848978278514	0.0005380900298644552	47.34668813410197	0.09998698485106168
4.087443681099169	0.0010907127984880526	47.307657426133495	0.07630117039652994
4.1390251035363645	0.000820822087816311	47.361947854305605	0.07699059642206779
4.27865208727782	0.0005237305072254554	47.17023206987841	0.10025477042198819
4.27971192623507	0.00043933736889723317	47.240119281663205	0.10057229172729207
4.280593021589466	0.0005213950910024372	47.17507555207107	0.09962646800481456
4.281524655380024	0.0004611534029805182	47.22030333120748	0.10219300055999679
4.282355148940278	0.0003304490758656813	47.37943273687391	0.1018553353258437
4.283213400161544	0.0006007031243181486	47.11192848873065	0.10253314612961287
4.284321551564117	0.00046994017414742274	47.20636496367863	0.10219296742314883
4.285219418752097	0.0004103507521245174	47.25498297506806	0.10219298679217739
4.285991345410998	0.0004213240511197793	47.233649728868784	0.102192969067021
4.286945297499112	0.0004320806061553623	47.219999618172054	0.10219299502173136
4.288135583433735	0.0009555316979065496	47.04910588415639	0.09122158471565854
4.329265756728692	0.0004555197751095442	47.1912621569371	0.10251612586460483
4.330271994667359	0.0007081239259302672	46.98498809864009	0.10285004419451328
4.331827441036979	0.0007371862177300066	46.99025909036191	0.09993166125359958
4.333196060862659	0.0006193854016840367	47.04041567391751	0.10318647256949466
4.334217422006029	0.0005236688198833364	47.123739330603385	0.10251609777379947
4.33549325379955	0.0005847894452742416	47.07317809124356	0.10185531032644768
4.336580596335966	0.0005104117668466448	47.151605321874854	0.10023904075215785
4.3397118418524085	0.014766650565424736	46.97091729451587	0.07913457771947884
4.409862042264341	0.0016630456498522785	46.937607904747765	0.09476573599501614
4.419536354746733	0.00047329513798911914	47.10118577081131	0.10057318472714773
4.420576315353963	0.0007039511385560169	46.90767834027774	0.10253377035491898
4.4219341580873905	0.0005220376167439735	47.04153771503769	0.10185531889305793
4.422936908079222	0.00042691429208660927	47.120106018700746	0.10287678186916438
4.423734476329321	0.00043465252901872347	47.11455749906603	0.10185533366619892
4.424998410866974	0.0008994881195510484	46.85270428132666	0.10252827009252335
4.448125696376303	0.001152171208486576	46.80344246021477	0.10654105207567714
4.451284325530573	0.0014637701468113112	46.574051961025575	0.11888910289662638
4.453530738494384	0.001129960981868647	46.80060130510987	0.10395703860052476
4.455727145090312	0.0010054996808196329	46.84948690547002	0.10268447418993426
4.458057496689983	0.0011891164505413465	46.64679536085106	0.11822158623832964
4.4608240907064465	0.0021262704605005222	46.702969552389675	0.08868234647073
4.4840391927369065	0.0008381979675745123	46.60785038823175	0.11800633045487295
4.485438530884173	0.0005397480388185689	46.80091853923	0.11695607383176528
4.486400591291309	0.0006565927441446372	46.71456477206928	0.1169560794333578
4.487641649778506	0.0005590862495634016	46.90937312992264	0.10207561940673224
4.488909486135678	0.0005941295638168094	46.78890333911759	0.11765399709853934
4.489959413300083	0.00040244435059206727	47.12679727603256	0.10251948389251064
4.491008106786918	0.0006277617944042579	46.91053347842375	0.1022970484531963
4.492047838078712	0.0004951841516866598	46.958458840414835	0.10296768101589247
4.492990579105723	0.00043598112917777796	47.0017054076591	0.1025194576751456
4.494060238527997	0.0005871247806842197	46.74640400670485	0.11765396515217062
4.495013833785901	0.0004701159531202405	46.9703436113649	0.10274303377306329
4.495951575652926	0.000534052324445774	46.917719101581156	0.10229704670980576
4.497216730932797	0.0006907905160794658	46.68094241539288	0.11695608607122199
4.516556016761079	0.0006056642923834584	46.88728463407365	0.10258333490390949
4.51788185010073	0.0006930185474007032	46.796449918003546	0.10531746816408843
4.519267060470336	0.0006087368742562525	46.79166347276268	0.11065781412120605
4.5204137681662	0.0005252679055948289	46.91543477069101	0.10233939757247673
4.521294936934195	0.00042889676502875097	47.00224154502399	0.10258330988248722
4.522576365307126	0.0007738091045460969	46.614994259056516	0.11740381518541108
4.523786882777092	0.0005753567274969929	46.86690641866605	0.1023394087498979
4.5250946897854805	0.0005668763224889746	46.874447333143735	0.1023393923461387
4.526246508191159	0.0006528737107454124	46.81079295797238	0.10209669345286922
4.527423910334942	0.0004967198034361315	46.801570086399394	0.11740381701308988
4.528793128954214	0.0009702249460416959	46.779216541772215	0.08894334317538888
4.547167230824449	0.0005003001318295936	46.88350107639836	0.10402966834953635
4.576092202484685	0.0008221218008954454	46.51262949723889	0.11807380870916465
4.577230015567779	0.00046086010810541454	46.8897182386904	0.10301062061467252
4.578459707903606	0.0007161881242223716	46.57052705377587	0.11807378553433373
4.579553241375581	0.00039886692197337416	46.9554418514805	0.10208406339631905
4.580589547097543	0.0006117213822083086	46.63782752925981	0.11734380542727835
4.581533287308588	0.000480017822127176	46.74446390262704	0.1162670690194236
4.5824239417704415	0.000337096888395375	47.020832597616504	0.10185533975750355
4.583268400428448	0.0005961561417390344	46.74646411665192	0.10501025239263258
4.584759234046862	0.0006823437022462985	46.5962648340815	0.11734381615025495
4.586297088724716	0.0010433185447487293	46.68720801296091	0.09015387684775111
4.602379710398031	0.00035585084145059676	47.15731378825017	0.10279186792938688
4.60318212406218	0.0005468864167163384	46.936819673000215	0.10302904394839567
4.604178947405935	0.00040500562099478717	46.97410875946064	0.10279188920470145
4.605051056420848	0.0004491022485074096	46.80500989411284	0.11316474294267899
4.606287628507749	0.00066054264500451	46.621511516079345	0.11736094242234715
4.6073410863492175	0.0003797287576556305	46.86143181763209	0.11736091213377231
4.608097074787155	0.00043481347448378916	46.82013884549417	0.1134947447285468
4.609171765605514	0.000556073716514122	46.66769303006213	0.11699380122085816
4.610331306532715	0.0005823238808605377	46.62920892550791	0.11699382061140114
4.611308540794065	0.00047587891319179497	46.71681368765083	0.11626710636059959
4.612427219167899	0.0008554544284113391	46.59493480440524	0.1022828792794316
4.627761657164864	0.00045818761378948363	46.715217243356484	0.11734344734977142
4.628916484809351	0.0006110654772951052	46.587273069721064	0.11770707534677324
4.6299086961633185	0.00045592804332592095	46.712653654767074	0.1177070597850944
4.631029741617078	0.0005605085197279198	46.61382090583976	0.11956237856182088
4.631996672273237	0.0005750881729091288	46.607254016047044	0.11807310117167598
4.633230179216322	0.0005734591917609266	46.62659187532661	0.11626711344391683
4.63439735431095	0.00047747375406162837	46.70961755578483	0.11807312898405825
4.63508528880131	0.0004190914800592895	46.802328386219216	0.11413988487503048
4.636010088951537	0.00044956542037860315	46.876821774300986	0.10277687315255188
4.641773836699065	0.007884515223985216	46.71240447015329	0.07543136282007766
4.7202213891313995	0.000736343702593964	46.4488804484656	0.11760624559596283
4.721676129069957	0.0013046706859455505	46.42304396362884	0.09263634389502055
4.739415118179451	0.0006715507701627919	46.45957924766977	0.11711674425279761
4.740509162118305	0.000542463772519764	46.55364781349543	0.11669023929827278
4.741902404027704	0.0007701165319111499	46.4225844636467	0.11458370768439054
4.758449466565749	0.0005323415444100851	46.55300923041986	0.1178429471300848
4.7601106237352875	0.0010763247184188266	46.45167890075049	0.0942005287379997
4.787438254703075	0.009040612643244133	46.11579442916153	0.11898714975792546
4.795262412764338	0.0005687745555890746	46.47769196883307	0.1172425436190126
4.808059961893802	0.0004783927711512236	46.545920648175155	0.11670600046121193
4.8095426351144415	0.00086237896504674	46.28906353166815	0.11827114865691755
4.811353591691525	0.001078715570196073	46.30006801543145	0.10518380871926118
4.824055035487009	0.0005119505284112536	46.52588035028765	0.11782757116547661
4.8253114519423494	0.0008620541766844784	46.29464856335842	0.11874008700555289
4.827550140427294	0.0009316036867728503	46.26131649436389	0.11715322849519454
4.839693905361778	0.0007391304938381944	46.3188779583199	0.11759569079212133
4.840894605303363	0.000482695351409221	46.50480880694904	0.116927242007003
4.84230493191497	0.0009752549134738678	46.24209534943317	0.11269473913146834
4.856682198793103	0.0011290587173637986	46.377438662680014	0.09012599140763337
4.870752222315105	0.000803814261047728	46.29457570904178	0.11404293963227158
4.8847616760244525	0.0010849009465171055	46.27953894183313	0.10343715868473821
4.899260912552307	0.0011177097080153698	46.23625263664297	0.10550737603651264
4.917596229252952	0.007212062559145069	46.157931577035264	0.08824720158486096
4.9966842621744725	0.005808689005317728	45.976413006129	0.12069554696961725
5.002246558958875	0.0009064865705210095	46.168938264116896	0.10645276372509133
5.012742887121652	0.010223163621067722	46.140773553649026	0.08696870282394781
5.041421350795982	0.0012804742737156588	46.066037210530816	0.09689721144534125
5.182533595692897	0.020865817721131084	45.856880294266034	0.1099831659078635
5.23697232114881	0.05125779350338789	45.59040474367516	0.11347950515692175
5.409721087960357	0.004645229691621711	45.59240664316032	0.10372764732993958
5.420650261950221	0.004497842030528587	45.716643489165925	0.09474078258555552
5.557185730578884	0.03493068115804873	45.403650240523	0.11748039634066461
5.566937692413805	0.0032444250222325045	45.463729450310396	0.1212996150479891
5.599290888000275	0.0076903121306223605	45.357190136690704	0.10435615024395999
5.644744353001313	0.02461364581063857	45.159713546129765	0.09718602927080376
5.7393384045755065	0.03528433406232926	44.891392908959936	0.12048278968818571
5.80795670306686	0.028487678358632043	44.596048597419426	0.14526770699994276