-0.642593530095133	0.01398693958883527	51.42405839548235	0.11008875165687933
-0.6154836963137836	0.013140529493526358	51.680091147929915	0.08841762561125205
-0.5899671235199827	0.012390712851590963	51.766862994566694	0.09852885086379887
-0.565866955673602	0.011721849058422476	51.90349554203819	0.10446897213542763
-0.5430341165267163	0.011121497935099582	52.15021098380636	0.08803353961774298
-0.5213419813266659	0.010579646343671825	52.300247917346546	0.08254837626527661
-0.5006820062106181	0.010088141733470272	52.057970217815516	0.09245968815693201
-0.4809603554667254	0.009640277256546289	51.75687611617552	0.08449749134698967
-0.46209551275379723	0.009230488419610541	51.47835070131604	0.0800196178728498
-0.4440161457607822	0.008854118187611679	51.04148964919693	0.0865867503263237
-0.42665940133108377	0.008507237754742722	50.73375750458746	0.082403502636802
-0.40996975052701884	0.008186512316493522	50.68385451562564	0.08970016702562435
-0.3938978306314938	0.00788909161789042	50.9478467452467	0.07971513436010393
-0.37839949660885874	0.0076125238385397935	50.97372239734049	0.09163331631877558
-0.3634352573370144	0.0073546909214589565	51.35275404750283	0.06528256182565613
-0.34896948281620854	0.00711375087178891	51.20238708788326	0.09418786130007843
-0.33497005251812345	0.00688809647982279	51.037472742600755	0.08444900084816366
-0.3214078552283397	0.00667631815144578	50.991570935743184	0.064655412642557
-0.30825636657600053	0.006477173577766164	50.621077979337144	0.09821583640799675
-0.2954914589131344	0.006289565263626177	51.06630065797804	0.08244019486227609
-0.2830910712356635	0.006112519255802326	51.48256996313605	0.07221021444165529
-0.27103492654313627	0.005945167507721491	51.61924542943228	0.07945094964716733
-0.2593044439047957	0.00578673524463275	51.43030069909566	0.07959594325092538
-0.24788250822702593	0.005636528110409696	51.160589445813855	0.09003064407863318
-0.23675327089109802	0.005493921376153434	51.09015044249162	0.07751600157746427
-0.22590212015479536	0.0053583526090676395	51.07393549810258	0.0898293018498635
-0.21531551259679932	0.005229313534133844	51.23422255062075	0.0747832641169482
-0.20498082578999852	0.005106343131854079	51.280429452110205	0.07675962681688837
-0.19488637776747714	0.0049890234675063795	51.26073145570758	0.07458053404314637
-0.18502122394336434	0.004876973468480962	51.23402870527003	0.07155999254688795
-0.1753751923741529	0.00476984604207243	51.16558796917505	0.0755855224761148
-0.16593877393563283	0.004667323922923394	51.10253677261938	0.06837857680190752
-0.1567030251068257	0.00456911610661642	50.90416557882749	0.07592308420678624
-0.1476596016997364	0.004474956012877085	51.21809877788665	0.06970094966184119
-0.13880066992974616	0.004384598580816911	51.50714205432633	0.07801377818756647
-0.13011882719296025	0.0042978177602165865	51.6704027179965	0.07168678866918671
-0.12160714435379022	0.004214405435173458	51.75713050542006	0.06667356910971985
-0.11325909164678571	0.0041341693290277036	51.28782610728477	0.07889041431567884
-0.1050684722915125	0.00405693118680591	50.85497292559887	0.07662967374441347
-0.09702948157315883	0.00398252628256287	51.21391242406018	0.07361650567911583
-0.08913658424167553	0.003910801321492763	51.70299611985563	0.08889493846573564
-0.0813845762374088	0.0038416141755364033	51.83549204721303	0.08467328498104137
-0.07376852710290094	0.0037748325922048348	51.918940688159495	0.0627454462942958
-0.06628372796037735	0.0037103330680788	51.60381905810728	0.06994585827831128
-0.05892574227582498	0.0036480006857818287	51.29257040324184	0.07291848271372785
-0.05169035508633085	0.003587728116395585	51.05976660674406	0.06992093679157375
-0.04457352693155736	0.003529414746818218	50.996009658795515	0.08184522947803806
-0.037571445134702286	0.003472966659950633	51.114079407648426	0.08554218491614991
-0.030680478351661766	0.0034182958470181262	51.47302529811037	0.065477386696975
-0.023897135162941896	0.0033653195169967656	51.339395422995224	0.07485974374147937
-0.017218115177777993	0.003313960168531097	51.25180166754283	0.07480438896576458
-0.010640267826168448	0.003264144955574439	51.06729239560297	0.08581946366459778
-0.0041605546742289334	0.0032158051301244108	51.13053710309667	0.06876251414627876
0.0022238906470936626	0.0031688762411822436	51.1752201640003	0.07344238143966082
0.008515847422664091	0.003123297270069164	51.23764053427354	0.08203801942020814
0.014717948066918285	0.0030790108617516467	51.46338348290997	0.0736762879826819
0.02083271392822661	0.0030359628650028516	51.662312618555546	0.07112467114872363
0.026862588219791594	0.002994101927228503	51.564141038676155	0.09040510695221932
0.03280988712875221	0.002953379675892138	51.38803662164793	0.07484455623403857
0.03867683308921621	0.002913750331466195	51.14743838313824	0.07635522577321356
0.04446558548081708	0.0028751703657999683	51.09072983797728	0.06601205253773035
0.050178192873470084	0.0028375986977163432	51.38316106371947	0.07026064873780785
0.055816624155277605	0.002800996362745376	51.56235215507805	0.08595445957173418
0.06138279733605628	0.0027653262211020076	51.7892878693598	0.08040741606317627
0.06687852485089224	0.0027305532110537124	51.59721945236017	0.08558769834606206
0.0723055835348258	0.002696643807801847	51.33187761697169	0.09304143134655087
0.07766566041979633	0.0026635662824151017	51.139906187280666	0.09254357048946378
0.0829603809307497	0.0026312904414491586	51.159960987545546	0.06709023919060021
0.08819133509318339	0.002599787396028553	50.836030423938354	0.078401272530755
0.09336003300789014	0.0025690297646820503	50.64665840603335	0.09056314137563717
0.09846793158229367	0.002538991444398659	51.011789935544364	0.07487026741719673
0.10351645943778859	0.002509647407211563	51.288672866929396	0.0741376559053185
0.10850697359236566	0.002480973899653178	51.437286103975794	0.07435599492803711
0.11344078489813053	0.002452948239602386	51.36954093615466	0.06999878127629842
0.11831918179802164	0.0024255486354398384	51.18564729271925	0.07192121554728942
0.12314338819076859	0.00239875438049083	51.13477652004492	0.09783979361153214
0.12791458771564473	0.0023725456712783833	52.33846112713369	0.07311381090345036
0.1326339464820268	0.002346903445418572	52.9401997214003	0.0724080782259453
0.13730256516379952	0.002321809607035699	52.22733400894	0.06396337902070338
0.14192153684668568	0.002297246678008314	51.092751207246565	0.1009659794628014
0.14649189963838477	0.002273198021521308	51.02348105670889	0.0946358598168415
0.15101465928428476	0.0022496476886888685	51.35522574905341	0.07558936656553718
0.15549081040598695	0.0022265802812992887	51.55118277909899	0.0778129572052074
0.1599212973443494	0.0022039811290681323	51.46130208038748	0.06996637615444332
0.16430703589709744	0.0021818361499553996	51.002876603203596	0.08289362826800054
0.16864893377073947	0.002160131724913173	50.8738663415764	0.07982436396650312
0.172947852466304	0.0021388548681869233	51.36758873915345	0.07656814378431052
0.17720462821504795	0.0021179930994101857	51.8780604239586	0.07475823685134053
0.1814200917105933	0.002097534328681027	52.21842918475896	0.07482783324084097
0.18559502480430984	0.0020774670495466484	52.157015201999556	0.07113823633653844
0.18973021166159082	0.0020577800732264353	52.02085291403834	0.07501927947839108
0.1938263959186181	0.00203846271881463	51.728313435454226	0.09107385235586084
0.1978843004235214	0.002019504701660973	51.522952848107515	0.08974878871981827
0.20190464589345664	0.0020008960327429857	51.43860464855252	0.07487405852202854
0.2058881153783539	0.0019826271707895156	51.08051491817382	0.09892629472850986
0.20983537335742292	0.0019646889188422207	50.918538825053304	0.09478772225286539
0.2137470838144882	0.0019470723308170823	50.78943961032933	0.1215034400809169
0.21762387559496915	0.0019297688571656589	51.06277858572478	0.08803329533980883
0.2214663609038688	0.001912770248662055	51.24572164366666	0.08230926017196437
0.22527515283992589	0.0018960684693201462	51.29081099946738	0.09019401712302785
0.22905083160780776	0.0018796558358473016	51.470711110058474	0.07759316596754721
0.23279396245845124	0.0018635249278513455	51.31040574688156	0.11895268045048968
0.23650511271800007	0.0018476685064108672	51.440502376537054	0.1035820942340077
0.2401848133587497	0.0018320796706257278	51.33041787579026	0.12242015668145308
0.24383360371836654	0.0018167516583938285	51.38516857715547	0.10235689770748636
0.2474519934554666	0.0018016780003698907	51.31656283526923	0.10244516668105688
0.2510404796395576	0.0017868524394017953	51.46692453305867	0.07775419346242109
0.2545995630075945	0.0017722688572399791	51.49297529409654	0.08084420347906837
0.25812971628308395	0.0017579213987773915	51.593524185550365	0.07622112104924188
0.26163140079731434	0.0017438043962926756	51.66296002572687	0.07790092283224968
0.2651050823191205	0.0017299123004056892	51.761658795777606	0.07750365954522273
0.2685512001036879	0.0017162397991176504	51.682047241998454	0.09304042964837794
0.27197018307251347	0.0017027817464038237	51.62254096962677	0.09796299742812936
0.27536246524061675	0.0016895330970162967	51.624304350424275	0.09140894585474844
0.2787284504683421	0.0016764890398780195	51.58876323557234	0.07961736949278768
0.28206855320653784	0.0016636448341919156	51.338929124408935	0.07272022041912395
0.28538316357998944	0.0016509959406150595	51.02597986575924	0.07416757603842508
0.28867266288607313	0.0016385379562421248	50.74041334835458	0.07997593499071026
0.29193743839903225	0.0016262665550710613	50.95141562066261	0.08257046436682028
0.2951778542203188	0.0016141775944538076	51.20263183354475	0.07734376463460801
0.2983942663974856	0.001602267053476224	51.232152996227974	0.08699320374174713
0.3015870373804344	0.001590530976439226	51.237607776321234	0.07227223116493423
0.30475650749752686	0.00157896557503676	51.001678561364024	0.08849446812316236
0.30790300971423495	0.0015675671698512567	50.93952391169185	0.08460507006246556
0.3110268837587015	0.0015563321366048402	51.13248692847049	0.09121292308829665
0.31412844819866875	0.001545257004290663	51.59802185299122	0.07557609483040917
0.3172080148578194	0.001534338399535051	51.97935420752404	0.07198174859881958
0.32026590262660387	0.0015235729954013325	51.8139295206224	0.08423131056353042
0.3233024056073908	0.0015129576213964474	51.57794261953925	0.0913742009857479
0.32631782974984486	0.0015024891319387382	51.53435498898154	0.07267482192169412
0.32931246127209884	0.0014921645146002524	51.54687990847154	0.0699248220647117
0.3322865805426681	0.0014819808387666695	51.488638874916305	0.08751918327100101
0.33524047539890306	0.0014719352082756074	51.53853106960749	0.08885195419694449
0.33817441471391635	0.0014620248497707203	51.645689833931606	0.06689034401031439
0.34108866197752935	0.0014522470636890133	51.26034041897738	0.1061451890061484
0.3439834883368736	0.001442599178979891	51.36435817035674	0.0761671298904623
0.34685914668339085	0.0014330786381397166	51.12165527360365	0.0846061382514991
0.34971588494627653	0.0014236829503613596	51.05037581826625	0.07391658651383895
0.35255395886726154	0.0014144096481893123	50.7160395556332	0.09956395411446406
0.3553736024003152	0.0014052563829578776	50.70410823942771	0.07653984424424848
0.3581750616700378	0.001396220812198211	50.449723938948445	0.09802007720575749
0.3609585656119558	0.0013873006936105496	50.76135490339455	0.08447591974662542
0.3637243388141677	0.0013784938414936705	50.91686218661851	0.09193637706177439
0.3664726138736732	0.0013697980863425646	51.20632280669889	0.08882454838488647
0.36920360677812275	0.0013612113518441952	51.38248187889404	0.08248935888110193
0.3719175294914889	0.001352731613102718	51.33127033981256	0.08121804143641016
0.37461460207287595	0.001344356857851462	51.23329545984406	0.08500824584713043
0.377295028511962	0.0013360851607110912	50.948171779656306	0.12340978894824535
0.37995900906911845	0.0013279146430957608	50.95354931295083	0.09124120500022759
0.38260675216608037	0.001319843435938421	50.92628534192397	0.07098387979105698
0.38523845065906764	0.001311869751348351	50.55604192457187	0.09489468845950534
0.38785429394312226	0.001303991844093555	50.33996905262785	0.10038801179484735
0.39045447962343643	0.0012962079757472022	50.68534827484336	0.09178116268498025
0.3930391863708636	0.001288516495266428	51.29220076554138	0.07418233928152095
0.395608605000027	0.0012809157449892475	51.693594006847	0.07447932168506811
0.3981629115287976	0.0012734041400497644	51.736842307252054	0.06981655295500423
0.4007022789097486	0.0012659801322789216	51.22520064982025	0.1155236106727263
0.4032268883540587	0.0012586421765354637	51.22407869406142	0.07756726354498403
0.40573690669941304	0.0012513887960367903	51.33905559704776	0.07582221321500893
0.4082324979289194	0.0012442185475980369	51.36272793373014	0.1051490072071778
0.41071383429666725	0.0012371299891742757	51.78608398734456	0.07602611810196239
0.4131810740810605	0.0012301217430260324	51.650449551364844	0.07498410636853725
0.41563437289899813	0.0012231924622204443	51.408478055617344	0.08428015941460222
0.41807389464014183	0.001216340799317319	51.229380013259444	0.07250850699539693
0.42049978598822607	0.0012095654775116712	50.90409823365895	0.09459730646785264
0.4229122055617784	0.0012028652081277824	51.00627159877626	0.09647468678200745
0.42531129861592193	0.0011962387607847283	51.344782183927414	0.07849700764257501
0.42769720803146377	0.001189684931847543	51.5656912408376	0.0778453012054315
0.43007008494501225	0.0011832025148836975	51.74521947154072	0.08070244686101763
0.4324300674697576	0.0011767903585397136	51.80998793260613	0.08092149146430067
0.43477729149855576	0.0011704473360786578	51.737238621879875	0.09039883717358481
0.43711190115977544	0.0011641723168246746	51.950437550355716	0.08130638208118748
0.43943402787984215	0.0011579642222219644	52.16385309658077	0.07859049140757417
0.44174380100666416	0.0011518219964014784	51.97219918689294	0.07182390216779365
0.44404135809698014	0.0011457445785627723	51.530697663687434	0.07358872495671351
0.4463268243100144	0.0011397309572976407	50.992905372592396	0.08513887458835287
0.4486003228572539	0.0011337801421329936	51.040223201052726	0.069306783179179
0.4508619851267834	0.0011278911368028677	51.109229583094496	0.06869236357555251
0.45311192705386055	0.0011220630005540422	51.1596390101693	0.06983836213827314
0.45535027612279716	0.0011162947774171327	51.26466511212371	0.06569969017056702
0.4575771478934047	0.00111058555672218	51.24677938290596	0.0731739989176542
0.4597926561739018	0.0011049344461606272	51.17561872509808	0.07110780296051439
0.46199692288500777	0.0010993405464448398	51.049557636099806	0.06406559656002951
0.46419005828800713	0.0010938030013716792	51.17771441540525	0.07060583909167446
0.46637217099860967	0.0010883209717365715	51.43895179289854	0.06634759661852564
0.4685433777013573	0.0010828936107725794	51.100481520646795	0.07219523796395504
0.4707037836736225	0.0010775201127424148	51.25361982231423	0.061732299533639776
0.47285349264540927	0.0010721996876636762	51.960451102328065	0.0669321803252282
0.4749926163686357	0.0010669315374909507	52.48400637803832	0.06070680182720726
0.47712125226427665	0.0010617149110344391	51.542589794318154	0.07130130574236071
0.4792395089536337	0.001056549040781259	51.13006929286529	0.06646163930740752
0.48134748404528654	0.001051433197140125	50.6870897750482	0.07058010210365528
0.48344527374856733	0.0010463666644348125	50.9412102152295	0.07473277318534072
0.48553298221055746	0.0010413487182496454	51.498593008593645	0.0779064788660822
0.4876107027880014	0.0010363786703952375	51.35585241759215	0.07084823215278675
0.4896785275189011	0.0010314558456164878	50.81202078894904	0.07832902555269472
0.49173655632557073	0.0010265795595945392	51.02943924477475	0.06732376178329662
0.49378487855254444	0.0010217491626551389	51.41887558310928	0.06410605001331168
0.4958235823004847	0.0010169640171590088	51.63512260124404	0.06933882647763058
0.49785276349914226	0.0010122234761314164	51.665856819986686	0.06590982595019206
0.499872507703874	0.0010075269257644398	51.59178216443942	0.06415569032692589
0.5018828992958615	0.0010028737634595155	51.34466389166643	0.06457356331164697
0.5038840304286658	0.000998263377057482	51.032218324506374	0.06973853464331345
0.5058759801148189	0.0009936951929593262	51.09152184713787	0.06184791123772825
0.5078588381033942	0.0009891686209126114	50.942925284026764	0.08219589343677493
0.5098326840892564	0.0009846831015762497	51.124111017546966	0.06741407353330704
0.5117975966988912	0.000980238085587742	50.902411331066176	0.0682023463374382
0.5137536622340442	0.0009758330137379664	50.547658744544044	0.06780325800403858
0.5157009571239557	0.0009714673564879968	50.82801714620156	0.06872422364194658
0.5176395567873482	0.0009671405936164321	51.380977934448126	0.0696969233367013
0.5195695442587331	0.0009628521949297609	51.44368811359724	0.07083299328386714
0.5214909928746034	0.0009586016587393544	51.49927366255998	0.06198962275388768
0.5234039750149899	0.0009543884920646613	51.50006585677765	0.06390567893889518
0.525308570615574	0.0009502121918573105	51.532013504444485	0.06936877763994476
0.5272048472622177	0.0009460722886204015	51.69892843909681	0.06634778500505664
0.5290928829129158	0.000941968296434404	52.076643911658124	0.06672921763369653
0.5309727461035989	0.0009378997560949805	52.2622488284844	0.06057138561243461
0.5328445044961454	0.0009338662161924864	51.625692095417165	0.0660329726885234
0.5347082332068402	0.0009298672151469474	51.73430257293564	0.07107761209864144
0.5365639980871912	0.0009259023171027102	52.15288366902613	0.07337196500994678
0.5384118641599254	0.000921971093505631	51.627040811981	0.06619864834590473
0.5402519038410465	0.0009180731055991672	50.699843354913135	0.06740241208424434
0.5420841804332976	0.0009142079394166898	50.77820848306065	0.06697040149149885
0.5439087564530629	0.0009103751878366821	51.32063482507262	0.06279958153998036
0.5457257017487409	0.0009065744335221149	51.375832378762496	0.06733078232122054
0.5475350772015375	0.0009028052830437318	51.377400325749434	0.06456851639303536
0.5493369429460853	0.0008990673493946211	51.307103982792164	0.0628049200746331
0.5511313663877415	0.0008953602353559769	51.1345924794232	0.06818125576464948
0.5529184034481696	0.0008916835722392281	51.334008632316696	0.062478210029769644
0.554698119969498	0.0008880369755615116	51.542607558291245	0.06123018273346662
0.5564705730588146	0.000884420083383411	51.45931493071271	0.06497731164335932
0.5582358191376007	0.0008808325395503661	51.32114249231884	0.06526011107607345
0.5599939217961056	0.0008772739777338414	51.181265376447115	0.06860933681054249
0.5617449360224949	0.0008737440533881867	51.13378899067538	0.07524405424106897
0.5634889161529846	0.0008702424274063163	51.336899772723484	0.06917071295350133
0.5652259236316282	0.0008667687505462865	51.43567221403098	0.0689341764350061
0.566956011428909	0.0008633226946282727	51.6745754655047	0.06275421926396207
0.5686792318950151	0.0008599039365891645	51.80209201135029	0.06619473564397652
0.5703956444273108	0.0008565121432805537	52.10063184544851	0.05992598941903288
0.5721052975313095	0.0008531470069271992	52.09895346294973	0.0709031892121968
0.5738082492923386	0.0008498082045921588	51.89791539015848	0.06879765721493611
0.5755045495270856	0.0008464954332804359	51.48251402514689	0.06931871773743654
0.5771942474806431	0.0008432083946262856	51.237207536529574	0.07560694664029431
0.5788773993448908	0.0008399467802810964	51.27367725257996	0.06541215549752614
0.5805540531608546	0.0008367103012106851	51.681110216841844	0.06275329007927691
0.5822242564249012	0.0008334986727442847	52.13079486190342	0.07233506688345936
0.583888063520531	0.0008303116002996458	52.10544693247726	0.07746000647026771
0.5855455207944431	0.0008271488080123438	52.115267834817544	0.061109261146197316
0.5871966740741228	0.0008240100241334401	51.57769338997135	0.06595439962586513
0.5888415760149461	0.0008208949670802904	51.08868365838011	0.06038130728964591
0.5904802713460768	0.0008178033734201997	51.13299084079247	0.06473470193875232
0.5921128043014565	0.0008147349836046608	51.62398702529199	0.05747713417461873
0.5937392258841618	0.0008116895283346904	51.54870233258782	0.06756844517821324
0.5953595768683049	0.0008086667604078239	51.587091748156645	0.060279100038654304
0.5969739071954923	0.0008056664183397708	51.47311683185994	0.059834483757467416
0.5985822590581193	0.0008026882579087477	51.34816369588185	0.06757845318424617
0.6001846741904224	0.0007997320384251026	51.45085022518105	0.06278626983302946
0.6017812009989754	0.0007967975095975538	51.489206410442094	0.06390867302833399
0.6033718802432351	0.0007938844378975052	51.524483280755085	0.06724647668755013
0.6049567522450767	0.0007909925931355643	51.657016869877296	0.06045054613552443
0.6065358639414142	0.0007881217356148977	51.36870915308388	0.06542419720505163
0.6081092547211522	0.0007852716419243261	51.41858096963975	0.06537483701405139
0.6096769635551156	0.0007824420918112851	51.649307889169854	0.06113826483772326
0.6112390359724118	0.0007796328556130416	51.52969685964159	0.0691933305733902
0.6127955077352967	0.0007768437236380059	51.52001900012451	0.06302008853209243
0.6143464234670932	0.0007740744726190714	51.317844389606506	0.07448151242255982
0.6158918204021795	0.0007713248948263601	51.4839849786492	0.06277723584364549
0.61743173538705	0.0007685947854127985	51.45637649625984	0.06744878467300859
0.618966211733186	0.0007658839302886471	51.61353677632068	0.06286362314836436
0.6204952854550976	0.0007631921304782787	51.43437414334449	0.06721274954842708
0.6220189921962194	0.0007605191897372068	51.318718155397505	0.06771960924474323
0.623537374009854	0.0007578649026811924	51.5656470814013	0.06318976361124837
0.6250504657417679	0.000755229078635201	51.92231221378884	0.06428880606704748
0.6265583018826224	0.000752611529513001	51.7685585684141	0.06422499711832677
0.6280609232784171	0.0007500120581929852	51.271628884982	0.07319920108719764
0.6295583636546984	0.0007474304818748596	51.37402728270753	0.06825642896350663
0.6310506563970362	0.0007448666202135569	51.61285500728707	0.06822731186239979
0.6325378411924416	0.0007423202839340734	51.448584485771754	0.07755655771455357
0.6340199484875255	0.0007397913014665651	51.271286181739086	0.07279931470161807
0.6354970172222809	0.0007372794885483769	51.32466985803546	0.07279139758474265
0.6369690793563658	0.0007347846746270029	51.57515729284966	0.06844932847608928
0.6384361665329863	0.0007323066914002753	51.60003425359535	0.06852411791976552
0.6398983166083498	0.0007298453618134357	51.574371941944584	0.07429353266917636
0.6413555605395715	0.0007274005221748782	51.68849275763585	0.06640055792998685
0.6428079289804449	0.0007249720109302223	51.58306658651869	0.07507739756396299
0.6442554587455986	0.0007225596578793531	51.5706795720138	0.0806671511994976
0.645698179829717	0.0007201633058522346	51.41226702480692	0.10091199811458815
0.6471361219366762	0.0007177827997095691	51.60703467287526	0.07242771737980118
0.648569320879633	0.0007154179757733594	51.57478452548727	0.07890018036063007
0.6499978036038996	0.0007130686865648751	51.754985443571485	0.08885816317496496
0.6514216052763113	0.0007107347725790083	52.00421879781152	0.08176063199206511
0.6528407543713948	0.0007084160868142613	51.99712395180126	0.08712897965354843
0.6542552790923579	0.0007061124841360841	51.475406590544054	0.07983158096724217
0.6556652136671677	0.0007038238110494009	50.78285169187732	0.10042205816285953
0.6570705857056267	0.0007015499262629407	50.630157188555046	0.07744814995297221
0.6584714225571178	0.0006992906902616975	51.03774279384405	0.1005323115336662
0.6598677575459675	0.0006970459552765525	51.71697535893971	0.07769026517290206
0.6612596174506651	0.0006948155854537993	51.540625458835606	0.08168783849206343
0.6626470287996926	0.0006925994466304339	50.9187639748745	0.11104645745292009
0.6640300240472663	0.0006903973964953169	51.488716215630106	0.07849345457587317
0.6654086291724186	0.0006882093043750287	52.23225012467154	0.0801722191879815
0.6667828699140754	0.0006860350412061655	52.13512463562874	0.09038208390497252
0.6681527778883232	0.000683874469882542	51.90941949047103	0.08707930268970862
0.6695183762733767	0.0006817274678574474	51.666972555106284	0.09933767910171641
0.670879696143605	0.000679593901361053	51.643602946147446	0.08897832959356869
0.6722367622123437	0.0006774736478208519	51.52213836685233	0.08930183483648275
0.673589598968303	0.0006753665861497763	51.50751616545932	0.09682527352249674
0.674938236697773	0.0006732725873919529	51.93375791398389	0.09142403045683
0.6762826993924624	0.0006711915335371796	52.32562280952405	0.08877713904734393
0.6776230108281294	0.0006691233079914936	52.65882511578699	0.08572673593497969
0.6789592005312377	0.000667067786395305	52.549434862249136	0.09500450463151108
0.6802912917985864	0.0006650248550920345	52.49503534319574	0.10128121171203659
0.6816193077193375	0.0006629944017758749	52.567340000410084	0.08592106479917255
0.6829432770870685	0.0006609763064776684	52.36592838336547	0.10803040975177708
0.6842632205653167	0.0006589704626769236	52.447666893425136	0.08943766194327782
0.6855791664734481	0.0006569767532225326	52.279404896955874	0.1005153434685357
0.6868911370062414	0.0006549950712805478	52.19727037080712	0.09203328121752087
0.6881991541638464	0.0006530253112664958	52.123437597249456	0.08504089085306353
0.6895032455750141	0.000651067360100749	51.75365289532947	0.1313224149988849
0.6908034328051729	0.0006491211147998257	51.90745708100086	0.0795712258556792
0.6920997372324202	0.0006471864735733149	51.755699912094244	0.08000368352480787
0.6933921858188095	0.000645263327235048	51.54520250537529	0.11074246927749266
0.6946807995229809	0.0006433515764815172	51.476683384054056	0.1307972178033133
0.6959655991232541	0.0006414511231488207	51.61968730857563	0.09399881846302327
0.6972466109378217	0.0006395618617755906	51.6291451556841	0.10275234235472323
0.698523855340137	0.00063768369657671	51.66969127111719	0.10432475801666348
0.6997973525300163	0.0006358165328560384	51.838628424092086	0.09004903333360342
0.7010671282036569	0.0006339602687170686	51.90405528411469	0.09516819293104055
0.7029648558641166	0.0012623922184409565	51.8171342469859	0.09272295043099257
0.7048543290007441	0.0006284559466510669	51.81737792961292	0.09636945723210281
0.7061094243569226	0.0006266423535507632	51.73937268878315	0.10384753170351495
0.7073609048447558	0.0006248391949564113	51.518642203472524	0.12750496113499094
0.7086087893757376	0.0006230463837377735	51.65059234135513	0.09076161743357344
0.7098530967041321	0.0006212638337310959	51.52268836754428	0.10038992986858511
0.7110938509674176	0.0006194914518251723	51.39751586661379	0.10247805874387894
0.7123310705633441	0.0006177291538840057	51.16758433555952	0.14122234347408658
0.7135647737381177	0.0006159768566963843	51.19648767277968	0.10643360940633236
0.7147949840797492	0.0006142344701961774	51.08331625274378	0.10785971276976707
0.7160217176644377	0.0006125019156896699	51.17082505038013	0.07704098198067257
0.7172449977238666	0.0006107791050706427	50.82607661717303	0.1393482008465348
0.7184648418382678	0.0006090659589157868	51.382561310725855	0.09495864158961002
0.7196812674452588	0.000607362398661726	51.735188504189374	0.09608027850860014
0.7208942972564516	0.0006056683390415505	52.10608541332895	0.07414785763304127
0.7221039483836187	0.0006039837033030413	51.58536105187419	0.11830665970276172
0.7233102378009464	0.0006023084155176267	51.4095529257765	0.10986485528656592
0.7245131877166842	0.0006006423931422529	51.44858726841781	0.08745848340492135
0.7257128147898193	0.0005989855619855172	51.35069902914624	0.0915705498658062
0.7269091355466011	0.0005973378486451306	51.24441321783165	0.11081561201166204
0.7281021717079164	0.0005956991731921102	51.19093109502146	0.10387666234118795
0.7292919394950228	0.0005940694638909581	51.01554331388712	0.16805657785759617
0.7304784550010752	0.0005924486497624726	51.5345415256988	0.11023990206267463
0.7322521740274384	0.0011800678829828439	51.95948078168167	0.09041309849474062
0.734018678394454	0.000587638837104038	52.61060158103602	0.08270692735920243
0.7363628950959584	0.0005844754498969368	52.28797240499248	0.09296223607571995
0.7375302762590448	0.0005829064927420478	51.7188622476995	0.13485335631587939
0.73869452791824	0.0005813459364063567	51.491243730168705	0.1036862612989729
0.7398556650798553	0.0005797937159048587	51.041874805117104	0.11962837972717866
0.7410137078047048	0.0005782497600366	50.95889085193814	0.08272982507273365
0.7427450017040107	0.0011518983680269177	50.878603423778216	0.09912383439370855
0.7444694212792053	0.0005736668412070071	51.215165375672406	0.09333295935795574
0.7456152410019896	0.0005721553036380376	51.39127989263369	0.08650675546194196
0.7467580473081312	0.0005706517083118476	51.22671926295021	0.14219616232902388
0.7478978543143977	0.0005691559950176805	51.521746853771056	0.0905185428478601
0.7490346760311615	0.0005676681041510118	51.44320638318892	0.10593392842112379
0.7501685314255537	0.0005661879701065247	51.51691775839947	0.09938115598289127
0.7518637824221241	0.001127964372185621	51.37972766326131	0.10532914188976221
0.7541138725711145	0.001122135474530931	51.503142647101384	0.09642593891142853
0.7563523641794045	0.0011163665124232756	51.64999537136304	0.10747657916442512
0.7580236947586372	0.0005560392825021948	51.96187351215146	0.10329681996538725
0.7591343508666859	0.0005546190954051093	51.97309560016763	0.12313441670906337
0.7602421754973221	0.0005532061423623006	52.12895483796254	0.10866189701061106
0.7618986301809683	0.0011022003243866007	52.03087293136923	0.125566535228395
0.7640974554782927	0.0010966340065710863	51.98767928594596	0.11356313799086822
0.7662852042188144	0.001091123628143597	51.95163548418476	0.10278897757397491
0.7684619866305811	0.0010856683520877157	51.88531362629947	0.09766052398772421
0.7706279137110164	0.0010802673519969223	51.696295138168495	0.10035361098991165
0.7733202192359574	0.0016103868090158312	51.33375100156717	0.1009350587867233
0.7754621117837144	0.0005341547038834013	51.295804180956374	0.11461111947510937
0.7770616260240379	0.0010643820420848113	51.030040365804965	0.10438634106507282
0.7791851902024072	0.0010591902502784809	50.966819373139785	0.11512237296610515
0.7812984213210925	0.001054048861167703	51.11363291596798	0.1015669746624399
0.7834014186711686	0.0010489571462102656	51.12141613585175	0.11407121176143256
0.7854942824453135	0.0010439143852287874	51.317049200561094	0.09965261230431623
0.787577108290987	0.001038919879306896	51.39952056959076	0.10218752456730429
0.7891326988734026	0.000517602624972599	51.60936047250681	0.10022531177226794
0.790682737398396	0.001031517089055785	51.37255680945036	0.14547802554986614
0.7927408873480217	0.0010266402271277327	51.59030747957645	0.10950937475592634
0.7942781231597398	0.0005115063692141938	51.79259107207829	0.11332667879957435
0.7952999334434259	0.0005103043090673285	51.74191921316663	0.1467289197702598
0.7963193452486861	0.0005091078854519262	51.97651072788402	0.10026949292359615
0.7983510167688335	0.0005067317917375127	51.98352589542186	0.1010146284077247
0.7998685570141977	0.0010099284525322467	51.79050080413505	0.11443842169640168
0.8013808145297907	0.0005032089473231387	52.0446998231978	0.10065118989233253
0.8023860671475667	0.0005020455267841336	52.0361344348359	0.1069021749172987
0.8043896211664929	0.001499204242669408	51.88626502764743	0.0868310659672707
0.8063839740177894	0.0004974451432137593	51.93708846682706	0.11062469857384305
0.8078737513617262	0.0009914833222358897	51.57073880270829	0.13035175468190544
0.8103454130295764	0.001478784911603074	51.34553112025831	0.10932827538955693
0.8123126639981011	0.0004907005051055208	51.382897677880315	0.10906794375461915
0.813292956877123	0.0004895941412289635	51.29841151822051	0.10513688686605321
0.8147592619633153	0.0009758878314437888	50.783482798440886	0.17950899459756736
0.8167066645505188	0.0009715216880316478	51.08940210641818	0.11503070528762327
0.8215373078150121	0.003843101442036909	51.05616753111234	0.09686139709129257
0.8272640363980641	0.0018963789412328397	51.335413709544746	0.11427865706636132
0.8315100647901834	0.002347410855182993	51.33107618963256	0.09558337662015276
0.8343178624192178	0.00046645666897316286	51.518849801344594	0.10766555101754942
0.8357149821169831	0.0009299169900662728	51.341928022427254	0.10275384427066606
0.838495810863932	0.001847963331811385	50.82991381672427	0.15780496156183374
0.8426339509971557	0.002288048480813852	50.82953757688938	0.10223849855047672
0.8471861068861406	0.0022641910349339785	50.88310508967635	0.0909508498579528
0.8503444618752314	0.0008991138814648941	51.16959834849038	0.1120001211460262
0.8525864499364297	0.0013417264268987584	51.042498812031305	0.16427804075627006
0.8552616465242029	0.0013334869725348496	51.43995966705356	0.09874728098021651
0.8579204650896832	0.0013253480964287366	51.60985662390285	0.08691998890750723
0.859684009603275	0.000439992384244317	51.68378882942376	0.10471293965407037
0.8640617952025442	0.003920214974450554	51.23640601615679	0.09552096614623824
0.8692575438930301	0.0012911981045668388	51.4085469576078	0.09403284812652653
0.8739663175321066	0.003406064269624699	51.04021906357676	0.11161654837358703
0.8790455957325958	0.0016832303941623345	51.18314351826965	0.11249362932737354
0.8823990755066058	0.0016702830919985792	51.09845922045906	0.14979912186631966
0.8857268597162258	0.0016575334467607518	51.29030180643103	0.11650992921255764
0.8890293382317469	0.0016449769699940083	51.2663034360861	0.13840334607483695
0.8914898207083812	0.0008178418759773274	51.53576586414998	0.11319796983620137
0.8939364415856252	0.001626494948346075	51.46109811552037	0.11051153195014435
0.897177309294386	0.001614402610150315	51.45361195105463	0.1316118852101328
0.9011946773596504	0.0023993065634200666	51.5977148105652	0.10551218806924273
0.9043820276281993	0.0007939207211121535	51.98154331913247	0.09555096137106855
0.9075461563843872	0.002364472476609628	51.873425924581994	0.09328264535451064
0.9106873981879919	0.0007824773345311972	52.09332546091595	0.11656419019509297
0.917288040755001	0.005780060541403032	51.94055853465968	0.0918962957564023
0.9249272065878289	0.0018930930747673828	52.20768704517631	0.11535434993732092
0.9313164925713968	0.004477070389368146	52.14815439163516	0.11187210104110522
0.9387148995589083	0.0029342982624379096	52.22605417143953	0.11292115536356254
0.944544198704123	0.002895175915640422	52.05329185756091	0.11276845769852334
0.9488653931031072	0.0014332559957831179	52.03157822280231	0.1161935113504201
0.9531440157446751	0.002838410078776433	51.60169007809162	0.14953676903443744
0.9580830418100925	0.002104734779582121	51.65863520485769	0.10863613630983565
0.9612287241441047	0.001044772420150249	51.756333935429375	0.11347290547979183
0.9653878347434806	0.0031044440968959123	51.34348424104373	0.14082474013498703
0.9695074924078682	0.001025044999467577	51.703640151509475	0.0983956612716576
0.9772959145398594	0.006712174679174764	51.133508542203984	0.11301160336858443
0.9862641127976506	0.0023012462628878155	51.390343917949515	0.10205710074277183
0.9895392273389985	0.0009788388461330435	51.51275823035739	0.11567438686601075
1.0020812744734673	0.01141170129453954	51.06043008883721	0.10002850345898487
1.0145793703006247	0.0012319973964635253	51.496941400619846	0.11163347801271302
1.018259724115978	0.0024432023188288013	51.16755278603274	0.15368827771430849
1.0216062010760871	0.0009091681700164855	51.600863378611535	0.09630227200360904
1.0273264285624457	0.004785449340878238	50.95229840087289	0.1707260071631969
1.0344459266434847	0.0023538198954921844	51.27427058415417	0.1150078709742541
1.0440484871475428	0.007194832546256398	51.018255640727915	0.11224886636094253
1.053161587278748	0.001972720791081791	51.25326018872845	0.11649167126706356
1.0640156877028732	0.008795559272801933	51.03144169205768	0.10037198797017172
1.0732618415787327	0.0005381425385889702	51.597381991964006	0.11394741017918471
1.0802019460331918	0.0063553352464673215	51.08797147296015	0.11200832343228012
1.0988613014867732	0.012176125196219727	50.857266990177656	0.15532550729620168
1.1167518793222009	0.005842362921713881	51.22697050825745	0.11563231268840084
1.1339345289853577	0.011231451276224252	51.188945156485254	0.10461919295735313
1.150463149755812	0.005406015181526577	51.49930263686835	0.10398165890632058
1.1715660941855206	0.015448829184439405	51.46054333673379	0.1099870348403216
1.1929183315045981	0.006128188171614041	51.93660504960974	0.10465341517497105
1.2008127879747672	0.0018053395252213718	52.279061661549086	0.10881065196973046
1.204408540372786	0.001790453878004028	52.22746523408949	0.13291130307539895
1.2087632991611563	0.002560408275255945	52.288291453668386	0.11157161004076159
1.2126846322505043	0.0013662890155559093	52.37885124118645	0.1003178531369762
1.2163773868135241	0.002322378639058839	51.88942865840425	0.14088121523955194
1.219655023758813	0.0009603823049941032	52.02471696119703	0.10981287466561838
1.2221448669857746	0.0015278273811662989	51.56239910006852	0.1708399976775199
1.225379424884254	0.001706051958231129	51.545799476261365	0.11627071124874278
1.2274596098752375	0.00037731107658260475	51.75360756592302	0.1149376915036642
1.2295298782947397	0.0016898252692721636	51.355723094828726	0.10866195517590344
1.2328964466243615	0.0016767767051031745	50.9666849532488	0.16788650844861844
1.2356821213104083	0.0011107039033077634	51.211032025389656	0.11590144541090867
1.2371605406417006	0.0003689764295575876	51.441315243652625	0.11399745931297156
1.238633944045192	0.0011031802429006035	51.01732395398812	0.1706214309813485
1.2406517464512772	0.0009150554814329203	51.29243023784884	0.0998636764737341
1.241748427236757	0.00018254953952165893	51.569845527903745	0.11262058298991676
1.2424780122540886	0.0005467293786994087	51.35727020102018	0.1079930747975346
1.2437518439925437	0.0007268374839769497	51.284421590373086	0.1137575788338936
1.2452030916004355	0.0007244127220723882	51.38300448435955	0.10566687492330953
1.2466495057010218	0.0007220040848249031	51.149302116869904	0.20450372219039517
1.2479111783858894	0.0005399322211873942	51.563610151309305	0.10668772970944981
1.249348616276146	0.0008969134921185556	51.27073540583309	0.18104375759361532
1.2511387487833852	0.0008932240842809708	51.620547480363086	0.10552944183942381
1.2538101878114838	0.0017754930687044817	51.539291902484266	0.11695680091017154
1.2568180856643438	0.0012342670163332974	51.792259712127915	0.10317913156223416
1.2587533299284424	0.0007021595878398553	52.006988519496865	0.10317571076441968
1.2596301437791277	0.00017518585022292422	52.283759551871775	0.1165516706845886
1.260854716614873	0.001048155464370533	51.69986700684207	0.19166687641107402
1.262424110737235	0.0005221873093406557	52.17167154183539	0.11470267056125313
1.2645078530463114	0.0015590635762325036	51.72368170781419	0.20956812320070126
1.266236700236761	0.00017254106278223616	52.56151213249198	0.11641605155629044
1.2670985498991876	0.0006887959905611801	52.01627262818974	0.20200117429796635
1.268130516750655	0.000343580611210629	52.51707282248136	0.10450457024473771
1.2712117857587868	0.0027292125892738168	52.2246858748859	0.09695863853926066
1.2746099720248072	0.0006769852217024923	52.54739558897944	0.11580408573869953
1.2762991458487103	0.0010115358366765655	52.24026836641032	0.21261429481675098
1.2783175199857952	0.0010068456531318016	52.465411911003095	0.10831751904467676
1.2804935583364552	0.0011687823663809396	51.99498456485121	0.12053548114217563
1.282160045890667	0.0004989883174693661	51.97885796580057	0.09931068262383036
1.2833227940513976	0.0006635388661086963	51.61616356896411	0.11826766001024468
1.2843169637380347	0.00033101082825459725	51.627464269214165	0.11217900880562513
1.2849784811887717	0.0003305070162885637	51.19800813028555	0.19849645707760946
1.2856389927941398	0.0003300047354496525	51.51770094455513	0.10229756521938724
1.286627880214829	0.0006585083407113337	51.326735481763976	0.12088418508429546
1.2874502363930915	0.00016431565132119856	51.684580681998376	0.11270591982428371
1.288598925705356	0.0009832897085306144	51.30999541161923	0.12444590910815925
1.2905610658854267	0.0009788572313045127	51.29685652684895	0.10956189926733198
1.2934877540657452	0.0019445658790935468	51.06138503034625	0.09856090334119157
1.2959116844397491	0.00048343572332098405	51.16734959555599	0.1144042892302934
1.297038238734426	0.0006429110964493585	51.01372004254431	0.14092166903324782
1.297841135047174	0.00016043090521722023	51.5685227230326	0.097247322927497
1.3002409558656598	0.0022336557919938743	51.02593121556677	0.09707972720654699
1.3035785814941918	0.0011082777836881545	51.28639692556678	0.09309873843567525
1.306890752478597	0.0021997151819403396	51.00286268347204	0.13285154738403313
1.3098658664989729	0.0007802491547444501	51.357671274027986	0.10107755332476116
1.3201973367295754	0.009447644036570125	50.78397367656952	0.10038296397054504
1.3477967995129387	0.017874849032342103	50.54762048610574	0.1053758867364256
1.3821511678812002	0.01651535883314076	50.41945027445075	0.14938516084447653
1.3993773129545841	0.0010158786731545362	51.324481238203475	0.1127509291941278
1.4127564739507177	0.012190117440662094	50.99239446508477	0.09667468391644485
1.426571500459961	0.0017891589596561385	51.51967902655054	0.1023549876630051
1.4291877043513015	0.0008299262565807049	51.65802057657896	0.11357850636151423
1.4317882425072912	0.0017677961574763539	51.47229621100692	0.12433601887117622
1.4340216981376852	0.00046899418956520677	51.844824463530486	0.11069545061351067
1.4385704861121575	0.004060941443583079	51.43121047551497	0.099928103570367
1.4434164784861894	0.0008031760145558192	51.727673253702584	0.11410420468413564
1.4455910742258662	0.0013699961315540268	51.55712829220198	0.12819326892348368
1.447641221821111	0.0006817720573950503	51.78211233326242	0.10760950093904507
1.4492291168586047	0.0009057118275339198	51.61381547145688	0.1383220074561788
1.451036773301795	0.0009019498334639445	51.761472426782355	0.1122191740009484
1.4535100792185698	0.0015694487030377222	51.76606280049755	0.1024067639666302
1.4566376876625982	0.0015581867859559698	51.81646155741894	0.11782263583098289
1.4586364640801812	0.0004431519822461279	52.18783176474592	0.10478020015800935
1.4599638893260465	0.0008835991037533381	51.934901459150296	0.1447235018998701
1.4611771418127684	0.0003304252915959724	52.320918961566065	0.11177110515929632
1.4616174856809248	0.00011003014450849754	52.565394461872415	0.10974066360692372
1.4628261337286996	0.0010972435467456589	52.02400544212114	0.13177615398538212
1.4644688882335712	0.0005465504863853322	52.32668376059086	0.10900257209279784
1.4690358156092236	0.0040021658096129195	51.86833815347429	0.09882142111691053
1.4734481576426157	0.00042829302597757773	52.14928816387297	0.11365967613060145
1.4764359080407368	0.0025521400491613213	51.80258111868281	0.09276250171145747
1.481510425700858	0.0025224930888913177	51.635204569791895	0.09663626458694123
1.4846521508186457	0.0006260777482660777	51.811124748042694	0.1034945132379537
1.4881855122232468	0.0028980220673812747	51.14557895750525	0.16965294446418372
1.4917930152397114	0.0007185122780034441	51.54837526614477	0.11376279885095013
1.4935344774400587	0.0010223384422999966	51.14005288143575	0.206783337575007
1.494657596080267	0.0001019698012794105	51.88856669361951	0.11264051395549071
1.4974020907390226	0.0026345134872072934	51.2292146595134	0.11013909519135073
1.5026394109855397	0.0026029336987146573	51.23482246135713	0.12338377753439196
1.5056324585898957	0.00039770101718025557	51.76141645545033	0.10523212656092497
1.5107720397904854	0.004716266814971903	51.22875785048618	0.11984059852108624
1.5160456909225413	0.0005824179192992295	51.793868433996096	0.11187082707918454
1.5174025442518924	0.0007741348371635759	51.72748550547129	0.11648899360638758
1.5201035992701455	0.0019233377928919615	51.48512043607916	0.13793952414937186
1.5229790656611677	0.0009553227131096662	51.756441084275174	0.11447302797579403
1.5294271540645672	0.005459212612647012	51.50789947356326	0.09517142358460946
1.5402105892075504	0.0053253305895237584	51.56273237415205	0.09499124373775863
1.5461379977436889	0.0006339999319886228	51.84764542224988	0.10462031414948125
1.548936674742288	0.0007199170865800076	51.65684884250285	0.11588229686714324
1.5518962256532853	0.002234461890606688	51.2599544134751	0.1337585757839199
1.5543916399860143	0.00026659916432810897	51.6943874349912	0.11636901580878954
1.5551907019593996	0.0005322181946401398	51.45023561673285	0.1350627924389721
1.5561653408466503	0.00044252094638517683	51.63057531653751	0.0970676955630289
1.5567844286956702	0.00017675623243649765	51.79814187266683	0.10529040612847004
1.5573143739512252	0.0003530813564749297	51.53733915613472	0.13289655801837924
1.5580199632254614	0.00035250817822959717	51.65633597311443	0.11123725224235038
1.558460374973232	0.00008803772149540217	51.99181610615833	0.11326745734834925
1.5587244078714608	0.00017596842901199637	51.90161040182312	0.10661725004816697
1.5592519925924113	0.0003515095816442559	51.86240860899997	0.10932346895319828
1.5597789371764115	0.00017554167074714915	52.123876010703874	0.10758832323717887
1.5600421699021247	0.00008771765220705068	52.305398359416124	0.11457823104684196
1.5603928988653402	0.00026294052448254304	52.03206333764524	0.14004130721624342
1.5609184617140388	0.0002626225186271753	52.26278478624581	0.11056628220551078
1.5614433894067068	0.00026230528099624873	52.33865716571155	0.11423842163941571
1.5620550041956767	0.0003492481836636787	52.210199869917304	0.10021744321724657
1.5628401025662586	0.0004357717481961302	51.75850113635222	0.142734048170823
1.563449754921217	0.00017406418050083239	51.97139220619273	0.09909098939790043
1.5639716337298386	0.000347710276717062	51.673235555046716	0.10015793939661989
1.5644928862941572	0.0001736465976599866	51.618393978235126	0.11567239861026721
1.564840040630724	0.0001735078482975409	51.5823158961855	0.10013771114391
1.5652735937470723	0.0002600020845994564	51.434962760280065	0.0853096961742578
1.565620124832531	0.00008659823572703726	51.39764198317502	0.11402139008569989
1.5658798420054487	0.00017309292730980649	51.17150091376849	0.10828858341125591
1.5661394036971172	0.00008649475350017205	51.351710664314815	0.09560650415111273
1.566312358853168	0.00008646031434471421	51.401094655935196	0.09584761919281012
1.5665716623801238	0.00017281741405631755	51.238569248117535	0.11593199012358148
1.5668308111775122	0.00008635716128265699	51.49291956347013	0.11377132933598597
1.567434890928999	0.00017247425343678817	51.63004510482272	0.10417096818170182
1.567693525292194	0.00008618578541586753	51.9461590186298	0.09626544394954428
1.5678658627573454	0.00008615159181269006	51.94657751366971	0.11351125557164397
1.5681242405402043	0.0001722007046026085	51.8983295925952	0.10580507291707564
1.5683824649524456	0.00008604917365329013	52.07940595711862	0.10785354937837159
1.568554529045897	0.00008601508839304528	52.14363722471409	0.1065645940883526
1.5687265252521319	0.00008598103007465815	52.181798220999866	0.10539994457297848
1.568898453368663	0.00008594699871688735	52.07292950403723	0.1356469527494363
1.5690703131933348	0.00008591299433838406	52.25040581382167	0.09599614627992455
1.5693279757371754	0.0001717240762823374	51.979140612671415	0.13755193950601755
1.5695854855030609	0.00008581114235378834	52.26051078102914	0.11522301844818911
1.5698428426720623	0.00017152061373775946	52.223291698080786	0.10695676777247137
1.5702714326736338	0.000257027144326197	52.03537949743291	0.16738589983824778
1.5706140004035918	0.00008560816115917773	52.643520917319655	0.093146509255973
1.5707851830764161	0.00008557442426709648	52.50595255089779	0.11385128666498481
1.5710418303838098	0.0001710477376134494	52.162039246853624	0.1256176382498764
1.5713837912508017	0.0001709131086620113	52.10474191398127	0.10362612881787021
1.5717254829444487	0.00017077869152254402	51.79964036605517	0.1268328580476163
1.5720669061423616	0.0001706444855956593	51.69977100227415	0.11051670965335966
1.5724080610121853	0.00017051049048367992	51.67566109964372	0.12491736789046405
1.5726637516015103	0.00008520506604545746	51.93646353756226	0.10948450438058797
1.5732597777799349	0.000510529264396095	51.70877831359036	0.09017590849144375
1.5740248972930133	0.00025481531493050483	51.90629538501215	0.09885219118518952
1.5745342291592297	0.00025451664780465013	51.617574029672994	0.19244676752334922
1.5749582166013587	0.00016951219520592074	51.997226944290496	0.11275982062515877
1.5753817904380303	0.00025402042207484603	52.038872861650695	0.10152045183854695
1.575889534294928	0.00025372361438241004	52.02537814942127	0.11922001521659838
1.5763966853136333	0.00025342749943564033	52.05660114775658	0.10673625012835855
1.5770719667550388	0.00042172292165301413	51.539156831898104	0.11060962874215508
1.5775777395585342	0.00008424641507410884	51.60509300712326	0.10623512945419264
1.5778304053010528	0.00016839483216241646	51.22993646484081	0.1204667848098381
1.5780829241320578	0.0000841484740522915	51.33326166561922	0.10548603203451919
1.5783352962222965	0.00016819917777616	50.728940197616446	0.20777946373714481
1.5786715644154836	0.0001680689938922106	50.89144571423051	0.1030688277292104
1.5790075723171761	0.00016793901142191653	50.861514612483916	0.10981378559512217
1.5792594079389977	0.000083920828180837	51.12306329558201	0.1069635802983844
1.5794272170108514	0.00008388840788426905	51.31366302505922	0.08218805805048218
1.5795949615171305	0.00008385601257899311	51.40248588334786	0.08237543627004694
1.5797626412577754	0.00008382364228434141	51.546506080371465	0.07739551878604374
1.5799302560330677	0.00008379129701953951	51.299466392552496	0.14087768892629884
1.5800978063924727	0.000083758976659283	51.58189659740031	0.09704579702886944
1.5802652918865245	0.00008372668127103113	51.6632634090147	0.10262916502405478
1.5804327130641913	0.00008369441072971653	51.59539189288745	0.11365528986933372
1.580600069725608	0.0000836621650547081	51.576228865170926	0.11102145462173504
1.5807673616712488	0.0000836299442652685	51.5255910964779	0.11387426415994704
1.5809345894493276	0.00008359774823668636	51.54029610595731	0.10418930334593365
1.5811017528600995	0.0000835655769883514	51.42761775655025	0.11418528283782117
1.5812688517041469	0.00008353343053954958	51.31694041521758	0.0964127067849948
1.5814358865289355	0.00008350130876592338	51.19052386966635	0.0869435217484702
1.581602857134846	0.00008346921168688193	51.0826356929635	0.08869839588593334
1.5817697633225718	0.00008343713932173341	51.32428601031269	0.08303120601965126
1.5819366056388384	0.00008340509154647177	51.457614394304024	0.09056649965497783
1.582103383635662	0.00008337306842822866	51.97877807798364	0.07962984514646708
1.5823534309782628	0.00016665015951952054	52.48209361396736	0.08987465600622055
1.5826033341894399	0.00008327714635065614	52.81487254627106	0.08450849633461656
1.5827698566423805	0.00008324522133899606	52.3694357612296	0.10709738371166123
1.5829363152697358	0.00008321332079541255	52.036338669531595	0.10613552238935403
1.5831027098725126	0.00008318144473926821	51.72542767791997	0.10176891097103306
1.5832690409954573	0.00008314959304748966	51.942683126682866	0.08869973760322748
1.5834353084393769	0.00008311776573956027	52.270783432404365	0.09399608799026458
1.58360151200539	0.00008308596283486351	52.636856771300614	0.09035183559059
1.5837676522375088	0.00008305418421067187	52.4136832250143	0.0976375064584212
1.5839337289366462	0.00008302242988649056	52.066580523347255	0.08877585354126588
1.5840997419040486	0.00008299069988172025	51.97826683192319	0.10409045357859191
1.5842656916829898	0.00008295899407397949	52.089076529194294	0.09110527823871192
1.5844315778273583	0.00008292731252998323	52.185227945070274	0.08244201982055566
1.5845974008799426	0.00008289565512757858	52.04173913528742	0.09316614479440984
1.5847631606418493	0.00008286402188630226	51.933560882331285	0.10666616262902
1.5849288569145208	0.00008283241282558689	52.01492699510147	0.09369180992355822
1.5850944902400088	0.00008280082782362313	52.105719187430424	0.08547000161072757
1.5852600604195417	0.00008276926689996542	52.14785548886867	0.0799673746453525
1.5854255672546698	0.00008273773007406662	52.08818044597347	0.08721011872484832
1.5855910112867146	0.00008270621722445871	51.70429881596262	0.14092754203632074
1.5857563923170317	0.00008267472837071262	51.80020394224807	0.08004812724461373
1.5859217101472827	0.00008264326353230037	51.56502127026619	0.09105750634883737
1.5860869653180658	0.00008261182258809302	51.21842383862367	0.10920018182712304
1.5862521573847355	0.00008258040560447825	51.2431518450247	0.07347284870193886
1.5864172868874014	0.0000825490124605537	51.48818836190549	0.07459096367682537
1.5865823536276138	0.00008251764317591966	51.8372449544331	0.0815470669633345
1.58674735740723	0.00008248629777007796	51.914697717426584	0.08493028309648612
1.5869122987656397	0.00008245497612246288	51.981456082558466	0.07351299138121997
1.5870771775045034	0.00008242367825269345	51.734153926474576	0.07575907216323928
1.587241993425799	0.00008239240418028814	51.3887942204886	0.08140164776407298
1.5874067470681905	0.00008236115378501801	51.32991623107239	0.07867521762741449
1.5875714382334634	0.0000823299270865174	51.26862544252437	0.09016905283619636
1.5877360667237093	0.00008229872410432264	51.829681244418566	0.08548226039255509
1.5879006330768757	0.00008226754471853859	52.61986889934805	0.07894576393217856
1.588065137094853	0.00008223638894881841	52.46838461962241	0.0723077526271973
1.5882295785798632	0.00008220525681471285	51.83539484569773	0.07737512731627161
1.5883939580691315	0.00008217414819666073	51.74597169189846	0.07905642855687756
1.5885582751198633	0.00008214306316063371	51.82274234827469	0.08125815865543452
1.5887225302688095	0.00008211200158729117	51.875265931583456	0.08145889558677337
1.5888867233180588	0.00008208096349631303	51.86854531823819	0.08548800807890261
1.5890508540700279	0.00008204994890727719	52.06840862055978	0.07565584201956253
1.5892149230607484	0.00008201895770117464	52.165222764613134	0.08201463746983918
1.5893789300924306	0.00008198798989770015	52.375072073373374	0.09313046675315327
1.5895428749676008	0.00008195704551644904	52.695605169655536	0.10094972630111039
1.5897067582215776	0.0000819261244387417	52.228997732355914	0.09717628840309137
1.5898705796566976	0.00008189522668428669	51.58080313844318	0.07991924695358395
1.5900343390756007	0.00008186435227269558	51.70024447296489	0.10142995955480193
1.5901980370128985	0.0000818335010856161	52.47758918064248	0.08551844757798766
1.5903616730272452	0.0000818026731886934	52.2293077495949	0.0855818362382203
1.5905252476527751	0.0000817718684637939	51.43748009897676	0.10885768070651398
1.5906887606920233	0.00008174108693065084	51.5086513299315	0.0970967541443683
1.5908522119478246	0.00008171032860890104	51.922109959765905	0.07664966145264167
1.5910156019536106	0.00008167959338073585	51.82166065296146	0.09194446662278881
1.5911789305120245	0.00008164888126590459	51.72443026893903	0.10162889359046023
1.5913421974260253	0.00008161819228405793	51.64557634842957	0.11236640923073285
1.5915054032283331	0.00008158752631771241	51.79562302963441	0.10808927317422588
1.591668547721719	0.00008155688338662984	51.984815149979525	0.10450719087809247
1.591831630709255	0.00008152626351047613	52.08734965935392	0.10251696119792669
1.5920761407878374	0.0001629607534271844	51.81661609848762	0.09727032833475782
1.5923205130407236	0.0000814345415876321	51.95317606685282	0.08707697004809514
1.5924833516792951	0.00008140401344439911	51.721209001894294	0.11045708514529982
1.592727494971288	0.00016271652833452755	51.53743852488068	0.0993542094912575
1.5929715013349517	0.00008131256623831089	51.80134064625758	0.09433895937804923
1.593215370439546	0.0001625338393235606	51.824041976737604	0.10685951474357971
1.5935403165761803	0.00016241227436737058	52.201574928648036	0.09632460043528741
1.5938650197646411	0.00016229089112095688	52.52091493594949	0.10008340230364564
1.5943516196321998	0.00032421831226913154	52.25861912531987	0.09166530957959011
1.5949995726998374	0.0003237349498923133	51.83954172559531	0.11177168218899651
1.5955657396630376	0.000242484891429404	51.84261781702443	0.08740778460384442
1.5958889324976662	0.00008076816879743928	51.93871931819872	0.10699096041141583
1.596131169565015	0.00016144626235900826	51.67385091362695	0.13659648335849023
1.5964539420486057	0.00016132631828069997	51.83190024673688	0.09609117215544476
1.5967764748222448	0.0001612065522913898	51.832044404671215	0.10863016989378751
1.5972598254845582	0.0003220544725818127	51.91075958533092	0.10366632199256953
1.5977426386769933	0.00016084831881118302	52.23160597295649	0.10415624568333333
1.598064216280311	0.0001607292611820405	52.394295284375964	0.10582221888628128
1.5985461365398135	0.0003211020097677677	52.483292292198854	0.09802260419468457
1.599027522623222	0.00016037314353691811	52.829495243658315	0.10662299449574723
1.5999086804740688	0.00024007212866193584	53.10609770482696	0.11395007375603666
1.6006283003195132	0.00047934932382441125	52.67935145360305	0.09653787367341528
1.6013467297372457	0.00023927850909006066	52.43988478731191	0.0965207979568657
1.6018250233025944	0.00023901513393999714	52.05606542640913	0.12462124328324374
1.6023027906180447	0.0002387523379928163	51.89386036801573	0.10194195463254238
1.602780032998203	0.00023849011925325145	51.9846692844505	0.10554089812548065
1.6039708495453855	0.0009513483417661553	52.093840960188984	0.09383786167578491
1.605395532694419	0.0004741163002190494	52.64346402909177	0.09841198109583327
1.6061061255196654	0.00023667059260578798	52.99426569262977	0.09774819552038937
1.6069730517667407	0.00015746575249474793	53.056933404058285	0.0985295650346731
1.607602458532591	0.000471713125652493	52.58265759443483	0.10468959443331215
1.6082309544036488	0.00015701032417822324	52.5789465063673	0.11181710288558443
1.60917199604128	0.0007833523903422343	51.77235265682261	0.15960229729306918
1.6103454378842779	0.0003906193342304832	51.73565591523552	0.10988604409088461
1.61112597472146	0.00038991792315622625	51.76509361949485	0.08565220468744325
1.6116715170639475	0.000155771372908561	51.8194908015765	0.11308862648200892
1.6120607710172847	0.00023344772861982088	51.81293508718552	0.09832764813384022
1.6127605500734572	0.0004661437539777537	51.83719483790826	0.15720794857779963
1.6136918383907068	0.0004651452399925845	52.6844443981362	0.09377846309657474
1.6142341689429478	0.00007742745778381621	53.291646497001906	0.11518847637948824
1.6144663893448716	0.00015477213565726652	53.29877079833686	0.10898138439389418
1.614930457682605	0.000309213682325209	53.43219723127075	0.110954406080247
1.6153940307812742	0.0001544418993148149	53.81309327702792	0.1071141953041902
1.615857109466996	0.00030855461813646844	53.5372571431833	0.12057635051252573
1.616319694907956	0.0001541130692590685	53.687308245529195	0.1126896941952838
1.6173971487671595	0.0009223871972280778	53.17899464238238	0.1079133434324182
1.61893174628814	0.000612755770366497	53.06557604175506	0.11456963581829474
1.6196205500368572	0.00007647308650977926	53.45363827032526	0.11381773491687716
1.6208423989988683	0.001143873579609985	52.68556889034673	0.12980650654991907
1.6222128826099902	0.00022805391970565048	53.19900649210935	0.11447840042132541
1.6227446827122423	0.00030369978022585744	52.8420143691272	0.21874597000185209
1.623351657960022	0.00030327562219408216	53.20277587894509	0.11256330906423864
1.6239577859628165	0.0003028526473772865	53.03329768186971	0.16808758988098493
1.6244874549911468	0.00022686263325722507	53.32875070668329	0.11235808316976563
1.6250164788364554	0.00030211527338796314	53.282469510381745	0.11660100976153427
1.6257711109501072	0.0004523861584531972	53.34527818183265	0.09379978679646798
1.626674942146829	0.0004514456547988819	52.994030703140666	0.13308467332471133
1.6276519745660578	0.0005255030420993495	52.805469804156296	0.10626787064880995
1.6283270962625682	0.00014991050543560492	52.84998119007297	0.11557329598103165
1.6286268138774322	0.0001498070840922032	52.77114685604342	0.11553324478805276
1.6290011702109721	0.0002245170118879622	52.484492393942276	0.14111515613998396
1.6294499722012832	0.00022428511477877506	52.563109048148625	0.09557455484823021
1.6298983109504186	0.00022405369617663199	52.31990862674144	0.10306519751506314
1.6303461873396468	0.00022382275464019437	51.94841060232921	0.12785949200863866
1.6307190651597843	0.00014908711114777222	51.92838166799439	0.10809085946476053
1.6310171371187834	0.00014898482239513052	52.072563359145605	0.0941206641239752
1.6313150045296312	0.00014888267394502398	52.476642325454634	0.1221184028363744
1.6316126677836453	0.00014878066547101057	53.10495367172513	0.09858785430290644
1.6319101272712637	0.00014867879664764644	53.473805955025384	0.11661500367952783
1.6322073831606518	0.000148577067226224	53.18601593717755	0.11486194246282502
1.6325044356197056	0.0001484754769586118	52.98476741881261	0.09944781812840042
1.6328754658277154	0.0002225230264161082	52.50798353007004	0.10449442451918053
1.6333202839483714	0.00022229522798566077	52.322148848272924	0.1430691585536386
1.6339126670391195	0.0003699870353687306	52.65652341572624	0.11082556386633137
1.6343564247965592	0.0000739218358789014	53.244835810529835	0.11409251636883116
1.6345042431684136	0.00007389667980046014	53.22709479366955	0.13706161290652555
1.6346520114654335	0.00007387154080029892	53.344406303330565	0.11396926140123086
1.6348735695723855	0.00014766772874531041	53.21840103171991	0.10842635907081963
1.6351688045945791	0.00014756737778127228	53.0759394901246	0.14480201064843554
1.635463839161106	0.00014746716307886124	53.29129560684503	0.09860407037315862
1.6357586733244665	0.00014736708443524547	53.048201895069035	0.160129213991076
1.6360533075760944	0.000147267141499116	53.23579375603848	0.10799178634786119
1.6364213194776949	0.00022071360497273324	53.00357654121068	0.13242198505281805
1.6367155046350117	0.00007352138240459282	53.15321455394813	0.11421745885584059
1.636936012691737	0.00014696812447738148	52.90801345041221	0.1106930462642087
1.6372298495637279	0.00014686872176783715	52.713191104580225	0.12489321678739697
1.6374500967978203	0.00007339712897081282	52.950659707982965	0.08208788018038413
1.6376702323927854	0.00014671986958487385	52.55197006446184	0.10428439598898265
1.63803687727127	0.00021989408458325955	52.45539866084143	0.10448824342374888
1.6383299704732428	0.00007324857809289357	52.71284225977551	0.10555223528000987
1.6384764430051728	0.00007322387804235329	52.602109157199116	0.1345584433046866
1.6386228659354822	0.00007319919468110491	52.73701562885667	0.11025529650301534
1.6387692397338331	0.00007317452791875164	52.53648873240911	0.16262549301618248
1.6389155639972497	0.00007314987781199458	52.79405125545009	0.10834013354876175
1.639208065069679	0.00021930188198013322	52.57083459386067	0.10995640313912859
1.6395003692001349	0.00007305144312792897	53.003218380343384	0.09707257912153593
1.6397194682618244	0.00014602919678178842	52.933198308276474	0.1024096703202992
1.64001142854416	0.00014593105968904193	53.04630831411043	0.11582749901794347
1.6403031925754843	0.0001458330544478038	53.27540273490655	0.09661843864449005
1.6405947607279603	0.00014573518075609407	53.320477131210545	0.11496703249353042
1.64088613337293	0.0001456374383128407	53.445898383684394	0.11156901201253044
1.6413228260795347	0.00029098214049626	53.33338065120284	0.14615572078622868
1.641759080123013	0.00014534499609274848	53.79814578410432	0.10792146012514343
1.6421948963837698	0.00029039842992464214	53.76404983456671	0.11613676167757205
1.643354939385004	0.0008688713471407725	54.090494598291116	0.08839635537599605
1.6442951980841385	0.00007224935443771497	54.19959940887766	0.11382591614434535
1.6445118920866477	0.00014442662830677178	53.65777134477694	0.2201786550427513
1.6448006493736687	0.00014433063265901794	53.93283466101812	0.10648156316766452
1.645377588503837	0.000432417071165669	53.31683391758772	0.15291843891105314
1.64588178225041	0.00007198589138181859	53.68252103346953	0.11653413052309751
1.6460257302518073	0.00007196203543033449	53.71556505694057	0.09983633962107538
1.6465291725357085	0.0004312719841529555	53.026684436902	0.1294617176220062
1.6471755992111836	0.00021531526691208377	53.04614054967756	0.11327184973642276
1.6480360073742149	0.0006446673436434259	52.626321681922605	0.10151421208293408
1.6488232203023507	0.0001429999693514036	52.68753789910153	0.11239535026607142
1.649537632182477	0.0005710597144493782	52.25111950075046	0.1062986307149477
1.6503933780882356	0.0002849677951991594	52.171718920309864	0.1129434645342514
1.6523835855139941	0.0017019892990946036	51.425424447891125	0.10011222706729334
1.6557742932977808	0.0016887529373941015	51.42347891201748	0.11379352904543583
1.6592783544133338	0.0018147807444508796	51.436814956351085	0.12215693568304181
1.6628928330723651	0.0017997396468198306	51.55562827603562	0.11157801724643542
1.668532162597025	0.0038263530006815566	51.590162692549434	0.09578825158797231
1.6761182261387435	0.003760096318045011	51.692318235055126	0.10489596710718199
1.7099493829356658	0.029068701962416316	51.99503217753838	0.10062568367764974
1.41431493342124	0.0021500598730437503	51.6227291260149	0.10590867872612095
1.417454740771536	0.0026328898690886108	51.391192170703334	0.10582388893567367
1.4225082302955225	0.0013762415835463808	51.6501800876039	0.10590867872612106
1.4283782989083456	0.005372895957357853	50.872493933623474	0.11018718333693121
1.4400444137064106	0.005271750267703262	50.881079323094596	0.11018718333693146
1.449688225376731	0.004426745039927798	50.9439341483919	0.11018718333693127
1.460119726449776	0.00627330121660166	50.84998780309777	0.10828277867569847
1.4924955623480518	0.0032946901987280365	50.82110045164148	0.06978734458355612
1.499494520111448	0.004368911227365968	50.700381045715424	0.0684300342833199
1.5072451212385625	0.002649767897021642	50.919483566832405	0.06978734130661603
1.5127278278369707	0.003244981855211797	50.8545701321537	0.06810392825335225
1.518827515139348	0.0028959073952085673	50.88815654810312	0.07014046056430155
1.5245096583850775	0.003036758065959477	50.86539274947259	0.06978734301703665
1.5308226563670544	0.0032251448109538506	50.84192367512684	0.06876130410368568
1.5372024011707082	0.0028522128766371433	50.90491054560765	0.06978734393394938
1.5428925014745478	0.0027808680462671573	50.93647477921776	0.07086407017586305
1.5474131808881388	0.001932545650006672	51.13508366240465	0.06909787919281396
1.551256698990312	0.0017275466313676619	51.21149451754542	0.06843002798211031
1.5540627099240143	0.0012739755400010407	51.329606820260274	0.06978733317175333
1.5566651019462026	0.0011956424914489952	51.36704547518867	0.06810392472624095
1.5588167815812097	0.0011193610180508554	51.38078935333721	0.06943984935454245
1.561119759095203	0.0011090659651492878	51.38826122981206	0.06943709882108347
1.5633191872114947	0.0012122862676534826	51.3378436767163	0.0704993465554638
1.5677581599179127	0.0028674052314240053	51.48407593981041	0.06264334590195204
1.5734681939660784	0.0028299518036484293	51.495369254901576	0.06237646362607226
1.5790957314587923	0.0031880947498165485	51.44146505078431	0.062778554407157
1.5853138570951653	0.0024662186406839	51.558456734430216	0.061856367643063216
1.5896494062004831	0.0023782198038321775	51.552058802144856	0.06305255448327883
1.5948012398269205	0.0023906601122741272	51.550515312771594	0.06211416139609845
1.5993040783460546	0.002309906530281619	51.5524135469883	0.0625093243273812
1.6044145854008316	0.0028075714867780172	51.451402666729834	0.0631913670031284
1.6091445779065818	0.0022581558238831886	51.54388951763661	0.06277853573785773
1.6130013243416315	0.0014287152082493467	51.748366917746445	0.06198471946615266
1.6165854587151185	0.0019136834604656097	51.60967946256045	0.0629149470788246
1.6200065675594444	0.0016388903497167099	51.67506169371427	0.06291494885352929
1.6230141327292285	0.0012823357230003765	51.78327905794438	0.06211417529742674
1.6261517025831695	0.0018832911914071384	51.69244675949453	0.06331591710492072
1.6295097775458602	0.0017361015073027743	51.74330278622046	0.06332835015978679
1.6326899904082	0.0012781988109086659	51.88968686174138	0.06170527992869632
1.6354896451909964	0.0014045412671901648	51.8273114481163	0.06369963341312584
1.638344619980201	0.001485064826173366	51.80797778275321	0.06332835418764636
1.6409334630428773	0.0013961467786300825	51.85084887826612	0.062038581953145606
1.6440928528505534	0.0015161364387168818	51.80261931474935	0.06320652040871055
1.6469889525909411	0.0014916991727698926	51.81422122464048	0.06237959413053332
1.6501297029284379	0.0017304486032814002	51.72991547226411	0.0628466413115901
1.6540080708432088	0.0019393823862443895	51.67240453946295	0.06203858670823512
1.6576139467974196	0.0016763595336643888	51.7152015426355	0.06237958483697042
1.6617422457971225	0.0023614842702311873	51.53751426542058	0.06320652062839476
1.6659451005721717	0.001850716003552388	51.62283764075558	0.06296566649495729
1.6700327772449985	0.0024155653758621927	51.476666810219264	0.0638253317885595
1.6750459475477122	0.0026133325986723317	51.43237456480675	0.062494997213966896
1.6804874295485273	0.002554204205608438	51.42422770526707	0.06231340136007254
1.6856054455629925	0.0027180768410877557	51.37427948190654	0.06237957524968605
1.6910013695854498	0.002637474985525944	51.36239342657678	0.06272851881270027
1.6965489287402433	0.003037998673116661	51.24043720348472	0.06429952398397829
1.7026080846053118	0.002484218637620512	51.102316266267984	0.07100949248527191
1.7055042943235699	0.0008785225437114697	50.99767933603929	0.06846567550623632
1.7071515338054293	0.0007845513264987526	51.05058279436564	0.06851079605778808
1.7087894351329727	0.0007924968139241804	51.05535996805472	0.06858920959743163
1.7106723927444176	0.0011332198204923006	50.886310866755984	0.0695891615470737
1.7126182194046713	0.0008148635297218857	51.04536282410184	0.06883369343503555
1.7146260369921817	0.001126022621184548	50.90875156665881	0.06883369499764636
1.7166093232220394	0.0009603277933946075	50.965488725890786	0.06810393738622886
1.7186627432793657	0.0009268804607642555	50.962150375038185	0.06810393319907744
1.7208004091225004	0.0013267004447905504	50.78253073329678	0.07077318218460327
1.7235300258537145	0.0014222336844901095	50.75918798541514	0.06958916711500111
1.7262336196442924	0.0014926778878507456	50.74843402943708	0.06883368822739208
1.7292473816737663	0.0012892630058894713	50.813976446558044	0.06920814715059785
1.7318714360224337	0.001327264361919702	50.808365189775714	0.06810393080962207
1.7344151542376642	0.0010435748982162696	50.79044961714898	0.06846567170281616
1.7360530137219152	0.0007369647244493041	50.669816850911445	0.06810393818890007
1.7374282561551944	0.0007521260367916696	50.71429021349289	0.06619864399877605
1.738990913077584	0.00076249599697418	50.65765454651309	0.06851163976746985
1.7404640231849196	0.0007338598264396369	50.67320815713385	0.06788997270186299
1.741917727502516	0.0007241944085469743	50.67820160618168	0.06767468462914326
1.7435735779214698	0.0007760493859209122	50.62788445736808	0.06810393340268509
1.7450197927952646	0.0007390929956797335	50.64543511179039	0.0685116346982992
1.7465154532964915	0.0007365520218967228	50.68384927023186	0.06638348158259806
1.7480344303708577	0.0008876041763537749	50.56210702458701	0.0681039358327964
1.7497153452488226	0.0007339789286325756	50.49296016853515	0.0685210397561703
1.7511893007258879	0.0007159584782727194	50.48425693134569	0.06947401882681345
1.7524977998593028	0.0007250677802709329	50.500189241129334	0.06810394801759805
1.7539202611786235	0.0007241001178164737	50.545832359042336	0.0670220332407561
1.7556093458018363	0.0007953752967702332	50.46179114968001	0.06894631088209464
1.7573280885743179	0.000952351326050988	50.36886124289594	0.0685210465437718
1.7591981281332192	0.000927464226546371	50.37838691091443	0.06810394752051636
1.7608116045130977	0.000759661755313672	50.475552678336214	0.06852101903577341
1.762633727338065	0.0008967740779243338	50.40636321220319	0.06894631376118512
1.764363308386554	0.0008562210223823942	50.424220548488925	0.06852103807132948
1.7660314440417175	0.0007915269880147503	50.45840430339454	0.06810393298449709
1.7676089003027795	0.0009341508524557097	50.39301571047132	0.0685210148447131
1.769497564893669	0.0009165586944751031	50.41188934028366	0.06852103814080017
1.7714319683968442	0.0010257035675707432	50.306009488615814	0.07136853819044804
1.7732423776060569	0.0007878887535532873	50.305524575041865	0.07755265682532639
1.774932976503231	0.0009947389802970818	50.36639163972885	0.06852103758061753
1.7767075755361237	0.0008175794621209508	50.27143989822453	0.07755269123160827
1.7785677736803462	0.0010805851943531456	50.31105089569034	0.06852101866169853
1.7807077525863053	0.0010356930975114914	50.3318102971956	0.06894629655172425
1.7827952236041553	0.0009939621197393915	50.16734244081651	0.08006787866952612
1.784948494582126	0.0011040211467086474	50.14629136520913	0.07755269406733978
1.787241927964251	0.0010085303474270666	50.2194433292511	0.0771524318601774
1.7890938775214789	0.0008735325107562651	50.28407018444266	0.07755268784702184
1.7908735266625198	0.0009073363502169025	50.24070046977604	0.0775526607842099
1.7924995600345421	0.0007909523665779794	50.27407811926419	0.07755265828964462
1.7947663381025531	0.001356523608041286	50.012053501787236	0.07920607466108616
1.7971001233689865	0.0011828202070359515	50.10315787218789	0.07755267542761057
1.799259649354847	0.001154197969300831	50.12275241111471	0.0792060715638712
1.8021726464090886	0.0015106440992615638	50.01527069074265	0.07920607927914211
1.8048416462523118	0.0012480372027956956	50.11266278238575	0.07755267796373161
1.8074000601574918	0.0011761899246489885	50.16959046454055	0.0775526750191494
1.8107051019199112	0.0019294479721200177	49.95036756492712	0.07755268253099133
1.8139362975061544	0.0014067217547704008	50.080185368613506	0.07755267442393145
1.8173934734753288	0.002116995542547943	49.88767388409612	0.07836795093558308
1.8218062420617382	0.0023020329652845895	49.81064004425145	0.0792060692545725
1.8257204891325092	0.0019447619355604095	49.847299725820946	0.08006787378819431
1.83037478319355	0.0021946902316451375	49.79713545219695	0.07836794793242843
1.835240465697141	0.0028649481111159497	49.69688303920414	0.07920608734513059
1.840408853817587	0.002273353608141095	49.79982178784613	0.07920606972121402
1.845393702787308	0.00263959739027157	49.73330332488463	0.0783679543185884
1.8498451674609306	0.001964573355346129	49.8607552274524	0.07755267227432928
1.8543093828491188	0.0025959843403916254	49.72218236792031	0.07836796666802058
1.8594815668954747	0.00283927407360299	49.67807465861813	0.07836796139686741
1.866418408593196	0.0041242758849038205	49.51081082225386	0.07920605795867276
1.8753393436499382	0.004413906860090903	49.50764754095083	0.07836793845713723
1.8827184002788457	0.003133651570253523	49.67442758321609	0.07755267460075647
1.8898736243420697	0.00409111595576116	49.528196572059585	0.07755266105153336
1.8995500419646074	0.004920180426850819	49.407280221129746	0.0775526547840192
1.9079754901708346	0.004610102419536122	49.41213793598456	0.07920607582884813
1.919775960695974	0.005938611384398581	49.301318096963804	0.07755267430674623
1.9297654061559446	0.004563293385805571	49.212352176104375	0.09329938453136584
1.9393068577094317	0.004980596726461071	49.17764050827271	0.09164541172672269
1.9492092389078994	0.004245345726059809	49.232249037154546	0.09164540637828383
1.9573685990072671	0.0062745304147500775	49.18814321252343	0.08014568568023933
1.970458035148459	0.0044082849435044934	49.1597992410496	0.09502165773899063
1.9810851391622433	0.005849579610740028	49.04670145301141	0.09005609818503728
1.9903802141043232	0.0040486237909031575	49.19911210885317	0.09005611391980439
1.9989508210930138	0.004936144191135394	49.116445339581674	0.09005608559122424
2.009044927402609	0.0047712670284767835	49.10734241673621	0.09329939194218213
2.0191993401072406	0.00600947786035809	48.962349138363045	0.09681612006674191
2.0320857050968866	0.0056370568799880534	48.977104668392	0.09681607680004463
2.06383561652549	0.015512726833105048	48.96964276109841	0.10561378187699569
2.088947217646242	0.013014612396987778	49.00542692390814	0.10742944939664284
2.1310033121915652	0.02067272499717659	48.796395619365434	0.10435598114637398
2.16442375219138	0.0232433985297147	48.69641066984943	0.10742940877563258
2.2054864475455704	0.016170882278340504	48.826492955607584	0.10652726124712274
2.2402049697859474	0.01722532962442293	48.76801892012983	0.10742941705624579
2.280309018597342	0.020940953644712164	48.6801883114113	0.10311833439979212
2.3131430014584553	0.013591207347526633	48.7841232632084	0.10652728004280419
2.337042796206154	0.011025677049706133	48.8455215188132	0.10652727480115158
2.3672021046140834	0.01800107503403348	48.609296738109464	0.10652726271588381
2.397144906190778	0.01200096191339303	48.76248921171349	0.10742941959779188
2.42780010605491	0.015656410243601992	48.64824072631488	0.10351105689173044
2.4530249609257395	0.011959378438471795	48.70152824558741	0.10561377161852381
2.4830668495469608	0.0157552625301944	48.51813614485147	0.10788761083764878
2.506915632609491	0.010563497849590675	48.66916648255658	0.10742942266240695
2.5332846012904886	0.014619328384757541	48.507294965984144	0.10788760795064982
2.559106091699124	0.01267354104756746	48.53917094765638	0.10742941558111599
2.585192184300974	0.010377990999975441	48.64611428948205	0.10234397107879248
2.6030220331245926	0.010458719456089685	48.60765056460783	0.10477109450503219
2.623507437892672	0.009026603711183745	48.65508623593777	0.10519033106636519
2.642403932967451	0.0104616487504435	48.56213606968026	0.10788759295078369
2.6636307912695876	0.010395717887403167	48.56008193381476	0.1078875779560833
2.6855348190929496	0.009884403311936466	48.58620819262859	0.10477108412679348
2.7072352945544917	0.011361612511548998	48.4632593642515	0.10742945226709608
2.7316224472291504	0.019630403545344018	48.607176008887606	0.08526800256935356
3.250904929223832	0.0038093733724112533	47.914537160340664	0.10545353654455467
3.25754648566195	0.003310213618880408	47.94024091709153	0.1045418155161645
3.264159436028124	0.0029341287374315293	47.95266985356493	0.10640442013643085
3.2708426736741965	0.0035314455812737416	47.88972473331002	0.10454183846343872
3.2760853220879356	0.0016916569762520431	48.23333063332616	0.10454185402234761
3.282237132950064	0.004273907902415044	47.7812429568777	0.10705435209034408
3.2884416529313394	0.002466328041927039	48.008947014739626	0.10608313307018866
3.293294226766835	0.0028453572912780574	47.93352552974328	0.10705435024311076
3.29868826592137	0.0023084652024868073	48.037188566573306	0.10705432558037
3.3058580951404557	0.004837428107751583	48.22714936314546	0.10854794922339264
3.3157501761548542	0.004149484633269094	48.305052854468435	0.10638361472915808
3.3253503536021336	0.006512946022915554	48.07755443821463	0.10771286718288994
3.336153514428179	0.0033145565044548015	48.28847874180752	0.10450304098801391
3.341346724698956	0.002365393690531124	47.96005067292873	0.10640445126324363
3.3471349977353744	0.004039753993846015	48.26407814637555	0.1064043955126654
3.3565722497410215	0.004479976977108447	48.32426713450042	0.10694142721451674
3.3698206816120884	0.009031522928873804	47.99570831054187	0.10931741766067136
3.3830180851874037	0.003802033839746553	48.33226294048987	0.10723141479252744
3.3883953108068687	0.0024490712623403597	47.895279948990996	0.1070543392605164
3.392992284664245	0.0016962896568307566	48.05625477720459	0.10640440062972473
3.3963715538072545	0.0017633144020817897	48.03528136246723	0.10705436274566936
3.399966630616956	0.0019077376291522815	48.027551172633125	0.10454183742502557
3.403597275734077	0.001655369781271386	48.06738518931383	0.10672812764520298
3.407397760892511	0.0018753723808952855	48.034476603843586	0.10454185580269391
3.4107338761364163	0.0016284209110798632	48.105089240805405	0.10424234044054738
3.414578455559101	0.002152081755922832	47.990651647633904	0.10424235534774291
3.4216569490535518	0.0063312102264651135	47.8867593970927	0.08416111828303369
3.5915737682564677	0.0019430681884544723	47.912519076819976	0.10449311778556984
3.5947473099880147	0.0013705386613654222	47.85453836200657	0.10730651389894387
3.5973837183237425	0.001311796417187863	47.79868844451748	0.10638570684446266
3.599929366244842	0.0013041297208032758	47.80027796275161	0.10669043864706956
3.602964545493246	0.0020421975312956437	47.626456266663666	0.10565433068707945
3.606368592807847	0.0009884094323919159	48.17265036759582	0.10248416780337018
3.6093999701408768	0.002061229969247383	47.85637283908531	0.10637829004339261
3.6135606476669455	0.001847145738128617	47.812970636471945	0.10506268869882435
3.617543860485153	0.0019266194461744518	47.62635027339688	0.10699735414907627
3.620165843075391	0.0014841412649647372	47.743024843703495	0.10730649215977368
3.623148112349943	0.0015690682362995204	47.86464602587927	0.10759499087228266
3.627532368673105	0.0024005771238730794	47.7810422591524	0.10727621099115411
3.6318329561942706	0.001538002307098366	47.796179489806725	0.10698983742502391
3.634472133992131	0.001575002482010624	47.700640130055106	0.10669044897210332
3.6372063500147664	0.0010587604685366396	47.86549336405073	0.10638569515332641
3.6398404001610967	0.0016929196039403235	47.68047922766169	0.1039449711852929
3.6430949242926607	0.0014532244547893179	47.72640323331031	0.10608311818745189
3.645775230159037	0.0012637343928502815	47.78552622279147	0.10608313061120091
3.648400950686675	0.0014804338015854328	47.72598264885245	0.10450696076166004
3.652451234379715	0.0024000515500598356	47.56878618589949	0.10699739712644507
3.6560913113581215	0.0011459320004362052	47.80020798973486	0.10669043246102208
3.65979944220137	0.001966484259568233	47.688076033376426	0.10669043032483454
3.6629645053137105	0.0017352856060304249	47.61302789549362	0.10699739062967979
3.6659319374343555	0.0012926019169455817	47.75602794093747	0.10479085532500093
3.668816552036743	0.0016692633790087973	47.62854467492252	0.10669043043581893
3.672056991284019	0.0014444296186101357	47.7143782499033	0.10608313872423172
3.6746536527393463	0.0014780609541953948	47.7330655843969	0.10565432311451517
3.679091793793681	0.0024661970248154095	47.75590877111321	0.08451103233002737
3.7803245222337596	0.0016554686486258054	47.57287302493222	0.10608310633958463
3.783258212969198	0.0015456759165030799	47.587114220060144	0.10827323923763502
3.7872116969947234	0.0023463870108131825	47.42000376288823	0.10480084191043668
3.791415811182752	0.002097849633286301	47.43774176192329	0.10700812954300615
3.7957284799455397	0.0017256126839260148	47.542111487142776	0.10608313679910049
3.7994099851131207	0.0021863407397409774	47.44059620408726	0.10608314098965661
3.804867954079719	0.0029412832655484463	47.342427383570524	0.10827324636697987
3.8103108822485323	0.0025029315543507354	47.36092649129257	0.10700815630004695
3.8150395687408087	0.0024452648025765364	47.250798503328284	0.12244298930822338
3.8190938489647204	0.0015140897999823119	47.59102585141475	0.10669758848836146
3.822510635105872	0.0020430325422463092	47.4594831231967	0.10608313920889671
3.826351726904136	0.001727243380117966	47.512609703582015	0.10700812747947755
3.8301337357936287	0.0023027016791798815	47.37040847071495	0.1073209447349963
3.8360678123786354	0.0039022357059559335	47.36662077647339	0.0866468440630225
3.916756354772633	0.007545293891413473	46.90592754508816	0.12306693652581295
3.9288944279842504	0.0044212115420472625	47.13139401851938	0.12184736923460246
3.9368904693952853	0.0038326075354107466	47.23774649474589	0.1146213240367796
3.949379341647389	0.007560081897238086	47.03326652362671	0.10533665476228618
4.013325282526826	0.0022460088857879173	47.024828615565674	0.12260430416747957
4.017094281541796	0.0017083377331181938	47.271347378951695	0.10710944843607695
4.02030790995868	0.0013908908129923244	47.23143386633164	0.1226043095651763
4.025227446533117	0.002618579105489111	46.964210205143004	0.12127950022035482
4.02866123563754	0.0016073672334054566	47.288821580269605	0.10794880391415224
4.032320886100586	0.001890414942446437	47.0865553702033	0.12226990465707027
4.035480580099207	0.0018215133868890612	47.10765039443973	0.1226043197453678
4.039166232551158	0.001386510918519112	47.360442149400825	0.1073178009802388
4.042218083411185	0.0017028905001092484	47.144912677418276	0.12226990607841007
4.045376635117147	0.0021041378743689716	47.21878000998301	0.10320202101754536
4.098731898422108	0.004469436763538992	46.64080451240921	0.1234611095093118
4.106488993819566	0.0031247711216898996	46.78832369410799	0.12323701581890029
4.111480106586805	0.002934612722473221	46.81622730980985	0.12169506126824088
4.118809909529066	0.00452561423371902	46.73989507995016	0.10884062074516616
4.165622503491933	0.0014725813518651448	47.08764163368205	0.1210987486769372
4.168528609958194	0.0015982003606935752	47.053066551705356	0.12147443686668877
4.17363878273207	0.0027975952885406765	46.80224803711597	0.12242601869274244
4.1771720977535445	0.0013542667994338314	47.11828060583472	0.12147445079253832
4.181543682671391	0.0029180038628217504	46.782032819594704	0.12242601534765254
4.185513065800614	0.0016934603946420644	47.09581965692469	0.11774141570031416
4.2276612735687245	0.002387633326912837	46.81359451742597	0.12130841053422285
4.234363112594782	0.0029562965176772316	46.70463812075333	0.12207858980844716
4.239599605121063	0.0038719279470394493	46.794168037934185	0.10236449941427403
4.296598112046776	0.021793515911996825	46.50814888878453	0.1290254190632288
4.329843928530764	0.00809929897719087	46.44803975467576	0.09815927486252392
4.362938572125071	0.0022333649723604537	46.7322253857961	0.12090627166361201
4.371606989361995	0.00648095686342	46.28700420440423	0.1243276551733693
4.405516606167169	0.00794268834751639	46.229257733597656	0.12551225402232938
4.441397288736026	0.007391858946378996	46.18780264772688	0.11460540568909014
4.489594555631798	0.021326396402699482	46.04748282135571	0.10000298510345582
4.542296146948449	0.01879813721785347	46.04120934790682	0.10364821155169546
4.647429180949381	0.04595647719919214	45.54265872917367	0.11799076660779816
4.86476283684175	0.24696659185878136	45.02969407301137	0.14348681677091704