-1.6056050695314206	0.427174700992237	51.6702998261979	0.08758203886089458
-1.2417158358276268	0.061602031671334524	51.76689201198587	0.10967218496711541
-1.087738997653386	0.0864267522136817	51.58446417331782	0.10307064129362864
-0.9742945061392299	0.033279263469532076	51.72731429245532	0.10846949336032484
-0.8581807030093372	0.07641544694458212	51.57854901758298	0.08085764667348169
-0.7666529876567565	0.02063156571459849	51.91007600242399	0.1036942144893372
-0.7272341399368121	0.018841407380752052	51.855295184851	0.11043214519111673
-0.6740973696932695	0.03334314531997443	51.97543345561919	0.09164972698160084
-0.6267589380004204	0.014949894843050787	52.160001320966735	0.10907296685126733
-0.5840770628848855	0.027101058795854966	52.021335636533074	0.13235601765163962
-0.5452170557545314	0.012390711798033211	52.195802442730916	0.11276780218040285
-0.4982840635920355	0.0333644921077497	51.87871445933089	0.12737290945562754
-0.45593194530736303	0.010088141035096181	52.09359159925563	0.11426405190576455
-0.43621029589821037	0.009640276618804582	51.89044534644059	0.1778896573791258
-0.41734548191554643	0.009230488419610541	52.06862787233274	0.11435310144837603
-0.3905010140045535	0.017354424227122682	51.85119890564489	0.11344797887842056
-0.36521971968876804	0.008186512316493522	52.13553763243984	0.10851281729119829
-0.34132947871357705	0.015496680325010637	51.91126578763912	0.1386705636509047
-0.31139209099278564	0.014464428749227792	52.12388134674261	0.10062358232960161
-0.29022000115174756	0.0068880961542379425	52.337370029387756	0.11279962155419308
-0.26350632286876224	0.01943152015750487	52.23379467607743	0.09869051133104413
-0.22628488389289902	0.017835502038072628	52.164165490545216	0.10577194678878679
-0.1975321933615492	0.011128621940393069	51.919736240958535	0.11254383874373318
-0.1758265203083651	0.010586093264139696	51.51234795566776	0.13996596549794785
-0.16023077973365815	0.005106342952922988	51.659779269097186	0.10705083144873337
-0.14027118341543793	0.014630920079007998	51.108387056253704	0.12621805427202967
-0.12118872918767182	0.004667323773436985	51.28013353998534	0.11479200686223466
-0.09845750691460259	0.01771726569636958	51.29555335200248	0.0975590169211111
-0.07266302286145354	0.00834780351509761	51.55015453782643	0.11398702537800257
-0.05227943490977066	0.011947578412334072	51.71215161572662	0.10859787386523302
-0.029018481264813212	0.011324497385484467	51.87327534868521	0.12376698132282915
-0.010542944846960445	0.0072352266506265795	51.995945800930336	0.10913105112598605
0.0140695626739053	0.01709147883417303	51.88658142236778	0.10774825455010442
0.06253613084732551	0.030573352881061812	51.81863541194671	0.11774839056292373
0.10613283311909605	0.01382663094808282	52.13995179175089	0.11465341196265921
0.14826649571555334	0.027606121133562075	52.09506083002115	0.11763319071198125
0.20024084607022014	0.024492382822127054	52.23189452275158	0.11398606644743181
0.2867630769551069	0.05838027027186239	52.268675648934604	0.1020482364733796
0.36653684273913884	0.024291947831576403	52.58433849750387	0.1147744572414487
0.4001236386231248	0.009836794558744581	52.98271399748964	0.09379322313218429
0.43129837479792005	0.020926702857559844	52.92639376060403	0.09985323029755089
0.46160588069847314	0.009758056000476297	53.100425219179385	0.10122600292317681
0.4887913909839821	0.017186168597367147	52.84079722654475	0.11420071001388843
0.5218712871104592	0.015925723518544394	52.60189318719689	0.17699460074030193
0.5476346503820122	0.010005632545534424	52.836914292711555	0.11218298446959686
0.5700586031965036	0.01235275844457754	52.63682543293696	0.13997563627140175
0.5840828920759165	0.001840035929909284	53.17510667078399	0.11015117070918094
0.6108418611702668	0.024221184064928337	52.55325188694074	0.10970517330154762
0.6780295598547734	0.04149900337823493	52.30944005218925	0.09777839766543119
0.7362021009650881	0.01814826575440041	52.24032692105054	0.11280829052868406
1.5243524805540334	0.0014088950506905196	50.10900760745796	0.11537042277072872
1.527298139474669	0.0018188411979291157	49.96304438718617	0.11537042277072838
1.531417810334422	0.0020927043850804293	49.91408444675483	0.11537042277072809
1.5359614304612303	0.002084676797253403	49.956435133354965	0.11497485676640473
1.5399486980356625	0.002192370794579871	49.94580581879305	0.11537042277072872
1.543782180161511	0.0021685942116520373	49.96293135010949	0.1153704227707289
1.5487870637890468	0.0021881660587360894	50.02849995118184	0.11537042277072838
1.558639445458124	0.007521496682235087	49.89331492203046	0.10834468288076327
1.6037602934198232	0.0036885092049159618	49.73361504746931	0.07672835204230331
1.6122452836678731	0.004815674157799496	49.61250278612694	0.07672834941684349
1.6243659558965418	0.006542549562778989	49.472411030733525	0.07593331784220422
1.6384364939303275	0.007642985405420929	49.386473733755	0.0767283418766577
1.6567524360362313	0.011000757130803836	49.28265064894296	0.07672832148130894
1.6766304214065932	0.010317156407200665	49.108244311806246	0.09020626883448214
1.7022203159651614	0.013071869996926576	49.24901996971077	0.07672833320861053
1.7311529222791087	0.017529351639318257	48.934277390789774	0.09346975131410856
1.9206852673308925	0.10826263361048699	48.66783901697529	0.10564069769826147
2.0624749756082044	0.049833938737015034	48.68788098285586	0.10676765272292472
2.1489009692904952	0.03612876606636458	48.75371559320964	0.10299370525116448
2.191648642530714	0.02277713073136495	48.878197400997216	0.10481880039651723
2.237206460127254	0.01794504741966949	48.91346221938222	0.10792379763790498
2.2800812132356336	0.02206436917450756	48.786912799918014	0.1079237785473813
2.3224285732335574	0.02001489296040914	48.78737295055413	0.10753507468794
2.3555488528845543	0.012688823049582104	48.98113825205603	0.10714972162959212
2.3784525591944687	0.012962790770090462	48.921551995714694	0.10564070508232899
2.4024424318413757	0.010514051431106598	48.9919375168448	0.10601313675376689
2.4302599529522655	0.016435978024253423	48.79203712611683	0.10481882455490217
2.4575889958365167	0.012346920766467262	48.924004255743476	0.10035904325695606
2.482935717468244	0.010190966006794562	48.96002934004416	0.10136867023509008
2.501966644161894	0.011147590655404339	48.92037040031001	0.09975624065094599
2.5206901155132324	0.008007703404812445	48.97544306411274	0.10753512119221703
2.539758261687276	0.011495967472802024	48.84239239967022	0.10266362753715158
2.55867589431595	0.007948910797155154	48.93914684560935	0.10792377932905081
2.5797139032070633	0.011067969198838611	48.78761089592835	0.10564066092399646
2.5959185533424307	0.007295442528696386	49.01204921155043	0.09975622052842383
2.6146867709910584	0.009136857035250771	48.85033023249016	0.10792379432230109
2.630879539194628	0.007248890362633625	49.1339976970357	0.09003539767041943
2.645771219893748	0.010006548046359594	48.80883742677972	0.10714970380098061
2.667032844441302	0.008099170977728358	48.91479099490084	0.10411543950096663
2.6817407858366313	0.008289978024434807	48.861569465300605	0.10831583519891827
2.6962583379828793	0.006235807965584134	49.00011795723083	0.10342342194416125
2.709047156886031	0.006055029811660995	49.0177360005001	0.10201111927791308
2.7227516015704083	0.007543140315685559	48.867193076783835	0.10517484286760927
2.738945149925378	0.00888190634383044	48.72968718176177	0.10792377276084911
2.755993153988091	0.006987320013110663	48.82362797156338	0.10753510646588073
2.7662099572637233	0.0049290160991067675	48.970365655810035	0.10376804585348098
2.7767602242802267	0.005550886121058297	48.89017973797644	0.10638878083076247
2.7870426772330674	0.004336804567949208	48.99198694577842	0.10676762211722987
2.796269083860665	0.0053070534065667654	48.923064946797545	0.10517483712876513
2.8060696209196663	0.004150768131201759	49.017194029805964	0.10517484189251801
2.816978110040409	0.00708376620956779	48.74774617989805	0.10714969782067786
2.8293937347875753	0.004917323801748177	48.887294070403584	0.10753512255812615
2.840940807098403	0.005745965061241843	48.8132958238258	0.10601312450601165
2.850139967994293	0.0043753329023711336	48.945296567941845	0.10376803676307972
2.8595302741681343	0.005199279175503067	48.8578210302302	0.10446573387754807
2.8708631011291192	0.007151208220165177	48.674705083661635	0.10792379390912234
2.884141180984189	0.005779935398465581	48.76876216955695	0.1067676192000302
2.8958854424895946	0.006469581477395541	48.712773738518095	0.10831589508645535
2.9075917986349937	0.005476003363711365	48.77665370023601	0.1071496904483897
2.9205080693331316	0.006112882232463977	48.72823968104676	0.10446573019404809
2.934798880073666	0.0069437834273990634	48.654434758542195	0.10626058726572606
2.9450881116060916	0.004771926364594157	48.830159236678824	0.10564068819176382
2.956394908213571	0.006117501350368882	48.80767080736237	0.10005648064421824
2.965688593407514	0.00407188034173324	48.88059325666168	0.10714972556825754
2.9753069965321868	0.004216933879838479	48.88439445879689	0.10005652277936627
2.983956880497194	0.005511700927416855	48.6881817136796	0.10775088218949799
2.9974423273521857	0.006678981034726801	48.58146504878608	0.10991861319878134
3.0082724060503314	0.004343019299990462	48.7814628513666	0.10638880359979619
3.0171706472638027	0.004254940761774902	48.78730658162313	0.10638878742498484
3.0281551537413267	0.00829643227518813	48.69135029203893	0.08729765411680206
3.3788129098072286	0.0015727529261700343	48.28215977553582	0.10111556924466879
3.3814823979370003	0.0010114555898119088	48.41060963754277	0.10669670047689125
3.3838911559076927	0.0011887185446903033	48.38402027422818	0.10315089089146404
3.3864862775079585	0.0016361288795149823	48.25382485416765	0.10397971459059123
3.389381556835569	0.0012640653115210242	48.332725226580706	0.10534621977878683
3.391812483171366	0.0015264097005169093	48.23412035915597	0.10669669956874543
3.394642418703454	0.0012488453229770513	48.33456229408394	0.10397966799310014
3.397705991549643	0.0018601001934580301	48.15875083637041	0.1056863894058915
3.40174634225288	0.0016673835126966075	48.25375546163504	0.099579174966493
3.4042307601858055	0.0012215754896940227	48.31049041904649	0.10534625555065422
3.407004135378821	0.0014739388467393058	48.2526884367534	0.10440015693214116
3.411153054765659	0.002490417985924668	48.05878314345455	0.10356327898489479
3.4150284121510506	0.001617161646904138	48.255660043226875	0.10669670968784074
3.418545956076276	0.0016885666570320308	48.20324487570396	0.10669673448459438
3.4215145096026776	0.0015093141913743683	48.26091677415759	0.10274240629756158
3.42430802590862	0.0014996702014424227	48.20292769639083	0.10715610373751601
3.427533408819144	0.0017366694667838218	48.16381916327302	0.10440013497599622
3.430864777820193	0.0016413431520960887	48.1530876397548	0.10715607720918356
3.4356940070548463	0.002353592610761841	48.01163469647025	0.10482471279651412
3.439276517592376	0.00152934450674618	48.18079237081561	0.10624199309902296
3.4424521077384354	0.0018378158409311917	48.09560681519244	0.10579185061311518
3.4453996442563706	0.0009523857412460627	48.37443684643338	0.10579186315708537
3.4485052914038636	0.0018123781050192868	48.10489758737981	0.10568639769561466
3.451665084611227	0.0015645535064681998	48.204105052728536	0.10266912612378998
3.4540830153735684	0.001166915817109012	48.31945271600662	0.10356330278193378
3.4571124869131404	0.0015450517061743707	48.170781919210626	0.10715609848171109
3.460596760989736	0.0019925233916205315	48.107694728377936	0.10306662632084532
3.463949466771062	0.0015209491644077222	48.19238792190062	0.10440015217656258
3.467041416643665	0.0014346618329514405	48.17859960983304	0.10624198030932966
3.4697811998344137	0.0015756549916673935	48.14596742448345	0.10534624291654415
3.4728591527926738	0.001192033619550764	48.296917376158035	0.1030666197895872
3.4751127426623634	0.0014823522698501517	48.1709412178708	0.10624201264706896
3.47811957220158	0.001177682128994246	48.27206431451221	0.1062420143488056
3.4801388621116254	0.0011722483239151257	48.27483453023012	0.10624201078915442
3.4830374932656962	0.0013827521799169077	48.18067824766358	0.10624199334822683
3.4852274036189494	0.0010137331925907545	48.32063226931068	0.10482471959735618
3.4875834713897502	0.0016564206151789434	48.08961917588606	0.1066966937328944
3.490749685521709	0.0015014154899046675	48.16299542747665	0.10315092622902744
3.494221867333278	0.001915019407945998	48.05238493594271	0.10568636609806316
3.497720445155818	0.0011960880609291715	48.25435594916953	0.10579184666487153
3.500713892503121	0.0016769828920074627	48.110047328708625	0.10579181646013446
3.503513993282004	0.0014579297038161151	48.17208545563678	0.10534627657568812
3.5064543216064967	0.0015860150627266352	48.11983210014979	0.1085628851255605
3.5096310958425705	0.0010952583205884065	48.311347463560566	0.10440015697387584
3.512418796440738	0.0017684036113593063	48.07371716036555	0.10669667442604984
3.5152328662319055	0.0014191153948872283	48.165824499935255	0.10669670933213066
3.5188534641432554	0.0016083814680419367	48.08785901136775	0.10669666674361125
3.521266430257647	0.0012662382104827114	48.169040351816136	0.10856286490946421
3.52436635428117	0.001985090950993074	47.97470219080333	0.10715610998517212
3.527924108497622	0.0015751373006863266	48.09501460486169	0.10525348630290403
3.531256156786027	0.0013025908063091158	48.18305969309706	0.10397970321178233
3.5346152651924028	0.0020675409357517357	48.0192522780751	0.10103871597809665
3.6757729038339315	0.0007470931478213403	48.001469682496754	0.10580903611824255
3.6774970077360614	0.000883659269126887	47.938412414449616	0.10580902843155504
3.6794725470048393	0.001203726003750209	47.81359056114938	0.10400377629663582
3.6818697149715485	0.0010589717711645874	47.85599813200665	0.10535476965814446
3.6838038262638664	0.0009167698858719892	47.920852453271124	0.10535476202052159
3.6853415855098275	0.0005937841605208322	48.11253801419575	0.10490507271052638
3.686695730217761	0.0009106855281032889	47.91288430837471	0.10626802497136191
3.6887401212126534	0.0008610764741905404	47.930274273512936	0.10535475012295527
3.69026013500158	0.0008128942098459202	47.95518375761533	0.10490507981294966
3.6926419312382324	0.001616932358807617	47.64864246154897	0.1058090522789519
3.695390085425256	0.001160424170294684	47.8195781827156	0.1044326076912015
3.6974044319211945	0.0007107931357271266	48.03406713851776	0.10580904383145705
3.6994896814868676	0.0011937279582359536	47.84352176979782	0.10315877523946708
3.701318191624316	0.001056615837167688	47.85123474167922	0.10673180680455865
3.703480849008373	0.0009637635350566767	47.91639724751589	0.10112287925211338
3.705550027623132	0.001220762102315564	47.763029434222204	0.10535478059758362
3.7079212844192995	0.0009973160628971897	47.85718488178289	0.104432572138943
3.709948946043064	0.0010358421486186971	47.82759785926793	0.10626801170978982
3.7122860635347195	0.0012878364129318186	47.74062284536711	0.1053547729337285
3.715032872212263	0.0014930115098962594	47.67469698622604	0.10580904376861573
3.717348074960314	0.0007637578957866575	47.95618715683145	0.10490509897628919
3.7192954379487313	0.0010982589512474879	47.787532337605356	0.10580908154430745
3.7212762707715665	0.0009671143503692938	47.84431345691761	0.10535477908040933
3.7229255543437727	0.0008377799269291832	47.900040893415294	0.10580904317682781
3.72457525569921	0.0007094113882903807	47.98897369031411	0.10400378935475407
3.726347924290505	0.0010390131827407694	47.81767431380639	0.10486563300125469
3.7288417879184443	0.0013636516266013682	47.70286631724345	0.10486563085691121
3.7312791978733797	0.0012738313012339237	47.72501022244823	0.10486565562077334
3.7340046935250975	0.0014291944942448052	47.6587246694469	0.10580904876135266
3.7364301574182157	0.0009745684936853958	47.8530355772634	0.102742434049402
3.7381478309040155	0.0007684825566993268	47.95342324481999	0.10400378775629247
3.7402954376547966	0.001207416482033345	47.782566971047984	0.10274238799585561
3.742768674136671	0.001320615981609588	47.70344093784067	0.10580910113597694
3.7447693228557437	0.0009958631426868736	47.81127884473739	0.1058090238352485
3.7471723199557587	0.0011884322921555028	47.73315146388744	0.10535473514423195
3.7494046535051853	0.0014188259733371059	47.65414226501668	0.10580904646302944
3.7521665746003228	0.0012923455394154182	47.690641147996274	0.10580905982491705
3.7554365924748723	0.001632465383543951	47.61405904002605	0.10443257922096412
3.759715800188264	0.00273225337309153	47.60889542553001	0.08476032917928583
3.853141672366256	0.0007448925575284743	47.639427475925956	0.10490509966455604
3.85472031155831	0.0010823699252592801	47.49278728080691	0.10343474397681654
3.857071502961486	0.001199554393335265	47.405935714962986	0.10527741657235147
3.859552693529216	0.0011009842091090141	47.420712217892095	0.10565294519420064
3.8618950196976423	0.0011863051859525295	47.39318158253003	0.10603170621169117
3.864200839172896	0.0010589981192948874	47.450054790938715	0.10527740373335094
3.866190289930194	0.0009336739391029285	47.4996406287304	0.10527741425551874
3.8681972141313414	0.0012891313009081645	47.35493874866481	0.1056529395311105
3.870836409246569	0.001191925445480437	47.3808296262014	0.10565294000465941
3.8730955286601487	0.001067169596093916	47.423409952167404	0.10797540019407878
3.8751152820286032	0.0010917323124480336	47.42825309373344	0.1056529280187652
3.877301940869595	0.0013798273312476124	47.638895458654886	0.10600832563467882
3.8810407383851073	0.0015135244700701341	47.356752336738026	0.10377797151466475
3.8831373995300265	0.001071751369142601	47.41592451511039	0.10679904312111667
3.885351680196785	0.0012680303686519873	47.355640294949005	0.10449473278659811
3.8878859414020708	0.0010887443125748735	47.41355252899351	0.10449476062549343
3.8895447164028036	0.0008562528844799403	47.70191870193675	0.10308716305017138
3.8921584927855264	0.0013618021875877902	47.339736728025656	0.10303205831459371
3.894442191169736	0.001015995051071297	47.4471451490629	0.10603168365331922
3.8969323664532	0.0012627215173316802	47.428068629359046	0.10274243913619464
3.899302305831174	0.0014791286051018128	47.275680085613374	0.10641372741654266
3.9022978471760066	0.0014966628815837207	47.25537938513852	0.10603170202895258
3.905133483751423	0.0012391003047836021	47.34485939312559	0.10343472785029378
3.908429240952895	0.0020768312015265467	47.28136903524124	0.08902827951802998
3.977711432979386	0.0015143587290996489	47.22810553548666	0.10630727223628773
3.9798406632279715	0.0008578001185087136	47.47487314979669	0.10630727722359096
3.9829470668694755	0.0018414952139992463	47.14762744584327	0.10560055490426191
3.9863748237934127	0.0018041831689687927	47.14905747679933	0.10738890120836507
3.989077725288438	0.0011348050309120995	47.36490606502986	0.10560055442674982
3.991527228373088	0.001173553672523949	47.37936635126828	0.10338627181602533
3.9940268248323223	0.0011668275947919304	47.359362964430765	0.10595251529309731
3.9961015512191214	0.0016079029144950925	47.21483929983562	0.10666488551397339
4.000194506241511	0.0018804118759032503	47.18284421748285	0.10255710834817391
4.003281781103588	0.0013838445314540075	47.24910417292532	0.10666489223691782
4.005838262888209	0.0009389794869283366	47.40246595899971	0.10490508912030665
4.008053238172225	0.001347000856126675	47.260976183146454	0.10306311039229923
4.011110674182353	0.0015748540265742939	47.193692995367456	0.10338630477489627
4.0139997165482155	0.0013929744366344065	47.22938773874368	0.10525144185464641
4.017798214628426	0.002655313654523335	47.21082700178116	0.08233754576860929
4.074100541836126	0.0013622299909993103	47.099876975932126	0.1063920565878898
4.077501731926415	0.0017774491105417814	47.036373447102605	0.1060155587839573
4.080150749476772	0.001214568027706843	47.15251563350979	0.10601558758069489
4.082948838303768	0.001298185420316718	46.98735596776776	0.12129191180059871
4.085053232760156	0.0010735644073948227	47.192153531871085	0.10601559030799387
4.087404197390425	0.0012668401711586758	47.0095408731071	0.12010688341486499
4.089783983542621	0.001043929838327882	47.229838585817696	0.10601560388402602
4.092413369217269	0.001592233007993137	46.91485380227253	0.12069604979098418
4.094920972368745	0.0009605077264976684	47.24859254728881	0.1052721764222856
4.097277884659644	0.001415278606295934	47.06729030812	0.10564228512087113
4.100027482908856	0.0013887624582004327	47.07230692724015	0.10639206516024233
4.102809595164849	0.001519633816717701	46.89986445042185	0.12250390153742757
4.1064161827755985	0.001940034302434332	47.00235655643378	0.09767747663484173
4.155566432168992	0.0014695535534223318	46.88916020419168	0.11969274472519618
4.158046537805969	0.0014458063965050126	46.889514883239194	0.12121519336694138
4.161435217101605	0.001739800285394795	46.80848278443626	0.12199327344167617
4.164246433584927	0.0011220572303227926	47.13255294639888	0.10537929678844764
4.167186517492395	0.0015060606306236156	46.872482646625286	0.11969268703663322
4.170375689618315	0.0016146475761451902	46.83092565508192	0.12083036598312166
4.173112268300105	0.001366801940781239	46.90393596390434	0.11969269894641583
4.1753158282178555	0.001271196133416731	47.01122891125747	0.11062795399045461
4.179626313249961	0.0022829959460456783	46.81539127661716	0.1042996207092416
4.222908659055069	0.0011922386830653347	46.93344049902511	0.11988277281534264
4.226012307709053	0.002025522499225532	46.702320882673696	0.12045201254794746
4.230427694223435	0.0021612710791670685	46.66835275179091	0.12045199866557199
4.234602922858769	0.0017924219460561733	46.747815086355764	0.12083499699413165
4.237922740588742	0.0014588490431540872	46.83628947937429	0.121027548614621
4.241739531012383	0.002422742645590711	46.69203816693856	0.11134541915819765
4.277708346260574	0.0017868167858095807	46.745240980540245	0.12617001263634933
4.280535768617093	0.0015893249819668655	46.753718789799464	0.1198674044503348
4.284326299855764	0.0020240210573079843	46.64838757888251	0.11968222469641021
4.287374496375325	0.0011305466356309902	46.895547532490866	0.12023992669257305
4.2908169310327136	0.0021072954702263443	46.63161876154882	0.12023989088940677
4.295943316574812	0.002877436927339899	46.5910345325798	0.10878301368739006
4.329688262845409	0.0030146231711299337	46.437499219612675	0.1210643833825562
4.334857420742617	0.002303318897692038	46.55135900585501	0.12086837027870824
4.341572431010979	0.004183090011378052	46.523147147893894	0.09575230342852009
4.586313614207627	0.013651585471496704	46.01993739405041	0.1233964159132803
4.605054638490879	0.002263974955190736	46.26889361283755	0.12245697915349285
4.611041055150802	0.0027315646579039315	46.30224532342692	0.10741054672792334
4.628367029923694	0.001713395784423714	46.35179470715043	0.12254912646339479
4.6337518246332845	0.0035542760522368428	46.21305395548189	0.10100179981824238
4.65825380135014	0.014149774179334895	46.16499158585595	0.10247519920690108
4.864994374421313	0.06402717861034966	45.52041739701332	0.12114918834638624
5.080721659865255	0.11564639628277158	45.11315075977958	0.13694370934873298
5.293444092608627	0.0654615651645538	44.751266531900555	0.16436569050618974