-2.1202595079221203	0.4136128719008746	51.10552262205721	0.10052441475838526
-1.6571498729458256	0.1423916133755411	50.94044381831565	0.11163101648866668
-1.4381582661082801	0.08599888172866241	51.14523678381963	0.10052551610118564
-1.2932604977886961	0.061602031671334524	51.08513322446338	0.10529956469780591
-1.1848011621595926	0.04798833700194272	51.09748523966466	0.10464136162954689
-1.0980874269747927	0.039302661855087045	51.15956663963456	0.10616274837499853
-1.0258392672802448	0.03327927106952713	51.37233232015706	0.0990422739530818
-0.9639132473266381	0.028856774469055508	51.46913274752963	0.09900424088682065
-0.9097253396664321	0.025471814164090084	51.497346595213436	0.10564109261982213
-0.8615547917582176	0.022797610512999486	51.615981869219354	0.10794007967218554
-0.818197649617826	0.02063156571459849	51.864663677403826	0.10304995605879537
-0.7787788018978814	0.018841407380752052	51.968220242113915	0.10386530117727
-0.7426420378236687	0.01733710485148573	52.114525196965836	0.1001226695580817
-0.709282481756236	0.016055248048118642	51.975678553303766	0.10112024836940636
-0.6783035999614898	0.014949894843050787	51.720518602198844	0.10175196633883686
-0.6493881612179516	0.01398693958883527	51.37437066532136	0.10006710662205785
-0.6222782882747743	0.013140528308599644	50.89613289769092	0.10662590577121707
-0.5967617177156008	0.012390711798033211	50.872183692708695	0.10275545077211258
-0.5726615518625894	0.011721848115539025	51.284348045879085	0.1030436666117584
-0.54982871450489	0.011121497086325071	51.64315756654383	0.1035844492107494
-0.5281366124494845	0.010579646343671825	51.69341596991807	0.10903832747743976
-0.5074766072684325	0.010088141035096181	51.44062093675003	0.10465608304514291
-0.4877549578592798	0.009640276618804582	51.14574444319962	0.10124288429250708
-0.4688901438766159	0.009230488419610541	50.779839817616654	0.11126602513013405
-0.4508107504962735	0.00885411764964374	50.99334675071201	0.09909264785126769
-0.433454007100361	0.008507237258101371	50.901489190183355	0.10775750602220277
-0.4167643816498375	0.008186512316493522	50.99358839744603	0.10155044897249968
-0.4006924382429897	0.007889091190800088	51.02313221316709	0.10540042633839793
-0.38519410504459084	0.007612523440869572	51.11339325771989	0.10597702368582386
-0.3702298665411483	0.007354690550270386	51.29601949213507	0.10352473349469694
-0.35576409273839976	0.007113750524522287	51.46459884017274	0.10074316045824291
-0.3417646836409421	0.00688809647982279	51.474234962505065	0.10986600806375306
-0.3282024664541817	0.006676317845573732	51.62337232315491	0.10231420918819586
-0.3150509783953397	0.006477173289869381	51.51918305449533	0.11027800959600413
-0.302286090035953	0.006289565263626177	51.71125790945982	0.10187972986487674
-0.28988568414175697	0.00611251899940929	51.61007331382441	0.10733619258164073
-0.2778295399479739	0.005945167265175552	51.56245942809806	0.1055446668181816
-0.2660990750276143	0.00578673524463275	51.5030328144834	0.10311564066601873
-0.2546771225516806	0.005636527892393293	51.392106369343026	0.10418017072142786
-0.24354788564075397	0.005493921169029302	51.44462862926157	0.10285651165411494
-0.232696751277614	0.0053583526090676395	51.46283836098748	0.10506680073363679
-0.22211012813504805	0.005229313346480985	51.585980594760116	0.10132215261882313
-0.2117754416947276	0.005106342952922988	51.47440429947398	0.11617811655048756
-0.20168099402184617	0.004989023296702821	51.79414606303558	0.10091144001415361
-0.19181584053166845	0.004876973305263506	51.78324289371283	0.10430803157606505
-0.18216982349697153	0.00476984604207243	51.634829953495256	0.10356243610136642
-0.17273339114874126	0.004667323773436985	51.41610458547394	0.10668177422213178
-0.16349764261261857	0.004569115963354707	51.52780860073435	0.09812921007852896
-0.15445423282255505	0.004474956012877085	51.77067224420722	0.10134919048464448
-0.1455952879854418	0.004384598448892398	52.13269373067434	0.09944604681738065
-0.13691344550728496	0.004297817633462566	51.62457049451056	0.10623520117424566
-0.12840177547660886	0.004214405435173458	51.17458030523558	0.10184963585826239
-0.12005371044882085	0.004134169211742758	50.911432742315824	0.09970220511511346
-0.11186309132373518	0.0040569310738624645	51.254800046756074	0.09672944102184242
-0.10382410082712534	0.003982526173724244	51.38525273597483	0.10191770124515988
-0.09593120370939912	0.0039108012165391835	51.56170381157685	0.10195005739325103
-0.08817920736022744	0.0038416141755364033	51.523799049386426	0.10064803638066358
-0.08056314697584288	0.0037748324944223335	51.5552903812398	0.09535444155648874
-0.07307834802554275	0.003710332973609315	51.147620981431544	0.10199571041402822
-0.06572037339864362	0.0036480006857818287	51.02586956744158	0.09747912482294634
-0.05848497551688753	0.003587728028066283	50.97589129717614	0.09703167639447874
-0.05136814753589958	0.0035294146613368983	50.95886155206256	0.0962781852846838
-0.044366076257520926	0.003472966659950633	50.8576705415838	0.0998046405677761
-0.03747509928716414	0.003418295766834606	51.08068840815422	0.09680130575397061
-0.03069175625632603	0.003365319439279335	51.232837492943716	0.09913137056872903
-0.024012746300596632	0.003313960168531097	51.32618773489357	0.09920817867092456
-0.017434889221076277	0.00326414488245974	51.18249468607748	0.09829414850522622
-0.010955176213200801	0.003215805059159237	50.94846731272669	0.10348408119327673
-0.004570731031737163	0.003168876172273176	50.97090135134225	0.10011181159249717
0.001721225607997423	0.0031232972031281217	51.195379916562445	0.10309299424001575
0.007923316944099645	0.0030790108617516467	51.374800083330385	0.10712453716377661
0.014038091853283141	0.003035962801753112	51.59379792047162	0.10166019141484849
0.020067966020091255	0.0029941018657109694	51.46518219890186	0.10265286043938121
0.026015256005933574	0.002953379675892138	51.4179132875572	0.1010612507783748
0.03188221065005087	0.002913750273206193	51.40263239275809	0.09882546287714306
0.037670962926673046	0.002875170309072563	51.33231917015889	0.0979550544491673
0.043383561750651445	0.0028375986977163432	51.01652062611846	0.10640914094836147
0.04902200138007795	0.0028009963089071378	50.98742130940295	0.0971045704602518
0.05458817445455122	0.0027653261686262772	50.86323844028848	0.10433022873572936
0.06008390186575557	0.0027305531598894118	51.225574830289496	0.10039615383559969
0.0655109604486313	0.0026966437579004246	51.62090351138245	0.09948703697709489
0.0708710292969777	0.0026635662824151017	51.66058103016051	0.10129245699328648
0.076165757649787	0.002631290393937157	51.25064358187235	0.10368890016879267
0.08139671171833435	0.0025997873496474123	50.85863472503613	0.10304677484999378
0.0865654018850715	0.0025690297646820503	50.65383688784456	0.10110897107573034
0.09167330802625856	0.0025389914001613984	50.7253530309126	0.10131925848356972
0.09672183579430266	0.002509647363990917	50.732762968871086	0.10521197595794794
0.10171234246954702	0.002480973899653178	50.877720782720836	0.10105450491391063
0.10664616108566788	0.002452948198312603	51.181036610991164	0.09588076657187718
0.11152455790390198	0.0024255485950673236	51.43636010145854	0.1008108022516129
0.11634875706794995	0.00239875438049083	51.98356968422189	0.09448539355430449
0.12111996366356376	0.0023725456326510273	51.4785943100648	0.0972589615755399
0.12583932235352607	0.0023469034076216643	50.86561278421889	0.09880039569533201
0.13050794096051327	0.0023218095700427424	51.300194322195495	0.0980018998465819
0.1351269125701962	0.0022972466417939307	51.89617972266531	0.0998961072578758
0.13969726851556613	0.002273198021521308	51.614778023336484	0.09816131624109371
0.14422003486593932	0.0022496476539596638	51.235551823717664	0.1002131727058801
0.14869618591889405	0.002226580247278649	51.31543005636896	0.09756433012910953
0.15312666622153076	0.0022039811290681323	51.35455771554893	0.0994428077448514
0.15751241127665777	0.002181836117288336	51.67206312175853	0.09816623366932367
0.16185430908561454	0.0021601316928928117	51.82541626884399	0.09977055357809471
0.16615322134348537	0.0021388548681869233	51.75302976730232	0.09959181005999074
0.17041000340434004	0.0021179930686269096	51.591436931704365	0.09968381604824116
0.1746254668389136	0.002097534298489581	51.28648325673148	0.0988752604576246
0.17880039987282487	0.002077467019930127	51.095320389383396	0.09724104936581107
0.18293558667143411	0.002057780044168572	50.878521154935115	0.10260577219699311
0.18703176479579947	0.00203846271881463	50.9936685953232	0.0990780869009122
0.19108967531929527	0.002019504673674028	50.896464103467046	0.10255136969559392
0.19511002073377243	0.002000896005269434	51.25294287287926	0.09860050029838309
0.19909348425553525	0.0019826271707895156	51.57146206921056	0.09877318038237619
0.20304074808983302	0.001964688892353966	51.729772824998555	0.09903971767735359
0.20695245849439775	0.0019470723048017127	51.57686812840304	0.09690503890168331
0.2108292444721505	0.0019297688571656589	51.37218210695314	0.10011170251330224
0.21467173548154933	0.0019127702235552544	51.31600034719115	0.10338445969610113
0.21848052736783213	0.0018960684446498787	51.61240265601951	0.0987288604229479
0.22225620048498912	0.0018796558358473016	52.27499819881943	0.09720165474616345
0.22599933688937018	0.0018635249040206761	51.93769221187069	0.09527691543678415
0.22971048710166303	0.0018476684829840148	51.797719939885155	0.09712396399671488
0.23339018769595438	0.0018320796475925136	51.63962457832867	0.09622176149714931
0.2370389780098902	0.001816751635744415	51.014381637176264	0.09627774728707425
0.24065736233264795	0.0018016780003698907	50.809500452121725	0.096624855472685
0.24424585384197456	0.0017868524174917536	51.36410850494377	0.09572861570790792
0.2478049371665491	0.0017722688356861202	51.65630112498884	0.09859678757981741
0.2513350851602653	0.0017579213987773915	51.5795628802683	0.09982594725830522
0.25483677487143824	0.0017438043754256106	51.56259446902898	0.09846843193960672
0.25831045635184174	0.0017299122798697802	51.596124344471754	0.10095435428701097
0.26175656898086924	0.0017162397991176504	51.86539161618818	0.09524537206899186
0.2651755570243794	0.0017027817265070015	51.61793713694582	0.09638333332578937
0.2685678391529986	0.0016895330774278872	51.27980505617104	0.09760876240453241
0.2719338243418497	0.0016764890205909079	51.4708420519688	0.09925294001129738
0.27527392704176673	0.0016636448151992034	51.823735102813984	0.09721998947491345
0.2785885324571708	0.0016509959406150595	51.57891073412286	0.09688637112118195
0.28187803664647765	0.0016385379378183438	51.19007707280217	0.09864427399066007
0.28514281212286524	0.0016262665369222063	51.43956227405642	0.09683782740295017
0.28838322309750014	0.0016141775944538076	51.8276021727123	0.09574694920116081
0.2915996400497944	0.0016022670358590777	51.6305006707736	0.09582911038471173
0.29479241099776793	0.0015905309590792114	51.41937969557843	0.0976343945220996
0.2979618763747082	0.00157896557503676	51.43464197182287	0.10059282720677878
0.3011083832631301	0.0015675671529889073	51.392360383907715	0.09915517666228707
0.30423225727411446	0.001556332119983333	51.1492601935682	0.0989345390136506
0.3073338170758501	0.001545257004290663	51.00254785623485	0.10020514289095193
0.3104133883076859	0.0015343383833800073	51.10986048322498	0.09926443121558799
0.313471276044387	0.0015235729794721912	51.51149204896635	0.0952707194838724
0.3165077789935377	0.0015129576056885027	52.13301602493744	0.09590179802393392
0.31952320310479315	0.0015024891164474152	51.96439439551682	0.09440314928445498
0.3225178301492802	0.0014921645146002524	51.48952329446895	0.09623594561157882
0.32549195383649693	0.0014819808236953595	51.61220589002817	0.09848569817056337
0.3284458486627934	0.001471935193407927	51.87712239842825	0.09720000299778869
0.3313797835910977	0.0014620248497707203	51.655448498822686	0.09763220945392258
0.33429403518274464	0.0014522470492164038	51.469344073980906	0.09842908897066203
0.3371888615133352	0.0014425991646989404	51.64203285136444	0.09799261897974786
0.3400645155605722	0.0014330786381397166	51.70858519722898	0.0973542581838074
0.34292125806636337	0.0014236829364524745	51.46034211126505	0.09849133456973835
0.3457593319597118	0.0014144096344610305	51.286851455469595	0.09973253301127578
0.3485789754654866	0.0014052563694067044	51.53954862051152	0.09723140488202106
0.35138043470828123	0.0013962207988207414	51.71278240362609	0.09732406579107276
0.35416393448913713	0.0013873006936105496	51.80800332990603	0.09820360443154744
0.3569297117995805	0.0013784938284537357	51.67627523865494	0.09668390517047253
0.3596779868331707	0.0013697980734666269	51.66032244169971	0.09688189002083121
0.3624089756553041	0.0013612113518441952	51.86469896348155	0.09513747211643696
0.3651229024001242	0.0013527316005456271	52.282230901160894	0.0948049811894013
0.3678199749565532	0.0013443568454493693	51.60220478935582	0.09586827595476566
0.37050039738914337	0.0013360851607110912	51.76111651306663	0.09607078740708634
0.3731643819037936	0.001327914630995184	51.99368406652506	0.09670937624571493
0.37581212497670197	0.001319843423984492	51.86135422053258	0.09539263720056682
0.378443819536249	0.001311869751348351	50.80465798447707	0.09630652921807
0.38105966670650254	0.0013039918324250401	50.18038474302609	0.09564607212780618
0.38365985236361894	0.0012962079642175766	50.8410112273108	0.0955003652858594
0.38624455908812366	0.001288516483873226	51.112883135258414	0.09721443814824263
0.38881397769463505	0.0012809157337300625	50.84215565723815	0.09505818578582123
0.391368280405979	0.0012734041400497644	50.70651217821227	0.09863047413390948
0.39390765155984503	0.0012659801212807722	51.33478675927473	0.09711727521458816
0.3964322609822864	0.001258642165664441	51.7595583304015	0.09784470512250555
0.3989422755765944	0.0012513887960367903	51.91608082180235	0.0949528039995823
0.4014378705141613	0.0012442185369747434	51.603759027742754	0.09690752604033039
0.4039192068607829	0.0012371299786716851	51.747557055521305	0.09490791411977499
0.40638644295824183	0.0012301217430260324	51.735522995665626	0.09544363206724149
0.4088397454215768	0.0012231924519531658	51.53337242842315	0.09602393248919755
0.41127926714230095	0.0012163407891647416	51.39788758397837	0.09616230935751449
0.4137051584701931	0.0012095654674718834	51.43109508325147	0.09709018841396534
0.4161175780237772	0.0012028651981989156	51.40785781188378	0.09769329384391714
0.4185166674931033	0.0011962387607847283	51.30128538228296	0.09509011138606423
0.42090258045418233	0.0011896849221350733	51.134511332720066	0.09731301028919066
0.4232754573484117	0.0011832025052767826	51.25673109029599	0.09572984321198176
0.42563543634693896	0.0011767903585397136	51.22168810508202	0.09875897735118777
0.42798266386394174	0.001170447326677756	51.515996125687806	0.09795617416547905
0.4303172735064608	0.0011641723075243014	51.94856896367496	0.09483781489543446
0.4326393967570235	0.0011579642222219644	51.71098696718443	0.09717031718738373
0.4349491733165423	0.0011518219872973894	51.503785646823	0.09556322904089193
0.4372467303887467	0.0011457445695545012	51.421340459570004	0.0949548836102657
0.4395321931871958	0.0011397309572976407	51.26149500314049	0.09683064869681715
0.4418056951133636	0.0011337801333118778	51.359001211958166	0.09652705024989973
0.4440673573653426	0.0011278911280731502	51.30425259464244	0.09616879546274379
0.4463172992750504	0.0011220629919143092	51.013212174805055	0.09356449720301896
0.44855564832679645	0.0011162947688660005	50.809697236074534	0.0944205457054461
0.45078251677058606	0.00111058555672218	50.9792584531049	0.09785460534637468
0.45299802834404473	0.001104934437782656	51.295365418379234	0.0960865060593655
0.4552022950384795	0.0010993405381514835	51.53973916043996	0.09856976826417231
0.4573954271651885	0.0010938030013716792	51.70849294885273	0.0970011257209944
0.45957754311924043	0.0010883209636086439	51.58729194832702	0.09479972396997281
0.46174874980581276	0.0010828936027255174	51.57075971632641	0.09562891816405217
0.46390915255080384	0.0010775201127424148	51.773498194133566	0.09723879785734316
0.46605886471799435	0.001072199679774764	52.47752847672983	0.09807174208259826
0.46819798842552035	0.0010669315296793706	51.962888440191975	0.09876273485894563
0.47032662430561484	0.0010617149032990604	51.25123877917491	0.1011625965793515
0.47244488097957643	0.0010565490331209712	50.773847586397906	0.10089767347351897
0.4745528529224679	0.001051433197140125	50.637691991133565	0.10945750977900257
0.476650645744164	0.0010463666569214638	51.50691191274075	0.11020243690520452
0.47873835419119953	0.0010413487108081858	52.0948950128323	0.10307922797790367
0.48081607166518275	0.0010363786703952375	51.968331425686216	0.10219123501660911
0.48288389947006033	0.001031455838315745	51.58332943794088	0.10561405866618107
0.4849419282621978	0.0010265795523626618	50.890070488012725	0.10455490231692902
0.4869902474297258	0.0010217491626551389	50.67320685074229	0.10774654479357573
0.48902895420845466	0.001016964010061974	51.3828178767922	0.10372381632435738
0.4910581353929849	0.0010122234691003914	51.83016539844174	0.10546671976343412
0.49307787658105534	0.0010075269257644398	51.745841176984634	0.10852657267261584
0.4950882711618399	0.0010028737565577791	51.79071789059641	0.10422386036816801
0.4970894022809043	0.0009982633702190565	51.39576824309224	0.11550269209323467
0.4990813519534431	0.000993695186183345	51.1974409675557	0.10565758788870193
0.5010642099285281	0.0009891686141982224	50.93198451095527	0.10319850110380578
0.5030380529664378	0.0009846831015762497	51.126898605344515	0.10503872811924471
0.50500296849741	0.0009802380789940453	51.443903041640944	0.1048495885443061
0.5069590340194345	0.000975833007203399	51.625326730103325	0.10521658068532275
0.508906326001137	0.0009714673564879968	51.46894784267295	0.10390491045156279
0.5108449285468335	0.0009671405871977619	51.38157190800761	0.09863787406258655
0.5127749160054373	0.0009628521885678877	51.280854826456334	0.1014221564020096
0.5146963617517848	0.0009586016587393544	51.226459382929356	0.10295582294555504
0.5166093467364703	0.0009543884858141412	51.14217731130707	0.10546409095189205
0.5185139423246083	0.0009502121856613739	51.19241704153089	0.10502377862416168
0.5204102189589139	0.0009460722824783368	51.41227378790049	0.09890915740638313
0.5222982545973813	0.0009419682903455111	51.473800052366514	0.10251093317696332
0.5241781149807803	0.0009378997560949805	51.57014721875722	0.10637314758909387
0.5260498761564647	0.0009338662102078871	51.62150466019534	0.10511961129358287
0.5279136048552415	0.0009298672092134927	51.556312599180586	0.10245414037623522
0.5297693669643726	0.0009259023171027102	51.52143680467512	0.10584378185811351
0.5316172357847944	0.0009219710876725183	51.758273577073524	0.10465878179111861
0.533457275454299	0.0009180730998152725	51.91615913837253	0.10585367581859614
0.535289549310479	0.0009142079394166898	51.850184502330706	0.1092205383275351
0.5371141280433736	0.0009103751821493764	52.01483770297329	0.10572955239841136
0.5389310733277248	0.0009065744278821972	52.2624348598899	0.11476658939748065
0.5407404460787189	0.0009028052830437318	52.45501369971812	0.10290724378360755
0.5425423145026962	0.0008990673438477218	51.67237620472562	0.10814063714027118
0.5443367379333046	0.0008953602298547262	51.093225276365665	0.10303186333045243
0.5461237749827754	0.0008916835667830647	51.04688897791065	0.1034980064858885
0.5479034914932364	0.0008880369701498836	50.92984568943072	0.12240531854945846
0.549675941935996	0.000884420083383411	51.11945895541373	0.11281837404865536
0.5514411906398677	0.0008808325342261886	51.51397290376098	0.11326730789502319
0.5531992932877676	0.0008772739724525962	52.05911231900207	0.10584383732932919
0.5549503048996762	0.0008737440533881867	52.4092064313418	0.1047747798592269
0.5566942876236907	0.0008702424222093926	52.534958171675285	0.10165170267075611
0.5584312950919799	0.0008667687453907726	52.32093856113295	0.11030734476851808
0.5601613803060903	0.0008633226946282727	51.90698367370023	0.10255502249774642
0.5618846033349081	0.0008599039315149907	51.70554706279826	0.10414214858279428
0.5636010158570954	0.0008565121382463299	51.92794301174711	0.10622085719821983
0.5653106689510652	0.0008531470019324556	52.16750754359098	0.10378310455186901
0.5670136207021441	0.0008498081996364325	51.95288642154994	0.12826726196658866
0.568709918404267	0.0008464954332804359	52.08855361188202	0.1032735913227497
0.5703996188707794	0.000843208389747235	51.5304457894093	0.10819657097042715
0.5720827707253111	0.0008399467754397101	51.25521847887839	0.10922644139217
0.573759422038036	0.0008367103012106851	51.560257318932	0.10246172103792285
0.5754296277861044	0.0008334986679769459	51.59389594919247	0.10792341127685397
0.5770934348722361	0.0008303115955686953	51.49657824740931	0.10262172236536897
0.5787508896716245	0.0008271488080123438	51.48188473427423	0.10425443087117249
0.5804020454070478	0.0008240100194740273	51.82782597715462	0.10321175355021477
0.5820469473385834	0.0008208949624560471	52.01432755627005	0.09871961739716276
0.5836856402232582	0.0008178033734201997	51.610893677127805	0.09828392648210217
0.5853181756067356	0.0008147349790495578	51.392019054683615	0.10164204978682265
0.5869445971803648	0.0008116895238135776	51.959024951554795	0.09815395055390441
0.5885649481554991	0.0008086667559203222	51.650985703395634	0.09982862840179374
0.5901792784737447	0.0008056664138855063	51.397120836339404	0.09981329559515538
0.5917876279353007	0.0008026882579087477	51.338332379480704	0.10272586183184558
0.5933900454509891	0.0007997320340362151	51.468372682517746	0.09859087963681876
0.5949865722508005	0.000796797505240809	51.715955270073906	0.10027796338297568
0.5965772491204164	0.0007938844378975052	51.92695059794881	0.1037411204556686
0.5981621234796017	0.0007909925888420687	52.3028244228951	0.10065160153153148
0.5997412351673796	0.0007881217313525185	52.567572399346496	0.09900724493934689
0.6013146235983335	0.0007852716419243261	52.19322179558238	0.09720883693468198
0.6028823347641545	0.0007824420876101188	51.848044076543374	0.10152489709592846
0.6044444071730783	0.0007796328514419882	51.71021508351235	0.10019970440919387
0.606000878927651	0.0007768437194967432	51.71783862677397	0.09806632309756819
0.6075517946511948	0.0007740744685072811	51.6650389760288	0.09871048266722099
0.6090971892793609	0.0007713248948263601	52.14947090948813	0.09844151305827709
0.6106371065548206	0.0007685947813590171	52.81222564625206	0.09594733307705876
0.6121715828928815	0.0007658839262634041	52.17524790292871	0.09643079854671573
0.6137006543322789	0.0007631921304782787	51.75976967172264	0.09660581112026896
0.6152243633399268	0.000760519185768157	51.52147565160928	0.09996190113793983
0.6167427451456511	0.0007578648987397989	51.5832323481345	0.10189240372238009
0.6182558346189493	0.000755229078635201	51.84957081816657	0.09873320368054336
0.6197636730027631	0.0007526115256260602	51.976928661323036	0.10841089771801465
0.6212662943908069	0.000750012054332855	52.16976710075829	0.1041391655093334
0.6227637325318798	0.0007474304818748596	52.03980952015994	0.09925736429573218
0.6242560274940914	0.0007448666164062096	51.780671661407695	0.09942357921946827
0.625743212281908	0.0007423202801527125	51.92144567160218	0.1004998764016211
0.627225319569455	0.0007397912977109255	52.193240986100605	0.10023558280857617
0.6287023882967249	0.000737279484818197	51.983105885222535	0.09661121341910163
0.6301744482335472	0.0007347846746270029	51.51549144677357	0.09994474824268876
0.6316415375926099	0.0007323066877202446	51.23841743007717	0.09937224211968043
0.6331036876606417	0.0007298453581580947	51.04188255603901	0.10248260744133346
0.6345609294167529	0.0007274005221748782	51.35873125931551	0.09744040967623716
0.6360133000182133	0.0007249720073235334	51.24813562963041	0.10123855094728075
0.6374608297761741	0.0007225596542966328	50.989754626565336	0.09620753912080682
0.6389035487068984	0.0007201633058522346	50.883833125759566	0.09927989765343144
0.6403414929530153	0.0007177827961740632	51.5584652356671	0.10182853516882759
0.6417746918889244	0.0007154179722611114	51.94499609865322	0.1033159910739123
0.6432031746061897	0.0007130686830756566	51.77348082156295	0.1029085052596368
0.6446269762716457	0.000710734769112593	51.62784876525364	0.10243219769053392
0.6460461232485761	0.0007084160868142613	51.49661819979004	0.10320365048407917
0.6474606500739168	0.0007061124807146102	51.505714215276015	0.0980891263270239
0.6488705846419094	0.0007038238076500649	51.43839555888324	0.105705920534491
0.6502759545828081	0.0007015499262629407	51.50037875112618	0.10110184733576734
0.6516767935183498	0.0006992906869060084	51.30903102929487	0.10367801638712967
0.6530731285005096	0.0006970459519423728	51.239935319583424	0.10208094657512191
0.6544649863278464	0.0006948155854537993	51.109180924449596	0.11163882827515051
0.6558523997409833	0.0006925994433386565	51.42383832371073	0.10228284063645507
0.6572353949819907	0.0006903973932244433	51.90356361609524	0.1017470325867021
0.6586139980496	0.0006882093043750287	52.161099431382645	0.09885360567913061
0.6599882408357989	0.0006860350379764963	51.747488584917484	0.1025234696293397
0.6613581488036078	0.0006838744666731833	51.520669461420965	0.09961775396331879
0.6627237471822627	0.0006817274646682086	51.52956241549953	0.10114802888973358
0.6640850670461325	0.0006795938981917453	51.506140526452306	0.10252757395212256
0.6654421310895251	0.0006774736478208519	51.58247539493369	0.09998808476363845
0.6667949698582321	0.0006753665830197744	51.58962425823348	0.10380355319131568
0.6681436075814648	0.0006732725842813251	51.85872497073558	0.09817128263117714
0.6694880682696438	0.0006711915335371796	51.717338885030145	0.10194000370492892
0.6708283816994556	0.0006691233049190882	51.614514440845035	0.10321407195906188
0.6721645713964346	0.0006670677833417524	51.48593070607051	0.10431951822513998
0.6734966606757677	0.0006650248550920345	51.34569309797804	0.10595893367390262
0.6748246785723946	0.0006629943987595008	51.179535854420664	0.10966910830529894
0.6761486479341112	0.0006609763034796297	51.59667288073192	0.09918954958978282
0.6774685914063818	0.0006589704596970531	51.86954358817623	0.10091727405814804
0.678784537308571	0.0006569767502606661	52.027820757359905	0.10146952492575081
0.6800965058834227	0.0006549950712805478	52.024533031043504	0.10196213001749238
0.6814045249871934	0.000653025308340151	51.770844314318325	0.1089525657089967
0.6827086163925293	0.000651067357191921	51.58699534326648	0.10034995556872497
0.6840088016823542	0.0006491211147998257	51.12129690042443	0.10782065537375138
0.6853051080383694	0.0006471864706990614	50.98044516599574	0.10490365864123373
0.686597556619027	0.0006452633243778511	50.98285522721201	0.1069337000783857
0.6878861684001623	0.0006433515764815172	51.079898427386475	0.10292977376679065
0.6891709699121105	0.0006414511203252847	50.99277079861323	0.11084028846133147
0.6904519817210444	0.0006395618589686671	51.101395881833	0.10758451953874344
0.6917292242173183	0.00063768369657671	51.309605080824035	0.10595823691900906
0.6930027233020772	0.0006358165300818937	51.579273375026595	0.10064322025313385
0.6942724989701858	0.0006339602659590984	51.62869097557173	0.10733865806690339
0.6955385710471496	0.0006321148117399265	51.92493630201831	0.10870208803528553
0.6968009648261853	0.0006302800678196677	51.97776783772988	0.1116372412769864
0.6980596978779254	0.0006284559466510669	51.68910018991834	0.11570972030111466
0.6993147951016421	0.000626642350856097	51.43723654986836	0.11776731871855907
0.7005662755841049	0.0006248391922772262	51.38698778004363	0.10619945548593139
0.7018141582529189	0.0006230463837377735	51.434093133534546	0.1012589709982865
0.7030584674328257	0.000621263831082484	51.316019920829405	0.10587772501557029
0.7042992216908261	0.0006194914491916553	51.47877878771963	0.0973547192828696
0.7055364394405255	0.0006177291538840057	51.44039290389394	0.0989444940486042
0.7067701444510519	0.0006159768540926644	51.521793505805064	0.10313818602004578
0.7080003547874905	0.0006142344676071666	52.04171703223773	0.10000725762274261
0.7092270883670155	0.0006125019131152442	52.144023619842464	0.0990512777047004
0.7104503684213102	0.000610779102510679	51.733813764051035	0.10238040038923074
0.7116702107154491	0.0006090659589157868	51.43365559554328	0.10361176662961022
0.7128866381325201	0.0006073623961303231	51.50502218623095	0.10229527598485885
0.7140996679386669	0.0006056683365242451	51.590250911815254	0.107629561993565
0.7153093172608	0.0006039837033030413	51.944792845561246	0.1047026418604786
0.7165156084731483	0.0006023084130281728	52.06381669276338	0.10483126955555716
0.7177185583839212	0.0006006423906665521	51.88293383596513	0.10257336822243963
0.7189181836670007	0.0005989855619855172	51.637683892073355	0.10281608628870878
0.7201145062039898	0.0005973378461965961	51.32740294939853	0.10864152292391335
0.7213075423604185	0.0005956991707569952	51.132836351808834	0.10646618001461142
0.7224973083722042	0.0005940694638909581	51.007970361726876	0.09993520301724311
0.7236838256438898	0.0005924486473538605	50.89145824002303	0.108735615434291
0.7248671101129773	0.0005908366509917163	51.35533490110741	0.10341863931378402
0.7260471775918373	0.000589233405385869	51.81003870198361	0.100371302148723
0.7272240490229342	0.0005876388347343758	52.215275071129604	0.09944250049625941
0.7283977381831854	0.0005860528735324172	52.11584360986852	0.10451301769352757
0.7295682657150111	0.0005844754475527186	51.413654142839036	0.10848189275971831
0.7307356468734243	0.0005829064904103945	51.38907602901096	0.10023008961965808
0.7318998967954213	0.0005813459364063567	52.38464533830289	0.09746457841772402
0.7330610356849581	0.0005797937135980413	51.983455085308066	0.10436993153732968
0.7342190784052034	0.0005782497577420561	51.57460155977671	0.09836163691246905
0.7353740397053512	0.000576714005252974	51.27217365807721	0.0995364849102401
0.7365259393643215	0.0005751863863840827	51.56631067965296	0.10105436397970607
0.7376747918660458	0.0005736668389486897	51.86047381921151	0.10187496600401129
0.7388206115843252	0.0005721553013916054	51.99746877443931	0.10587665602121335
0.739963417885986	0.0005706517060772067	51.782535290544786	0.10179845770538296
0.7411032231915791	0.0005691559950176805	51.49100827763129	0.10364575561820606
0.7422400466001244	0.0005676681019396774	51.34654233533062	0.10079898699261446
0.7433739019901082	0.000566187967906703	51.111310618474654	0.10502342677872269
0.7445048031360042	0.0005647155345723431	51.08946393304828	0.10121632679393107
0.7456327687451654	0.000563250737641738	51.01504813392292	0.09928511677774728
0.7467578123480447	0.0005617935200279282	50.824109194919544	0.1072361066971991
0.7478799473745512	0.0005603438252107296	51.016605196889444	0.10338619531575911
0.7489991921520169	0.0005589015907990296	51.173960271158414	0.10194492050394666
0.7501155598737395	0.0005574667614842116	51.27450258384281	0.10104306881246505
0.7512290636358185	0.0005560392825021948	51.36889284289493	0.09780731617134712
0.75233972139676	0.0005546190932942703	51.19805578758246	0.1030572452761821
0.7534475460231851	0.000553206140262203	51.13551039330076	0.10090877243097075
0.7545525502876982	0.0005518003703311178	51.09330684592385	0.10229165191818312
0.7556547517907899	0.0005504017247065319	51.39456090451091	0.10578829034790418
0.7567541614462734	0.0005490101535041165	51.49497459259649	0.11098382973653247
0.7578507966217507	0.0005476255990691962	51.41741528635604	0.09802065708612552
0.7589446696615376	0.0005462480105115113	51.312385405900486	0.09882676373315667
0.7600357928210077	0.0005448773374309324	51.538024531331416	0.09989402476919655
0.761124183126838	0.0005435135238301198	51.85015132021523	0.0973007258949004
0.7622098526226604	0.0005421565203626528	51.95350614875501	0.09781599611548189
0.7632928132660606	0.0005408062781534924	51.854348949660576	0.10741629312790585
0.7643730817525412	0.0005394627428022604	52.110970324364175	0.10023408396049904
0.7654506698341532	0.0005381258664489446	51.95494154496128	0.10227587597826017
0.7665255891796552	0.0005367956016870443	51.44951105409706	0.10150973916598162
0.7675978561628032	0.000535471895655369	50.870748348183405	0.11905274592415226
0.7686674806608957	0.0005341547038834013	51.097126203745844	0.10074694333827346
0.7697344788382439	0.0005328439745052457	51.246698689003196	0.09934632236882299
0.7707988619801962	0.0005315396620175035	51.628148380030595	0.10412700526049656
0.7718606412932119	0.0005302417213421967	51.9697137362469	0.11491213405012402
0.7729198326347768	0.0005289501020618915	51.86542848095521	0.10255869323079927
0.7739764470212815	0.0005276647600185448	51.53204123878341	0.0989212873173411
0.7750304953927292	0.0005263856514636703	51.13708292029594	0.09878812211186622
0.7760819933083187	0.0005251127273769545	51.26937810349284	0.1013465738799442
0.7771309515234026	0.0005238459448969762	51.594469235395394	0.10279055263365225
0.7781773807193693	0.0005225852615566866	51.723766642087085	0.10548309836309709
0.7792212961653529	0.000521330629683749	51.520539703904134	0.1062409283894267
0.7802627083633207	0.0005200820076667065	51.46858597446923	0.10703042149246936
0.7813016277435771	0.0005188393542739853	51.647936148060914	0.10404850983449553
0.782338069293159	0.0005176026231341212	51.74943408786715	0.09897544276130674
0.783372041729085	0.0005163717756707389	51.50793597315663	0.09954497009927388
0.7844035598545966	0.000515146766354455	51.257133036509956	0.10016519887277801
0.785432633765563	0.0005139275555588286	51.05565185167388	0.10396376100567435
0.7864592734898854	0.0005127141040144729	51.233282480683975	0.0987967119955099
0.7874834935613302	0.0005115063674187646	51.17423260015744	0.10120253285915763
0.7885053038414314	0.0005103043072803311	50.986796614639886	0.1177224227570515
0.7895247141258674	0.0005091078854519262	51.214018727932256	0.10389562301078072
0.7905417386861542	0.0005079170588156745	51.40759312516814	0.11143532277713471
0.7915563871561921	0.0005067317899754484	51.79852729457265	0.10394378620666392
0.7925686691060343	0.0005055520418668999	51.86516844915513	0.10923780201898217
0.7935785985519526	0.0005043777725165843	51.62446503067436	0.10710098308192795
0.7945861834069721	0.0005032089473231387	51.40788896624421	0.10774416210310456
0.7955914375209592	0.0005020455250545096	51.26428309388213	0.11341363063197153
0.7965943701626386	0.0005008874700560038	51.49006083795669	0.11054028789812238
0.7975949905401158	0.0004997347469852233	51.63248453854964	0.11554978256896278
0.7985933122591262	0.0004985873156910205	51.99086060112627	0.10444735640295018
0.7995893443774742	0.0004974451415156854	51.870630261278066	0.12399971773333206
0.800583095894186	0.0004963081901027639	51.899462219953236	0.11378884140490893
0.8015745801772423	0.0004951764223459403	51.849398879041615	0.10567404539596043
0.8025638060794043	0.0004940498045503768	51.80545426014518	0.11258828418052617
0.8035507823964403	0.0004929283033118974	51.93179987264112	0.13108720198033028
0.8045355222647304	0.0004918118805344025	52.33660293440221	0.11648996332911249
0.8055180343376829	0.0004907005034531845	51.800859639753526	0.13692369932208875
0.8064983272134076	0.0004895941395840696	51.445513092815126	0.11572172606223317
0.8074764138026647	0.0004884927518079061	51.011929480351654	0.11218616701153168
0.8084523011124232	0.0004873963098888876	50.95692110438532	0.10966259136982211
0.8094260019062387	0.00048630477734134945	51.04655254231308	0.10444036974853876
0.8103975245173405	0.00048521812288165227	51.17506246055957	0.10155833785763052
0.8113668772263938	0.00048413631549067506	51.057956963455545	0.11547768029660349
0.8123340725808286	0.00048305931960719464	51.29996530301159	0.10170093937846443
0.8132991187287317	0.000481987104796725	51.256882459515964	0.10748839318141773
0.8142620237671954	0.00048091964088019793	51.5136449082181	0.11377268534066995
0.8152228000329707	0.0004798568931909728	51.82025470279126	0.11267849873978389
0.8161814554940241	0.00047879883211552075	52.058444229951846	0.10637524217465089
0.8171379980688138	0.00047774542828702847	51.89106437399628	0.1072052231175547
0.8180924398887128	0.00047669664790470637	51.74692685044253	0.10415999741286988
0.819044787328838	0.0004756524637014794	51.52971421958924	0.10480260690178379
0.819995052386487	0.0004746128424383993	51.18395363009628	0.11657811322190464
0.8209432427400878	0.00047357775581058896	51.1564885263882	0.11566969165799441
0.8218893660209665	0.0004725471757460996	51.56014707523099	0.1066067019104493
0.8228334340294619	0.0004715210698264354	51.88168836569736	0.10519125490917254
0.8237754542764382	0.0004704994104978232	52.168827037324256	0.10669837355268688
0.824715434227032	0.00046948217043158547	52.351207820209396	0.1073170112184153
0.8256533854894677	0.0004684693180038168	52.347194939379015	0.10465875704458863
0.8265893154114763	0.0004674608263874965	51.74793692859794	0.10882286095950026
0.8275232312963992	0.00046645666897316286	51.536618291427835	0.10024444179024845
0.828455144565029	0.0004654568149066312	51.365607154330036	0.10453095930741138
0.8293850624062657	0.00046446123806420284	51.45486527156896	0.1020175345844657
0.8303129919658845	0.00046346991253252534	51.68999209407842	0.10800929361788011
0.8312389444818102	0.000462482808203172	51.908440840924534	0.10759749196322886
0.83216292561287	0.0004614999010947967	51.98292677630971	0.10395898370460527
0.8330849464775274	0.00046052116158329403	51.95616759104264	0.11165996807583885
0.8340050140091027	0.0004595465646675668	52.14462603116087	0.10840702324911529
0.8349231350998447	0.000458576085545415	52.135545013310136	0.11141507602627283
0.8358393206926071	0.00045760969530057107	51.82052674800376	0.10898230217520757
0.8367535775726473	0.00045664736957709394	51.562975073916434	0.10780631371408324
0.8376659124853338	0.00045568908421141655	51.42630496508515	0.11345238431697348
0.838576336202083	0.00045473481097348215	51.441762354517	0.10791327119882996
0.8394848553639096	0.0004537845261321696	51.41064293763957	0.11190805956153317
0.8403914765730578	0.00045283820614248536	51.64201547008713	0.10621045011548282
0.8412962104335786	0.0004518958234397247	52.19492994106887	0.10827948429842806
0.8421990621019599	0.0004509573562935614	52.23202732862121	0.12178181022924037
0.8431000420728618	0.0004500227775716654	51.77242776796891	0.1179669216239647
0.8439991567550165	0.0004490920645411868	51.27092542034415	0.11837585738761923
0.8448964125202052	0.0004481651946454742	51.47984630823735	0.12410413486476893
0.845791819702201	0.00044724214138450484	51.84732810796777	0.12661836853105818
0.8466853845750699	0.00044632288259968374	52.28965856654888	0.12178233447131921
0.8475771133769687	0.0004454073963029588	52.07632996258723	0.14474664972495505
0.8484670162845194	0.0004444956566077374	52.137722198799466	0.11573883499146687
0.8493550994405128	0.00044358764191198527	51.95576071199098	0.11854655795193073
0.8502413689528463	0.0004426833307787572	51.734196108461774	0.11521813934972955
0.8511258348446076	0.00044178269791670185	51.350660378830284	0.13628345911531986
0.8520085031306113	0.0004408857222632844	51.29046126787332	0.11474207082005593
0.8528893797917347	0.0004399923829158346	51.33235717840081	0.12060470165724531
0.853768474701069	0.00043910265516067736	51.55246673417529	0.11350421585454563
0.8546457924426352	0.0004382165197761446	51.514626064879934	0.11925327260599272
0.8555213427914241	0.00043733395242424557	51.26724492128035	0.11716317899951982
0.8563951315559697	0.00043645493290541396	51.07370559899753	0.11149486291321858
0.8572671645124346	0.00043557944117162783	51.20691681335284	0.12189455902653124
0.8581374512914381	0.00043470745343470975	51.5383743751913	0.12321147217285351
0.8590059975818141	0.00043383894999209544	51.913251851969044	0.11825383163260055
0.8598728090409267	0.00043297391128801046	51.80519019139079	0.12034576530236117
0.8607378951582678	0.00043211231406815973	51.51092518424612	0.13507149979475666
0.8616012615059176	0.00043125413911206687	51.38487176419143	0.12677886275850864
0.8624629136253377	0.00043039936734148957	51.30714222204902	0.1227034367237447
0.8633228608680648	0.0004295479760206151	51.111179100979825	0.16667478637066113
0.8641811074146335	0.00042869994765786456	51.48516016973805	0.11359294206220537
0.8650376625263154	0.0004278552598548044	51.490631628599914	0.12227513249757255
0.8658925315868702	0.00042701389416276945	51.5246231374372	0.12056718917104703
0.8667457199508342	0.000426175832268063	51.647819435225244	0.12608995332649936
0.8675972367465765	0.000425341052266282	51.88069115335877	0.11386044511420217
0.8684470872485073	0.0004245095361536473	51.955988496645446	0.11799796123831188
0.8692952767026088	0.000423681266057201	52.09459987479266	0.11626711619769797
0.8701418141072708	0.00042285622055256654	52.053551124327264	0.1211402725217081
0.8709867046301802	0.00042203438206778854	51.927095549990206	0.12782536434543212
0.871829953411378	0.0004212157331577245	51.9564297709785	0.11788827251801949
0.8726715693221057	0.00042040025286450795	51.99661563563823	0.1154752288651069
0.8735115574258903	0.0004195879240353871	51.99909664180626	0.13059740456658878
0.8743499227593459	0.0004187787296405815	52.23591325460119	0.12336082719638268
0.8751866740693417	0.00041797264917565335	52.33729395904507	0.11443266447312204
0.8760218150744457	0.00041716966708913556	52.150915906328905	0.12494383991749018
0.8781026708842339	0.0016607025722599133	51.53271823417835	0.12207540174556097
0.8809992196523979	0.0012372474658845169	51.194086726549436	0.131322174664971
0.8826457582104013	0.0004108551921340831	51.32212219589257	0.13600042498620787
0.8842860766053751	0.0012279189904268832	50.95890566827832	0.12992863041689018
0.8867349971423653	0.0012210144271650705	50.82578309556311	0.17810439239289838
0.8887652684373042	0.0008102131080123658	51.45003640637226	0.13764585444462635
0.8903826787729789	0.0008072013039573444	51.59855758952914	0.15620210443537813
0.8919940884510658	0.0008042118074149801	52.07732999612532	0.11999014456168869
0.8935995412376379	0.0008012443725636886	52.0066102295956	0.1447758011592468
0.8951990804173864	0.0007982987571804372	52.17526383723959	0.13075935987947843
0.8983805934538873	0.002377416074721748	52.06553374732834	0.13492851230941313
0.901932156100411	0.001179026690139646	52.36275210971998	0.13893189048970916
0.9042838305988183	0.0011726595966281678	52.54719128567871	0.12427147228584794
0.9089493192565392	0.003480388524882853	52.076027396846854	0.12853583693783793
0.9135652202735127	0.0011478643617087879	52.020832866238955	0.1294336785831082
0.9158549022701847	0.0011418285304148808	51.86221121464777	0.13384285426950498
0.9192669494036352	0.002265785738416927	51.590801942399146	0.12492419619293821
0.9226523985226112	0.0011240959784674074	51.78360064149895	0.12938886387269274
0.9248947911474732	0.0011183068921476163	51.701178691041655	0.15391687037162957
0.9263833128604173	0.00037149350487719146	52.12268568910936	0.12533018038564642
0.9311860744170077	0.004408894528117492	51.67306471688342	0.12459459974979281
0.9370251706213721	0.0014500045285908434	51.90035052985697	0.1347310786985596
0.9417123009928365	0.003227488818504151	51.780596925776884	0.13484556893079588
0.9544340937516518	0.009402951765539028	51.73863813522634	0.11223772099527556
0.9667938080416845	0.0030463741344445724	51.692107164962565	0.13459580183170555
0.9715069450938527	0.0016741624511014818	51.760075962972934	0.13781699015725282
0.9765006125396625	0.003310045208217495	51.50833859008472	0.1483922022101326
0.9811101269924438	0.0013100395351066335	51.74397035712614	0.13884805274218429
0.9837223342390071	0.001302183520687758	51.8342690090721	0.1282823937065081
0.9908259300313975	0.005764758428730145	51.59014451793212	0.12750901640774354
1.002205061662786	0.0056156752033798595	51.63512692313289	0.1471366791208507
1.013293640545172	0.005474108516772946	51.87237489673959	0.13109020817612801
1.024106135885631	0.005339503888436231	51.80517112425523	0.17897486088954917
1.0346559622740217	0.0052113600663086426	52.19096086984334	0.12039150784962394
1.0621405903926977	0.021741221191521887	51.849925983344065	0.12953577865717164
1.125968376839029	0.04058936566693335	51.840884077476034	0.12215360821125394
2.472877848350383	0.0011560322541791098	49.166602350237035	0.11006512979890584
2.4752325981400296	0.0010222318550854644	49.21667547613117	0.10893602489470848
2.477245097219749	0.0010276939620152811	49.19608970642762	0.10949167359196856
2.4790319132297576	0.0009030197460811697	49.05677465394419	0.11932460286562122
2.4810284772681412	0.0008955112750124893	49.02531856117663	0.12181043552581744
2.4828947284409457	0.000947884279976603	49.047701639576985	0.11816405355764908
2.4845742549141594	0.0009226492215351132	49.10193799767855	0.1181640434934633
2.4864442900387744	0.0009307055680150648	49.27182269154686	0.11065711118765956
2.4887629352577068	0.0011529262105150074	48.94736413860664	0.11932461897159945
2.490713333977356	0.0009362905998096158	48.96546131019711	0.12600253837032993
2.492468398538787	0.0008507902205155289	49.05921012510031	0.11932460223625657
2.494308839055391	0.0010747513368642853	49.162598399831296	0.10893602161842234
2.496484030264817	0.0010591353628465238	49.093344813286194	0.1139662885862556
2.4984593496252336	0.0010120364188894232	49.20409798344708	0.1089360207835379
2.500607466681531	0.001199391208855941	49.128460077173536	0.10949167558896629
2.5027903345783984	0.0008443548945631321	49.09726596297253	0.12053898073055197
2.5046263928534214	0.001002181810358536	49.02296059586997	0.11730274461249846
2.5067691909651724	0.000995296729613021	48.97390041212758	0.11932461100945421
2.508718792132117	0.001155330598742977	49.08300092338199	0.1089360252685015
2.51093824636498	0.0009004561680262523	49.01612345433634	0.11816405370885158
2.5127383238310426	0.0009003426529217415	49.06637286003854	0.11591795712065156
2.5143463307144955	0.0008775878973701349	49.026445809354804	0.11932461567039546
2.5161958983495714	0.0009065773240468041	49.078841451640244	0.11499169935990175
2.518043805575339	0.0007890547211428783	49.07413917063806	0.12053900231042551
2.519579245419162	0.0009431447969787264	49.01130100463606	0.11932458239042198
2.5213642296954752	0.0008139608398937068	49.07433403924172	0.12053898907002847
2.5231395572096083	0.0009942036580466221	49.104494411188035	0.11242397378909101
2.5250274901380947	0.000831695745551661	49.04618175349021	0.11932460301729152
2.526800987711928	0.0009415750109417829	49.14657585990925	0.10949167321844402
2.5285078463621127	0.000843397089711504	49.02033237576889	0.11932461088888534
2.5304507591353183	0.0008960238886914094	49.000459472200276	0.12053900490230192
2.5322151821436396	0.0008972246551608523	49.03112869805853	0.12053898350223519
2.533841775789568	0.000919324484786827	49.09085366473079	0.11648949188048605
2.5357217542483856	0.0008591856415998471	49.06764268757594	0.11932458769704717
2.5374690280560883	0.0009730783386729298	48.98887224700311	0.11816406855409156
2.5394991216079443	0.0010013607010238065	48.937961730778454	0.12053897751234927
2.541435500567124	0.0009493590726517446	48.966175408018856	0.1181640622436501
2.5433291827713704	0.0009795556076701796	49.127747000539834	0.10893602805167049
2.5453370430579825	0.0010025062963065776	48.92467521711642	0.12181043284693817
2.5473650057390675	0.0008217864788984621	49.02977235251166	0.11932459241573647
2.549141866201312	0.00096409724031503	48.952789851940295	0.12053899118925425
2.5508431332654955	0.0007537086017089305	49.067359676002226	0.11932460713063951
2.5524837239760694	0.0008980524659425644	49.03426255047595	0.11816403988549236
2.554291439060514	0.0010645233992891464	49.165774260568554	0.1100651444421309
2.5563038073070845	0.0007647601443458455	49.089789621941264	0.11932459209314202
2.5578202247866035	0.0007848792189817145	49.050534805762794	0.11816405250662357
2.559549284664519	0.0008893958557235871	48.98464132839787	0.11816405461075269
2.5611267958607224	0.000765574317350643	49.03286121640198	0.11932459925806976
2.5627264913607584	0.0008410738340912333	49.02188587731153	0.11932458807058724
2.5642767040842034	0.000815414690063988	49.07423393192527	0.12053900673578795
2.56604332987735	0.0010137465708823729	49.156124588222696	0.11295689414286007
2.568116967142076	0.0010875374651739475	48.98566025317011	0.12053897076251598
2.570021274390637	0.000768199377872849	49.12448283819618	0.12181041981403967
2.5717113538122733	0.0007715206902849151	49.07520006156551	0.12314234981866966
2.5732558488932495	0.0006827100526882615	49.1157409259467	0.11816404800563055
2.574564009880055	0.0009583479589124904	49.089904740196026	0.11158434045485778
2.5765924663108155	0.0009324770456619958	48.96555114001879	0.1181640504705095
2.5784000366371735	0.0008518240077282598	49.08272105971321	0.11549569840799095
2.5801766190320854	0.0008726674578205215	48.99085370415787	0.12053898855181781
2.5819783951832407	0.0009753771637732505	48.92756494294431	0.1218104545406852
2.5838058402352373	0.0007662741001244786	49.03373421278191	0.11816405616786255
2.585663891645936	0.0010747979326711365	48.85570825845362	0.1205389898892016
2.587548883086091	0.0008198823588221973	48.98290741856851	0.11816404023258763
2.589051896145057	0.0007728249111850799	48.98857833144067	0.12053898893290951
2.5908112650528996	0.0008559825293748273	48.961179527667134	0.11816405618146865
2.592361572005643	0.0007595426833257767	49.025517500392546	0.1181640494388391
2.59375416988397	0.00076809815306285	49.02343974356189	0.11816406470568722
2.595254610208685	0.0007793843891676963	49.018542007839244	0.1181640471386307
2.5969803551269	0.0007651894437048901	49.00886495475132	0.11932459696148938
2.598320687544182	0.000694831003289906	49.01978292703751	0.12181044099302425
2.5999716977729204	0.0008135009112948545	48.96180539054403	0.11816406792309474
2.6016282260294457	0.0009108461022535924	49.09530043750063	0.10893602693361584
2.6034914286512016	0.0008354536643015245	48.9667957869079	0.11932459939322793
2.605073892087939	0.0008427301870014773	48.939256055163995	0.12453836684299083
2.6065462685268486	0.0006790791381652088	49.08746606618524	0.11839689291188149
2.6080372536062444	0.0006647670252348024	49.105539421257575	0.11816403838131967
2.6096618176963293	0.0009424898761643515	48.966531135099274	0.11816405682640806
2.6115404175460557	0.0010745639229998167	48.88768745436461	0.11932457976540549
2.6135838701811887	0.0008969919268977	48.94279726672758	0.1205389990527686
2.615100760514508	0.0006675455459615132	49.06386098246877	0.11816406388253314
2.6165706740497265	0.0008188184490767863	48.951664693194104	0.11932459502980175
2.6180938075266322	0.000614230355966783	49.05781206190981	0.12053898803868819
2.6194693011130097	0.0009041227580335238	49.07184854189191	0.11065713107233563
2.6221986809638733	0.00557803899096995	49.009843494463404	0.11816406370608523
2.6321121549608355	0.0007775989177287868	48.96703167996751	0.1193246153020608
2.6338139743560625	0.0006800151088483177	49.021225119296595	0.11932460348333788
2.6351548092663393	0.0006742868444431512	49.02782291856864	0.12053900401556426
2.636467618834617	0.0007721931828790202	49.002358567780924	0.12053900589180436
2.6379764294967774	0.0006605380590429989	49.11783219967254	0.1193245950476409
2.639391904524534	0.0007252886212576572	49.05216909864725	0.11816403279968865
2.640878061805683	0.0008047163508899008	49.124241935810964	0.11189963756409205
2.6424488057425406	0.0006996650373018031	49.02139100073555	0.11932460441609323
2.643702391710191	0.0006764589519608651	49.03095654891581	0.11932458848376858
2.6450734422690547	0.0006129113766512672	49.063035562883925	0.11932460446093221
2.646395586067178	0.0007798696350575105	48.95709686609416	0.11932459808600296
2.6477825174236354	0.0006505533858561868	49.01767860696156	0.12314232015514016
2.649188946804931	0.000654076490653923	49.04356709326807	0.11932461437618119
2.650471292250862	0.0005888616318775185	49.08215682946142	0.12053900799235823
2.6542526680604217	0.0021787906574692	48.91605197701371	0.13113721846446147
2.6586102125045374	0.0021568667602439944	48.98620241073189	0.12463749075117808
2.6631060274563656	0.0025615508089064554	48.847849659042765	0.1274713299191989
2.6678560235792657	0.0021116024093233822	48.9441004416819	0.1265467119824574
2.671855941350508	0.0020922435182127953	48.93699299397362	0.12938098622991917
2.677795646620656	0.003302084467318577	48.76394667414023	0.12866391148670414
2.683364070599039	0.002444971497869764	48.832553040579185	0.13113720880400767
2.688434600666275	0.0028194640156819378	48.78689711315753	0.12806140480952774
2.6935929945124473	0.0023880580345860473	48.798486303011366	0.13148744815765506
2.6988916047542726	0.0027522305296566072	48.73640194424807	0.13002789790166017
2.7040925706873455	0.0023310162475667835	48.791055604767536	0.13148742972481275
2.7087824903247735	0.003074536712345622	48.71622055625312	0.12806142120726652
2.714992714382556	0.0030310361116011554	48.722294113606075	0.12866391774830715
2.7203345686107006	0.0022454495540574376	48.82961407912858	0.13079093269896133
2.7259584884455497	0.0029554617055980253	48.75918759194543	0.12682383106352785
2.7320847253567435	0.003278267626734346	48.73391281464192	0.1259228205353369
2.7370533516324067	0.0021606504862155184	48.867572991352816	0.12866389323365085
2.7419777042026574	0.0024922907670156913	48.74197375214518	0.13184170756492247
2.7470751085044576	0.00246320923582272	48.752077038264076	0.13079092028453826
2.7526773522502603	0.0027789761611923757	48.719536763219914	0.12806142413867813
2.758413937537161	0.0027425101022742777	48.73368508807086	0.12682383477395334
2.763548539099174	0.0027102767182816873	48.73002972323768	0.1261874171946569
2.7691322136786023	0.0026757874425381	48.69523764702726	0.13113722721464974
2.7750781305185366	0.0029692789526840515	48.71583868676235	0.13002786492850532
2.780887136378268	0.0035808132514236696	48.66596477746912	0.12866391685095913
2.785893894594658	0.0012871770365931808	49.09073093012472	0.12747137123886068
2.789453432954014	0.002234332094349309	48.79349096344043	0.131841685023446
2.7936255022740615	0.001896759941656763	48.853355299734815	0.130689028302521
2.798131124691711	0.0025028282531202248	48.78111597206118	0.12463750099188035
2.8036402393992716	0.003089284665619118	48.63360817111108	0.1276720501690208
2.808772158996519	0.0021369986794657135	48.73963513051072	0.13002786535873243
2.814322855634802	0.003315596703793109	48.55861748055628	0.13184169755579622
2.819229539087484	0.001788168055581334	48.87793107360315	0.12970269085905528
2.823569560943153	0.002065412741504145	48.80692003359352	0.13079091287443803
2.8268626927868414	0.001756897032510237	48.85716286794566	0.1311372469270874
2.830722505869569	0.0017414674661949884	48.943034546835754	0.12408070532976308
2.8357141458251185	0.0028693532774162656	48.615109497287136	0.12938098266713965
2.8406377504148774	0.0025532384734139593	48.6080267847655	0.13184169530321807
2.8444293974274393	0.0014060609036850307	48.95348242314437	0.12747136238956175
2.850043665609604	0.0033313802091021086	48.7156285188878	0.122407380679193
2.8543485799866106	0.002198941084263142	48.7529435051437	0.13148746017321997
2.8594537044379744	0.002444872299473067	48.6992334430091	0.12776486164253464
2.8645228611932043	0.0024166083357281994	48.67050595446745	0.1290627537935094
2.8685727229558107	0.0015961185624785066	48.84845537765294	0.13079093288915963
2.87284873120735	0.00263409913692836	48.70656825586025	0.12654674058819465
2.8775443155708738	0.002345226618452651	48.73697264842243	0.1299075595206216
2.8828575013772415	0.0028315683769406215	48.62239765294859	0.13148746042004647
2.8875431663802695	0.0022918488076023483	48.736690460039526	0.12806142204729082
2.8928575555425273	0.0025154940343162773	48.647413183391954	0.13068901432492572
2.896865918101893	0.0017446587571628364	48.793203400496196	0.13148746964967725
2.9015383786337616	0.002712352787348922	48.639892672203324	0.13002786650523948
2.906526020752443	0.002437654479007929	48.654956174992	0.1314874651865282
2.9112784029669068	0.0021699549988151465	48.69660324565943	0.1311372455916238
2.916621533642482	0.002619769135241007	48.598442428403274	0.13079094224808344
2.920227711456928	0.0016533829140553625	48.76947478228679	0.13219997829851818
2.9237632689257533	0.0018741265130493674	48.78248025349114	0.12540124197904595
2.9270238522795164	0.001627618286316201	48.753724596907816	0.13292897503385082
2.9315327685448764	0.002531255824393802	48.549657244176956	0.13184168196244944
2.936503580368514	0.002275069078206247	48.63711881837449	0.12600077669728496
2.942246479962716	0.0038159330844596486	48.62299550805693	0.11239425174456615
3.3792250556923342	0.0012312359192804645	48.156097521949356	0.12942909634497923
3.381114885135987	0.0008989880592342996	48.29554952279243	0.1284971611510804
3.3835046002211904	0.001381765478866578	48.115670042069915	0.12662974232591823
3.3857735432482046	0.0008894284388502406	48.28990286293879	0.12980000830019492
3.388476258695305	0.0016874451184613359	48.047541800362005	0.1315934855370287
3.3915271085866734	0.00135644328871379	48.207680704110615	0.1315934925979665
3.394283040981243	0.0013478944887860497	48.16438201931571	0.12942910279266698
3.3963756157501233	0.001025769817657461	48.21885316245772	0.13159346665322202
3.3983987074352493	0.0010210025447214403	48.19524219222324	0.1311895830730386
3.400318871488258	0.0007037367951730236	48.3664524894735	0.13079092377027676
3.4016071740802354	0.0007016212117368703	48.36412860672955	0.13079095988017223
3.4030147868710636	0.0007770805884425164	48.35113628883161	0.1294290940746145
3.405093445283322	0.0010827120323118865	48.17719525693012	0.1315934653457172
3.4070221344211524	0.0010009292886539723	48.21044387762244	0.1294291184890904
3.4097908954290923	0.0016831227180025426	47.97444930506312	0.12815113646128337
3.412280131382587	0.0009128254409448974	48.20101376052537	0.1307909069247899
3.4145179503423226	0.0012865029884586206	48.03940065629693	0.13118960092822265
3.4171589699120744	0.0011282852484591278	48.10462373199461	0.13200264663383396
3.4187881290334428	0.0009741759482183356	48.17440512187995	0.13118962231311074
3.4214526386187942	0.0011916544974922725	48.12370544315037	0.12906278247481642
3.4238055610338223	0.0012592825597182492	48.152024913313255	0.12662971123794522
3.4261147725513883	0.0011052565757812569	48.145348758637894	0.13118961741703966
3.4279648713606425	0.0008804172868032283	48.235921115098705	0.12942912389506284
3.4301265958572627	0.0010220680504958244	48.148298223453665	0.13079095513001612
3.43196244427504	0.001017756686208365	48.159074499218114	0.13079096708005875
3.433732931575382	0.0006516226906560982	48.342984379129156	0.13079094506541938
3.4354609125726543	0.0010817252503633034	48.14493724658832	0.1278092510934888
3.4373736575237324	0.0009333657802729404	48.162056008480484	0.13159344082689617
3.4389719385109734	0.0007868874454583942	48.24487640368056	0.130790968001711
3.4407777831755624	0.0010685629128187849	48.124314121147414	0.13079097260155073
3.4429736156667934	0.0009923049664101137	48.137821326957386	0.13079092180320256
3.444629075449545	0.000776703888460007	48.23377006358477	0.13079094802661506
3.4472330576882153	0.0013335340995359885	47.996008695969394	0.1307909616409094
3.449495608995062	0.0013266048298250204	48.012908866529784	0.13017557939462177
3.4523822528826753	0.0015952442337455568	47.91547233107103	0.13118959554732582
3.455595898096723	0.001239234812453033	48.026233152267764	0.1324171596221214
3.4582640217827203	0.0015053679157546868	47.96642042130453	0.12980000504753605
3.4603137650728906	0.000885343426072647	48.16731548691625	0.13079095477357144
3.462441463016691	0.0009488057711048122	48.18147718376031	0.12747136864136474
3.464711002250133	0.001280932311506017	48.0189160267984	0.1311895942976049
3.468368714508005	0.0021893628848625984	47.98454834429186	0.13055584492463093
3.4719215193209108	0.0018383377557025344	48.18196524094972	0.12391324578409886
3.6514872086031462	0.0012278784622939368	47.63292458762949	0.12951830689420843
3.654017711522314	0.0014823168106041966	47.63324142992354	0.1312745536507709
3.658433133021449	0.0024599272645287745	47.56102154282232	0.13041654400828018
3.8203256600458926	0.0005945456184075452	47.74608930269837	0.131067387740841
3.8219573838264727	0.0009773343814338327	47.51839988707708	0.13162788975003026
3.8238632160302326	0.001090985270409969	47.46331318078536	0.13106739686473629
3.825485312379113	0.0006168965694307241	47.70612377298754	0.13106739582885413
3.827313974819559	0.0011116119425655887	47.45080671138893	0.13134635696606595
3.829200166229008	0.00064077640438006	47.69414152260598	0.13162789276002618
3.8310360744106844	0.0010441147617587985	47.51795683027429	0.12983161310381108
3.8329496468408224	0.0010972801730770286	47.47525895425639	0.1313463564428595
3.835167533143512	0.0009480424388941971	47.5097742537298	0.13191199846642743
3.8368078684843536	0.0007441280217234022	47.60219935096572	0.13079094934535024
3.8385854073837984	0.0009691105869598453	47.50716846783377	0.1293168220638492
3.8402031453157375	0.0007667271192026228	47.590027177028325	0.13079094787103568
3.8418921900433856	0.0010183383990413563	47.468262808839995	0.13134634062026876
3.8438200434753917	0.0009293525979933005	47.52142515604743	0.13134635383852516
3.8457336738197108	0.0008131056206522998	47.587766446318255	0.1307909565051096
3.848056530023521	0.0014223185387006914	47.36796832416491	0.12770569447552207
3.8502051557038732	0.0008602718441946474	47.545172685370666	0.13106738035744597
3.8519747067372285	0.0009120541110872938	47.53351135233658	0.13106739815675217
3.8538599512880345	0.0010181853249114998	47.5162566196787	0.12931679939724988
3.856045979139665	0.0010404499643067266	47.46990897742619	0.13134636535204966
3.8581381897441758	0.0009809591714451595	47.483843864465854	0.13106739194359388
3.861109373785433	0.0019682185566577215	47.370134085412616	0.12174544312479879
3.940358322629662	0.003217745598982835	47.2698476845462	0.13095250817306542
3.9450072464874126	0.001985482837861423	47.493107503592505	0.12830336705801704
3.950727417735964	0.0038969921754380883	47.146790387040674	0.132788465327669
3.9571978973844035	0.002364357274268483	47.35872847698347	0.1322767987031289
3.9621563499156447	0.0024661790092718855	47.336297808436086	0.1317734492465951
3.968473979684322	0.0038181394816382956	47.33016720397923	0.11976170766372314
4.113312365133199	0.0013627397249158658	47.11026711406493	0.13193930848058144
4.1157936051757895	0.0010839785809791099	47.08047897952508	0.14260992864194247
4.11796643362649	0.001063590550209852	47.20816859881923	0.1317448693476327
4.120361174101469	0.001087539759390413	47.21908086485665	0.13155171543483557
4.122292098681618	0.0009788943760459755	47.26898234301862	0.1319392830470458
4.124588400340095	0.0011655271338980094	47.06744612018591	0.14091539549872328
4.126813454954359	0.0012916748802103762	46.96936534725836	0.14323374158504612
4.1299872747990145	0.0023536638640809966	46.87459003696183	0.1333353128797391
4.182023719254087	0.0018334692911917277	46.82449058847673	0.14964084667450603
4.184328162795024	0.0007457365963918583	47.30153423648713	0.12953752501935206
4.1859479494148975	0.0010503878933461445	47.00727467964693	0.14343458523767377
4.187945258118569	0.0009818120067261271	47.036065205774435	0.14343458913373894
4.191321450767904	0.002891301069405952	46.93849284062092	0.12493116050026223
4.238194198929011	0.0016809368832376736	46.72358627132133	0.14490417630090166
4.241529165576373	0.0013606451850080093	46.86454215554558	0.14343686351392088
4.24337319736228	0.0010661884906979916	46.94464943693854	0.1428651065629351
4.246651055003599	0.0022611231110214653	46.91908836929489	0.11952939298525551
4.29168666464189	0.0009338544226277938	46.964291458997856	0.1431561189718418
4.29473787269287	0.0022572031310448995	46.82816588351359	0.12696473378752915
4.327547190532496	0.0017172723972948233	46.771087322818836	0.1382958495177502
4.404878657273724	0.0012689569332470462	46.774319468610216	0.1423017975210428
4.407487683118765	0.0014074929932358835	46.724058108285824	0.14279482273758934
4.413687721426461	0.0035897352768245053	46.59579733500109	0.1319568770560836
4.439444470008727	0.001557737023510536	46.61716281897276	0.14371498316919087
4.442285176218792	0.0012352296467451238	46.71603949892061	0.14339638298639013
4.446199970859211	0.0029930727841655756	46.52944033772344	0.1381459341508849
4.471120198886929	0.0012887360741398208	46.66654745091132	0.14336419394260866
4.4736815612213645	0.0012349335194705075	46.68649248164091	0.14336420494542676
4.476880695578992	0.0028893525659061305	46.626259707395604	0.12455410376237427
4.501243304646503	0.0018159654718255468	46.48106047170599	0.14435927395952983
4.504790689175496	0.0018872556488337597	46.580027084216624	0.13393574961177393
4.5305072902414665	0.0038231785242579404	46.384974219182226	0.12316168601607591
4.6481961097722175	0.010211612565277887	46.072087355709556	0.15245344490854426
4.667886518379417	0.003346020725820522	46.20036245947107	0.13370570254927003
4.685766645692437	0.0030904028483459984	46.26459637158964	0.13250913954575505
4.867549991059367	0.018760498869680786	45.95965149770419	0.11652781083079641
4.97735043201053	0.01099801412724233	45.78590258987462	0.1393639672666561
4.996349467370703	0.005688984645413627	45.891597093109155	0.1458591313676217
5.258760375220271	0.24691074253923123	44.862769909618386	0.1640437100018491