-2.2609785128262945	0.4136128719008746	52.12110106927696	0.16150546698437207
-1.7978688778499996	0.1423916133755411	52.11574163635168	0.16134873931875798
-1.5788772710124541	0.08599888172866241	52.126618090284495	0.16217767657453794
-1.4339795026928703	0.061602031671334524	52.178496935357344	0.1619772929958297
-1.3255201670637669	0.04798833700194272	52.150446295883285	0.16244517445894932
-1.2388064318789667	0.039302661855087045	52.211981510717074	0.16200023501445032
-1.166558272184419	0.03327927106952713	51.91628439526845	0.16365160400674045
-1.1046322522308123	0.028856774469055508	51.62408440360938	0.16345453753188977
-1.0504443445706062	0.025471814164090084	52.21628457197744	0.16444453479597157
-1.0022737966623918	0.022797610512999486	52.246703853555076	0.16292273952976916
-0.9589166545220001	0.02063156571459849	51.55047275619821	0.1628815789541129
-0.9194978068020556	0.018841407380752052	51.65086401780746	0.16306532717756975
-0.8833610427278428	0.01733710485148573	51.704843855353076	0.16430923664559133
-0.8500014866604102	0.016055248048118642	51.97071286580455	0.1632625579868515
-0.819022604865664	0.014949894843050787	52.197151088118346	0.16419317229739627
-0.7901071661221258	0.01398693958883527	52.14130880835966	0.16331142093869497
-0.7629972931789484	0.013140528308599644	52.27363921646042	0.1626952646099477
-0.737480722619775	0.012390711798033211	51.68381972771038	0.16438624322405734
-0.7133805567667635	0.011721848115539025	51.745575793732534	0.16411354999924402
-0.6905477194090641	0.011121497086325071	51.92966865604971	0.1633754920394918
-0.6688556173536586	0.010579646343671825	51.823266944316	0.16367176393518795
-0.6481956121726067	0.010088141035096181	52.0486781242905	0.16372059965771468
-0.6284739627634539	0.009640276618804582	52.20017188082008	0.1627579866942424
-0.60960914878079	0.009230488419610541	51.97893352072974	0.16257801790213872
-0.5915297554004477	0.00885411764964374	51.653249112115745	0.16241261718456113
-0.5741730120045352	0.008507237258101371	51.70791380026317	0.1627257492394194
-0.5574833865540116	0.008186512316493522	51.76332736371076	0.16355345784349937
-0.5414114431471639	0.007889091190800088	52.2488786118582	0.16323158594321055
-0.5259131099487651	0.007612523440869572	52.786272092980305	0.16281675290671813
-0.5109488714453224	0.007354690550270386	52.08879857276312	0.16493904969860348
-0.4964830976425739	0.007113750524522287	51.111252801825216	0.1645680644743848
-0.48248368854511625	0.00688809647982279	52.28207221566616	0.16451533121004053
-0.46892147135835593	0.006676317845573732	52.253707436229334	0.16275903609191847
-0.45576998329951385	0.006477173289869381	51.86592959239731	0.16490559880645272
-0.4430050949401272	0.006289565263626177	52.77517454575945	0.16381384214362327
-0.4306046890459312	0.00611251899940929	52.68721071642502	0.16437753446455303
-0.41854854485214804	0.005945167265175552	51.90248305438518	0.16375062265515303
-0.40681807993178853	0.00578673524463275	51.63584883976966	0.16608320186425127
-0.39539612745585473	0.005636527892393293	51.48903124798219	0.16609256822598562
-0.38426689054492813	0.005493921169029302	51.368707961435284	0.1676595495528216
-0.3734157561817881	0.0053583526090676395	51.40359863900645	0.16871892814281578
-0.3628291330392222	0.005229313346480985	51.46376973328985	0.16855385689072241
-0.3524944465989017	0.005106342952922988	51.50731614348157	0.16728932085879186
-0.34239999892602035	0.004989023296702821	51.43137912707636	0.17056663475690817
-0.3325348454358426	0.004876973305263506	51.52904419107219	0.16567415240073421
-0.3228888284011457	0.00476984604207243	51.51616158386271	0.16469663427296127
-0.3134523960529154	0.004667323773436985	51.38029741140179	0.16636175992507718
-0.3042166475167927	0.004569115963354707	51.54382727969941	0.16572477538202326
-0.2951732377267292	0.004474956012877085	51.650450980025326	0.1661384184809152
-0.28631429288961596	0.004384598448892398	51.604418974213665	0.16726890423474722
-0.2776324504114591	0.004297817633462566	51.623380392303424	0.16619876790369634
-0.269120780380783	0.004214405435173458	51.5934010184078	0.16788927984401456
-0.260772715352995	0.004134169211742758	51.56526964288574	0.1788392274735897
-0.25258209622790934	0.0040569310738624645	51.95124127580765	0.16674808185114215
-0.2445431057312995	0.003982526173724244	52.010395163941695	0.16734685565946975
-0.23665020861357328	0.0039108012165391835	51.72817321616779	0.168372784987843
-0.2288982122644016	0.0038416141755364033	51.542193909597835	0.16663784814437685
-0.22128215188001704	0.0037748324944223335	51.811089743356725	0.16356749890058006
-0.2137973529297169	0.003710332973609315	51.911766216276376	0.16349823410648476
-0.20643937830281778	0.0036480006857818287	51.79719220394621	0.1655483717120069
-0.1992039804210617	0.003587728028066283	51.79534317923472	0.16704400936550268
-0.19208715244007374	0.0035294146613368983	52.1226191786446	0.16368189428749128
-0.1850850811616951	0.003472966659950633	52.15460084462424	0.16453284638488652
-0.1781941041913383	0.003418295766834606	52.00310263548497	0.1679757405237057
-0.1714107611605002	0.003365319439279335	51.75648187716735	0.1658954806688157
-0.1647317512047708	0.003313960168531097	51.52972345242721	0.166804859183191
-0.15815389412525044	0.00326414488245974	52.42257816178778	0.16704991614130277
-0.15167418111737496	0.003215805059159237	52.21601016289064	0.1685065847725311
-0.14528973593591132	0.003168876172273176	51.54567203121153	0.16895807281299433
-0.13899777929617674	0.0031232972031281217	51.67085267859503	0.16766347443499763
-0.13279568796007452	0.0030790108617516467	51.75497114903101	0.166429041401571
-0.12668091305089102	0.003035962801753112	51.74682863648099	0.1661309301000689
-0.1206510388840829	0.0029941018657109694	51.71260463977711	0.16851991111139142
-0.11470374889824059	0.002953379675892138	52.050171560966504	0.16761228143085996
-0.10883679425412329	0.002913750273206193	52.2655506238322	0.16671192810820296
-0.10304804197750111	0.002875170309072563	51.924164988298386	0.16640693494569703
-0.09733544315352272	0.0028375986977163432	51.64759263936271	0.16582753641282216
-0.09169700352409621	0.0028009963089071378	51.54332624563507	0.16502217259813548
-0.08613083044962294	0.0027653261686262772	51.38328612361662	0.16541207200836974
-0.08063510303841859	0.0027305531598894118	51.151476191196785	0.1680903503028875
-0.07520804445554286	0.0026966437579004246	51.377601435418526	0.1663127632830738
-0.06984797560719647	0.0026635662824151017	51.799802412959046	0.16583292452658438
-0.06455324725438716	0.002631290393937157	52.234371672661155	0.1647714759176967
-0.059322293185839814	0.0025997873496474123	52.167267387074524	0.16381499245742798
-0.05415360301910266	0.0025690297646820503	51.66136301467972	0.16574482830386303
-0.0490456968779156	0.0025389914001613984	51.147952008910224	0.171595900635563
-0.0439971691098715	0.002509647363990917	51.21284419159242	0.1697178193539388
-0.03900666243462714	0.002480973899653178	51.298489350525514	0.16745336750506817
-0.03407284381850628	0.002452948198312603	51.26515671942448	0.16994165735374098
-0.029194447000272183	0.0024255485950673236	51.41068809130333	0.1654678033113959
-0.024370247836224213	0.00239875438049083	51.38293613779227	0.1672646530854173
-0.019599041240610404	0.0023725456326510273	51.46606397905461	0.16596493133742063
-0.014879682550648088	0.0023469034076216643	51.609944030278896	0.16412851886315313
-0.010211063943660892	0.0023218095700427424	52.055351864914535	0.1637410084241509
-0.005592092333977949	0.0022972466417939307	52.25969451027942	0.16719845096621705
-0.00102173638860803	0.002273198021521308	51.919809499223604	0.1662276014918965
0.0035010299617651564	0.0022496476539596638	51.50131445138003	0.16764697215652502
0.007977181014719892	0.002226580247278649	51.42243816970044	0.16568188452794747
0.0124076613173566	0.0022039811290681323	51.407360479598964	0.16635476236664093
0.01679340637248361	0.002181836117288336	51.341780306233176	0.1680466938423612
0.021135304181440384	0.0021601316928928117	51.59801425371534	0.16537471059276998
0.025434216439311208	0.0021388548681869233	51.67136274455222	0.17018752452666866
0.029690998500165877	0.0021179930686269096	51.8507013978189	0.1719275188716147
0.03390646193473945	0.002097534298489581	52.109367623546625	0.16833263544952218
0.038081394968650706	0.002077467019930127	52.1554128928469	0.17408834412750096
0.04221658176725995	0.002057780044168572	52.297067787311995	0.1745683586308305
0.04631275989162531	0.00203846271881463	52.22303607043011	0.1654710490095192
0.05037067041512111	0.002019504673674028	51.7753976377306	0.16417233218376745
0.054391015829598266	0.002000896005269434	51.2992844637397	0.16333218348381698
0.058374479351361086	0.0019826271707895156	51.20195966080265	0.1636294729742581
0.06232174318565886	0.001964688892353966	51.218495625745796	0.16228677243548514
0.06623345359022359	0.0019470723048017127	51.02004665498754	0.16486987068505338
0.07011023956797635	0.0019297688571656589	51.21560178451381	0.16477442830107378
0.07395273057737517	0.0019127702235552544	51.3762434915962	0.16530997149795482
0.07776152246365797	0.0018960684446498787	51.441286012458704	0.16761747051444098
0.08153719558081496	0.0018796558358473016	51.34628436838633	0.18483658149596421
0.08528033198519602	0.0018635249040206761	51.82058432689665	0.1671361542899003
0.08899148219748887	0.0018476684829840148	51.95838745821591	0.1701075373778005
0.09267118279178022	0.0018320796475925136	52.19581297334996	0.17154778406844695
0.09631997310571605	0.001816751635744415	52.01960175648212	0.1715270049802627
0.09993835742847379	0.0018016780003698907	51.910651661742534	0.16577224199618848
0.1035268489378004	0.0017868524174917536	52.39434528394246	0.16272061555181824
0.10708593226237495	0.0017722688356861202	52.13730072950566	0.1632507149023854
0.11061608025609115	0.0017579213987773915	51.58187396201549	0.16251684941716377
0.11411776996726408	0.0017438043754256106	51.9235392466624	0.16327067550322244
0.11759145144766758	0.0017299122798697802	51.958897586819454	0.16241293539289395
0.12103756407669508	0.0017162397991176504	52.181413792841646	0.16330777811001845
0.12445655212020523	0.0017027817265070015	51.926200168938045	0.16323486631761303
0.12784883424882443	0.0016895330774278872	52.231326365555404	0.16381231571645327
0.13121481943767555	0.0016764890205909079	52.709151216441505	0.1637370206308582
0.13455492213759257	0.0016636448151992034	52.73940864620438	0.16584793324051658
0.13786952755299664	0.0016509959406150595	52.21689694183715	0.17004238879650507
0.1411590317423035	0.0016385379378183438	51.87967569903572	0.17048346955977325
0.14442380721869108	0.0016262665369222063	52.11030609112384	0.16647649177053328
0.14766421819332598	0.0016141775944538076	52.167801150277356	0.16882585423897037
0.15088063514562022	0.0016022670358590777	52.14782009834153	0.1654903564525035
0.15407340609359377	0.0015905309590792114	51.95875526140212	0.1703567982833915
0.15724287147053406	0.00157896557503676	52.36782582518291	0.1642353512347225
0.16038937835895595	0.0015675671529889073	52.398318907939014	0.1655142234148541
0.1635132523699403	0.001556332119983333	52.40544438938133	0.16682365313535408
0.16661481217167595	0.001545257004290663	52.236750532630474	0.16443387444015106
0.16969438340351173	0.0015343383833800073	51.839109531463926	0.16449366571273405
0.17275227114021285	0.0015235729794721912	51.76097162198139	0.1623046645130237
0.17578877408936355	0.0015129576056885027	51.464645651928585	0.1648792207827404
0.178804198200619	0.0015024891164474152	51.511645345875905	0.16380713421557871
0.18179882524510604	0.0014921645146002524	51.40842776694113	0.16669268643403762
0.18477294893232277	0.0014819808236953595	51.38894162063192	0.16794036137916343
0.18772684375861926	0.001471935193407927	51.715669057211315	0.1631865013261839
0.19066077868692355	0.0014620248497707203	51.75744214019549	0.1652768871866351
0.19357503027857048	0.0014522470492164038	51.87484631725248	0.1672315999220077
0.19646985660916105	0.0014425991646989404	51.9762720218173	0.16679688727067762
0.19934551065639805	0.0014330786381397166	51.964857949235544	0.1706598328793011
0.2022022531621892	0.0014236829364524745	52.0488791609241	0.1672209681536355
0.20504032705553765	0.0014144096344610305	52.10662667183669	0.1669413438510734
0.20785997056131245	0.0014052563694067044	51.92167887170942	0.16984346417706478
0.21066142980410707	0.0013962207988207414	51.742259340395165	0.16878163419064476
0.21344492958496297	0.0013873006936105496	51.59423832755948	0.16603028203246595
0.21621070689540633	0.0013784938284537357	51.42591269327316	0.1661189690099846
0.21895898192899654	0.0013697980734666269	51.282875246697394	0.16635555733150062
0.22168997075112995	0.0013612113518441952	51.187018728144395	0.1658221654685892
0.22440389749595002	0.0013527316005456271	51.15213603734189	0.16837190030510701
0.22710097005237906	0.0013443568454493693	51.26520659144611	0.16911841094314628
0.2297813924849692	0.0013360851607110912	51.40261511298847	0.17033923152083802
0.23244537699961942	0.001327914630995184	51.65312759916049	0.1653963819242237
0.2350931200725278	0.001319843423984492	51.775937155337076	0.16480913259303615
0.23772481463207484	0.001311869751348351	51.701924332217146	0.16825969441417613
0.24034066180232838	0.0013039918324250401	51.809124338540286	0.16482013389866956
0.24294084745944478	0.0012962079642175766	51.732534535039605	0.1689664492039439
0.2455255541839495	0.001288516483873226	51.856488960757034	0.16460989490303943
0.2480949727904609	0.0012809157337300625	51.85265063239183	0.16662057020094423
0.2506492755018048	0.0012734041400497644	52.27558678183443	0.17712419159958395
0.25318864665567087	0.0012659801212807722	52.75424854385521	0.19502487448392875
0.25571325607811224	0.001258642165664441	53.154838930753414	0.1729044820592277
0.25822327067242024	0.0012513887960367903	52.898923662531516	0.1919198378343819
0.26071886560998714	0.0012442185369747434	53.002205055762985	0.17538787585535204
0.26320020195660876	0.0012371299786716851	52.92872859619718	0.17422692926679048
0.2656674380540677	0.0012301217430260324	52.738604303550304	0.18929113804008424
0.270560261029801	0.0036490223776468	52.28370177498799	0.20806791858904314
0.2777976637772852	0.003588716272534413	52.3096083185663	0.18451135562613533
0.2837380449727399	0.002359975441888485	52.26830586170573	0.18541736741001522
0.2895982674457851	0.0034925169318732793	52.076641539230316	0.18648800776675264
0.29995142751243264	0.006820486534832726	51.98128427961397	0.18218191674588421
0.3100635129696794	0.0033317566617026544	52.075114763244	0.19012370895957387
0.3166764233476096	0.003281408995905024	52.09121171828253	0.18823822493789627
0.3274789821586159	0.00746852073119034	51.978107571141784	0.18252438147320826
0.33697674954708545	0.002087703306802386	52.25827297910497	0.1843574576081884
0.3431951272640016	0.0041160476809886	51.842415614511225	0.23222092208355585
0.3493257250291877	0.0020291764044199677	52.21249394081083	0.19149940465400198
0.3563703961867073	0.004991316864772132	52.03937054392581	0.18684170027578934
0.37205591005780014	0.010591374099694262	51.83929370135478	0.19190576491693392
0.38626373465587105	0.0037274496835394888	52.15316228107804	0.18225911417719357
0.39639512313919945	0.006372626275045635	51.941638194305796	0.1932081788944129
0.4054047709644091	0.002675050694893033	52.16075498449077	0.1850713056817299
0.42202465183967874	0.01373127496344112	51.76463566423554	0.1836800427876108
0.44865385849506556	0.012914620747817268	51.522824571339434	0.2087898101601495
0.473744172735061	0.012189653002296508	51.56589656132691	0.18876885430715842
0.49018960786943644	0.004401261527036941	51.70619902645035	0.19124872245632604
0.5046181248272857	0.009934029465893664	51.50948152127327	0.18967875847625845
0.52404512451398	0.009499449627364627	51.574823293601995	0.1833219527585564
0.5529190697301093	0.019046611260916415	51.255790692399486	0.2062641973158483
0.5805885367461173	0.008935487575965592	51.54013026430762	0.1878558413247812
0.6295479914949845	0.03831775338289018	51.20970889305453	0.18624659632157597
0.8144110458487014	0.12551964117406186	50.984049480645076	0.18079341927310716
1.1748495270117432	0.0036953900763445403	50.37721854351994	0.19221242055819954
1.1799301799703827	0.0019130024499342617	50.671612005358625	0.19221242055819926
1.184675155847005	0.002472741569843907	50.57907888725822	0.19221242055819945
1.1887763617615024	0.002070364087278758	50.67377744193436	0.1922124205581993
1.1929775026849518	0.002199260789176769	50.665009389305254	0.19221242055819923
1.1971876398093917	0.0018256655579986488	50.76351552046951	0.1922124205581991
1.2016137496075876	0.002345647332357189	50.656237587529205	0.19221242055819918
1.205891783596586	0.0019840803564175097	50.711787624693834	0.19221242055819926
1.209616240202143	0.0017431935970434191	50.75329914259085	0.1922124205581993
1.2131395242940286	0.0019882898733367747	50.68177840102415	0.19221242055819907
1.21704634576274	0.0019216343061037755	50.7530366682086	0.19055958342867357
1.2213311436406133	0.0023451090125364104	50.75414654645081	0.1884885805527246
1.2270730519858257	0.0033636928712589306	50.70454065619526	0.18661966558553295
1.2808255296427786	0.0020402657968457425	50.82743273416779	0.16740632985526652
1.2845043593014744	0.0018552042554858194	50.85113052676994	0.16756877537107132
1.2880179407490755	0.0015043359352437799	50.758029188195955	0.17127161140432687
1.291167061761426	0.0015427661883849492	50.74968188162523	0.17076652976624057
1.294172571901151	0.0014802875576808451	50.73342855723895	0.17146761813703099
1.2972718188351555	0.0018672260777115052	50.799705345956326	0.16740631892413751
1.301115031949584	0.0017997585068757092	50.79401821358702	0.1674063271079498
1.304576013942249	0.0017826610913571608	50.787699212227196	0.16740631014786714
1.3083609832331962	0.0019678829342761332	50.75516424724799	0.16740630898623884
1.312019285058864	0.001666685160875099	50.65480223045718	0.1714676332270539
1.3151917842532006	0.0016682738283095386	50.71484432041978	0.16992128173019283
1.3187986750612661	0.0018340736149750725	50.75979011091793	0.16740632666123584
1.3224784010027153	0.001384186170235146	50.6727156770296	0.17256617533277963
1.3251307289212417	0.0015500747831944744	50.62327247798257	0.17146762634399343
1.3283103910414629	0.0014535761660445252	50.64797509482046	0.17146762173439556
1.3312290120753127	0.0019330536452778814	50.511278647397724	0.17218716675923815
1.3351199476809748	0.0018424296709793377	50.68355491014134	0.1683105567205469
1.3391789016763553	0.0017603796272428632	50.56601221060954	0.1718211739970698
1.3420462597620069	0.0013515763034512688	50.69712854236013	0.1712716163664585
1.3448845606427202	0.001440148566950445	50.631086485799266	0.1725661757866358
1.3483099478979943	0.001739008462837046	50.553582175645545	0.17146763269788784
1.3512744268617336	0.0018105072592861885	50.53100393385172	0.1718211894919381
1.3551057520156276	0.0015217852449783708	50.61156198784955	0.1714676336202993
1.3585411745783942	0.0018673778697210013	50.51463295573243	0.17182118138567076
1.3615453831688646	0.0014821243093583087	50.60859082292147	0.17182118128792678
1.3650625535276677	0.0019422873899175494	50.479533764819855	0.17218718034895725
1.368046435295664	0.001268176231824982	50.67753305111391	0.17146762408903002
1.3712415356836072	0.0017074471251291206	50.559956326336874	0.1712017284323109
1.3751882977344723	0.0024065601139989577	50.39293456134868	0.17182118432048624
1.3799891239911881	0.0023328325712587456	50.39611593100626	0.17182118094751173
1.3842930398497595	0.002082823688913944	50.44190407838086	0.1714676275259395
1.3883507425267614	0.0019475296810703268	50.46663794922392	0.17182117887895398
1.3924949109717537	0.0020094105759771636	50.453208989192476	0.17182118541925917
1.3967409267412632	0.0020717292221575016	50.441038893357266	0.1714676233349514
1.4005447523302497	0.002087477369777688	50.428725912060116	0.17146762362358542
1.4056365452462778	0.002640203161516044	50.30981855120176	0.17182117897882357
1.410330037362042	0.00228121308538213	50.35659148884038	0.17256617593382
1.4148206769649354	0.0023580909886855954	50.35099604233627	0.1714676263860404
1.4196365792101	0.0023450305589828363	50.34478958216607	0.17182118071984628
1.4242545395977126	0.002350110706547071	50.34647870067598	0.17146762263348586
1.429292564030205	0.0026310519973831346	50.285535270838494	0.17218717908502826
1.4338262134328907	0.0020023866235178486	50.41040771793767	0.17182118603886992
1.4380856458559341	0.0017678117270849257	50.47022739870604	0.1714676267225241
1.4418078986644125	0.0020417707665450675	50.40283132389045	0.1714676244768853
1.4450104157751382	0.001538391676204226	50.52065842257156	0.1714676256094345
1.44884753354679	0.001970618573721772	50.39468483815655	0.17218717808984654
1.4523950444954101	0.0015844760489924334	50.49015439020154	0.17146762510557167
1.4558185480287889	0.002066273106313003	50.35765013795309	0.17218718117183585
1.4598922309380438	0.0018365814223254213	50.41592900553689	0.17146762699828427
1.463382226255018	0.001673634436468039	50.454187426622596	0.1714676256492044
1.4673549746091297	0.002537846164666739	50.27621254706789	0.17182118193339962
1.4714755523832173	0.0017633544554246973	50.44561271272857	0.17182118245896075
1.4751665057534202	0.0018547423976232559	50.430155980354755	0.17146762459995912
1.4789430526149134	0.001821746091202117	50.43825835396394	0.17146762302898047
1.482970553479305	0.002274808376934033	50.323855925757144	0.1721871787045479
1.4868390926391322	0.0013546291712131216	50.541328465629825	0.17146763531362655
1.4904242776816532	0.0019043501810417415	50.38267512074425	0.1714676246130278
1.4938201018099013	0.0016258218603292481	50.45209671680246	0.17146762634821558
1.496796011777222	0.0016165255200807252	50.45450692625876	0.17146762605081756
1.5005868333804342	0.0022219817612362217	50.30870203527584	0.1725661760241066
1.504511674892007	0.001570316295491003	50.47721343311715	0.17182118085076936
1.5087810442607683	0.002623217525352397	50.257905720007486	0.1715404799757246
1.5132871606411569	0.001742352819820378	50.412599178494446	0.1721871809599911
1.5170062941105869	0.002084373525712301	50.3150204442183	0.17218717567030234
1.520748548190333	0.0017793350059873312	50.3726637229082	0.17146762549115532
1.524157066981311	0.0017433781128079742	50.37438882514638	0.17146762518164424
1.5279998681583167	0.0019852059634456317	50.31807055068619	0.17146762330426796
1.5322120161652966	0.0018694905825565463	50.34339322267744	0.17146762633104712
1.5358260461461595	0.0019893744799415283	50.304116892815074	0.17182118181218675
1.5396230548080871	0.0019671476325421435	50.29579406595666	0.1721871797662502
1.5438574066210453	0.0021085088665004684	50.26528033329625	0.17182118289639797
1.5477714931148912	0.001853488336056571	50.317045946967674	0.17182118244250602
1.5514436275432812	0.0017916964639269146	50.32866807637333	0.17182118179559144
1.5550312724987378	0.0018590913578275907	50.32457128018454	0.17146762623054343
1.5586114553312789	0.001970719107723878	50.30741232650551	0.17146762410182012
1.5624450637550775	0.001726693543793141	50.35513556997129	0.17182118096227617
1.5668972819844726	0.0023300082619008736	50.20337448292457	0.17218717392629784
1.5710273324853476	0.0023094777896281874	50.20409043240251	0.17146762635803153
1.5756279237706967	0.002038099650426279	50.25372771154786	0.1718211830555581
1.5802428929657713	0.002775187465866319	50.11905112229073	0.17182118332794008
1.5852132565077	0.0019214092474158426	50.28215191627098	0.171467624056151
1.5898271548052882	0.0026533819767831017	50.12504830058336	0.17218717605903885
1.5944791011513324	0.0023222144147893218	50.18582128780663	0.17146762721003528
1.5989190186460416	0.0022957392926192303	50.17115716755212	0.1725661767858515
1.603890258001603	0.0022639646823558986	50.19136317529951	0.1714676272189499
1.6088526831018237	0.0027378008980309737	50.10003027936646	0.1718211794942728
1.6137866393849487	0.002233653231723662	50.18299744696194	0.17146762455274683
1.6181710353744991	0.002514422734712519	50.12216490670178	0.17146761979038935
1.6234949053638683	0.0023987909016532417	50.13126565765675	0.17182118522447504
1.6277267450506603	0.0019426439197404988	50.20763015625958	0.17256617379358596
1.6326422760244776	0.0030370520629272226	50.02558058808549	0.17146763182013716
1.6378866841712862	0.001929049143054222	50.21924822129997	0.17218717869471994
1.6411270623508623	0.001716502173135093	50.26902514464474	0.17256617483771802
1.6451374111868837	0.00204215315710972	50.20481549732365	0.17146763059182452
1.650388691610892	0.002835558746081862	50.05506135395032	0.17146762998664042
1.655248803172496	0.002393936723126899	50.11738823099761	0.17146762283435635
1.6598591277259218	0.00206590645104485	50.164632400269085	0.17182117846295245
1.6641434483782538	0.002351548967605008	50.10514596832142	0.17146762686930775
1.6691906004016133	0.0025927630009212133	50.05634815845076	0.17146762046202985
1.6738146532875953	0.00203902584560299	50.15479721036159	0.17146762176500735
1.6778974841637107	0.002492497519885461	50.06133355466636	0.17182118150923462
1.683061153297658	0.002357176515432682	50.07392351493415	0.17256617346523181
1.687945543980455	0.0026820650114325086	50.01900727185384	0.1721871786492679
1.692945810472723	0.002129367952486001	50.12310500340343	0.17146762549711522
1.6972634958791581	0.0020900887259549727	50.121500747024015	0.171821180192207
1.7017415338100061	0.0022939913793546813	50.08039978427141	0.17182117530450794
1.7065261529907745	0.0023970097417489768	50.06994643772464	0.17154047552829862
1.7103803214533237	0.0017285803115458676	50.18048888910576	0.17295875874813119
1.7144742130508308	0.00241153138696656	50.038785395950676	0.1721871804567368
1.7188311185372318	0.0018404236354044548	50.15672998140524	0.1718211807345998
1.7235478341090888	0.003027095759626662	49.93302830790836	0.1721871784402192
1.7294460650878167	0.002898524175665381	49.95709169087314	0.17182117667818433
1.7351317369372943	0.002573907611794958	50.017347302363326	0.1714676256684679
1.7395103767423925	0.0019201031261341843	50.13860608011488	0.1714676236111192
1.7442970693310245	0.0025518251087758756	49.99758933645002	0.17146762190072168
1.7486899050862839	0.0022035497840691147	50.049279958026034	0.1714676299771357
1.752650116596873	0.0018288087622544004	50.12041460975232	0.17218718429597546
1.757237408479749	0.0027535566317314704	49.94115683541902	0.1721871808509899
1.7629409134386695	0.003143331356101069	49.87551824811172	0.17218718050032641
1.7680272437459021	0.0017709921747062517	50.128527655968846	0.17146762616710043
1.771844505270768	0.0022204939358283944	50.027352972096224	0.1714676176559103
1.7768320021475112	0.002465266599368751	49.974101292463644	0.17182118330933724
1.7810482026619883	0.0021748703511092742	50.04187398333694	0.17146761736640692
1.7855231174495656	0.0019491169941750497	50.09320944436265	0.1718211758883204
1.7893302922069276	0.001812384517679988	50.12498190395507	0.17146762459034462
1.7934858309826391	0.002270359376157158	50.01063894984789	0.17218718088596577
1.797686909788252	0.002139194778837266	50.028393918899866	0.17182117585180728
1.8020516971231784	0.0021830899179283397	50.00992832263437	0.1714676218859523
1.8063128358640932	0.0018500401164295622	50.07268974637815	0.17146762693175524
1.810181611116282	0.0024471844252296304	49.94438288660876	0.17146761837551003
1.8166150757122046	0.002940487807661783	49.82632398991225	0.17378724089685132
1.821217545863325	0.0022120683564524697	49.97362033373112	0.17182118495597618
1.8257632838674636	0.002398200597345841	49.94161427091719	0.17146762394113058
1.830921852075197	0.002952312097103303	49.85482434725567	0.17146763448737584
1.8360827169821765	0.0023460224324418208	49.95143223721281	0.17182117104792635
1.84067432525814	0.0019915984990608194	50.02309763116664	0.1714676247541711
1.8452357094671439	0.002542432785532768	49.90274703980576	0.17182118329093637
1.8501725739706592	0.002230304084745235	49.9439566432888	0.1718211781293268
1.8549636977043513	0.0027600644715137746	49.8509198715271	0.17182118305534252
1.860248847206278	0.002254242694719311	49.96569277773813	0.17146763025939574
1.8645590999510135	0.0020445623945200466	50.00883880985955	0.17146762916514194
1.868644438394825	0.002177326179335968	49.95433696660991	0.17146763461878062
1.8726932247507193	0.002228570015086973	49.91041404905944	0.17218717143914566
1.8777095879040373	0.002755975044931658	49.82313960447368	0.17256618116018596
1.8835072528499186	0.0025222178684815555	49.88350108316817	0.1718211801700927
1.8879726091133193	0.0021816136475279763	49.96107046478588	0.17146763536496082
1.8922428602939028	0.0026485624285364053	49.89358271621196	0.1714676300797069
1.897668714506385	0.0023379644711991688	49.93198281802221	0.1714676282542742
1.9032132841745542	0.0031294618149655014	49.773177983975266	0.17182119361322373
1.9084626197202659	0.0021300748973798658	49.923326071687896	0.17182117820648582
1.9133849605204718	0.002555935492699137	49.83667142777002	0.17218718376825745
1.91823707881318	0.0024385647136100958	49.86357703388167	0.17146761435011704
1.922932685733978	0.002566709040943658	49.83737452954919	0.1714676131431077
1.9281818508323068	0.002268305159405846	49.87908716056042	0.17146762728946768
1.932753182761859	0.0024113570997496576	49.832198141616374	0.17182118511898214
1.9374026507735902	0.0025245110343150214	49.809354735730096	0.171467622258309
1.9424756275867359	0.002401988193759155	49.82502824526594	0.17182117402840508
1.947406844654516	0.0025342174844420954	49.797023080252615	0.1718211738036222
1.9519573121914289	0.0017655946285354033	49.94488437645394	0.17182117486603432
1.9550694891260076	0.0016316365102472777	49.979939322500755	0.1714676251069263
1.958492772995065	0.0018945564962224936	49.91421795427156	0.17146762560655276
1.9630378014672134	0.0025464883466915804	49.78291347865502	0.17146763687366795
1.9677703060711398	0.002303334006933328	49.81614851387392	0.17182118793334697
1.9724240068420222	0.0022594520907949956	49.816037015779045	0.17218717450018564
1.9773355091458362	0.002738794030020507	49.733005523890114	0.17218717291027943
1.982758784607412	0.002664690954129783	49.72374462363453	0.17378725002838072
1.9878890270008749	0.0023203291002624957	49.80150981393573	0.17218718399442387
1.9929570686880789	0.002377539257259488	49.8103693622101	0.17146763848636523
1.997300818009462	0.00233162853336546	49.84153688121134	0.17182117954306567
2.0017913089256005	0.0023403928768158996	49.84107632803726	0.1714676304643015
2.0066592697696577	0.0026749917242175464	49.730941948070765	0.1717451697909841
2.0122136672366704	0.002286549576739026	49.832441142017686	0.17189089677105138
2.0162585245187388	0.002068745123927363	49.90604778109641	0.17146762755526934
2.0207235989629893	0.0024400206255010075	49.8126910741809	0.1714676115837269
2.0254812677796576	0.002338049767278256	49.81208199277576	0.1718211839460353
2.0301820919456803	0.0021817119107507155	49.8443115827741	0.17256616572693553
2.0341675210754473	0.002138723371659121	49.84790894462076	0.1718211709729325
2.0388576720577656	0.0023215709397714224	49.76462238193509	0.17146762453247547
2.042779016678739	0.0020150420540362922	49.61868178518179	0.17906350080074265
2.0470246192229125	0.0016764335411648278	49.696726548928325	0.17906351109522797
2.050643216179138	0.0020106693198694825	49.78235653779821	0.17295877431786164
2.054267939327822	0.0016592129329332924	49.69794904632556	0.17747346155606109
2.0577892100072774	0.0018909990355093474	49.63360719628273	0.17747346291961114
2.0613185919336603	0.0018131706004009206	49.69458114410513	0.176500690903382
2.0661779541662626	0.002532004313910108	49.51930732247851	0.17824826809507177
2.0702009286366696	0.0015782213276803335	49.73180153385795	0.1799218468699221
2.073259752533301	0.0018109333490041325	49.68920176647774	0.17992184498214012
2.076882749640868	0.001671444878555586	49.71290455022002	0.17747346717372361
2.0801440170218686	0.0019323662469296046	49.77443643759363	0.17218717626613841
2.084607074890909	0.0019854000624205874	49.78568126162107	0.17218716863560488
2.08782125169388	0.0016840623419755601	49.71709102093065	0.17747346314343732
2.0913629401026865	0.001695192287097449	49.67774272839132	0.17824827762645987
2.095275900283097	0.0018484413489483246	49.615445676785924	0.17747347975676203
2.0987449092107364	0.0019633615094247804	49.57154348129108	0.1799218444135786
2.102489234157637	0.0020866625620377297	49.73627189725279	0.17256617411074993
2.1064572043567567	0.0018107768437171609	49.70242088491114	0.17504144363591412
2.1101966131594194	0.0017499422119827636	49.80354679674625	0.17218717232894723
2.113747923799946	0.0016916223671011935	49.6381981879474	0.17992183815502497
2.117124985625801	0.0017932492199784957	49.81020051523794	0.17146763235999857
2.1206039964418872	0.0015096520969253354	49.680139991775505	0.17747346347362952
2.123677680309279	0.0019911397171232938	49.703708729304395	0.17203515788181642
2.127625754248286	0.001626165903482544	49.68147906335475	0.17798765577121564
2.130710740943131	0.001569337682119349	49.681390276508054	0.1774734610741564
2.1337698014657995	0.0013758237721497911	49.74014635485013	0.17824827597721038
2.136318954399213	0.001406294783787057	49.75176919962771	0.17690116000668454
2.1392195928940008	0.0013743027501874612	49.73076915063542	0.17747345990574614
2.1423371780997615	0.0013881670706882357	49.69563790814769	0.1790634964115661
2.1452921747394593	0.0017731472543413486	49.59619808440722	0.17747346517273693
2.148793480043966	0.001669152806438529	49.61727726893349	0.1774734816080079
2.1518313385907044	0.0013161819595752236	49.719863925082386	0.17906351761025371
2.1545550662529003	0.0016169685679580414	49.62793656481386	0.18082623235871345
2.15774232627971	0.0015278647887225758	49.655151791846016	0.17747346271483916
2.1606197474529627	0.001498974539987576	49.623034473092574	0.17906351575824345
2.1639674599274095	0.001620780252823206	49.6006623537745	0.17824826969713872
2.167495486912705	0.0017730601308081756	49.568226749045316	0.17906350337067103
2.1712145481316725	0.00228085160980901	49.4667456551354	0.17747347262422256
2.174932351501144	0.0016391145369396632	49.582233479742484	0.17824826690997383
2.1785201320818417	0.0015406831324767181	49.603320944177874	0.17824828945799137
2.1814681850455204	0.0015567662639120305	49.60073116033198	0.17992183671243206
2.184706253154866	0.0018446083948348894	49.71856797757005	0.17289369147861242
2.188138787091496	0.0012573114212145067	49.74166873210737	0.1774734722794333
2.190630074800888	0.0014537209788684203	49.67668754443072	0.17824826622853426
2.194531006321516	0.0020225169184657906	49.50533795924493	0.17747347208909584
2.1978568590457273	0.0016803021793894625	49.55503166791273	0.1774734623598956
2.201321522530391	0.0015952652953313425	49.55201008024846	0.17824828216033392
2.204622872001367	0.0018295285952616164	49.488557329629714	0.17824827300366475
2.2078030530106685	0.0014152786347234453	49.60358337831666	0.17747346378128595
2.2104233064583494	0.0012778934517103878	49.630569808276334	0.1790635129735517
2.2135600605121817	0.0017471888097952675	49.484688862123434	0.1799218567015108
2.216768637112112	0.001729165393702697	49.50374344196171	0.1782482860049637
2.2203826031396225	0.0015861549504736154	49.55467545632051	0.177473458036451
2.224217178854256	0.0019311780976589855	49.460555832411536	0.17906350370247873
2.2322474707976534	0.004163913478102749	49.55017376645474	0.18558467970844314
2.2403321836585723	0.004087116187240606	49.54820652654564	0.18636303486254707
2.250667739530051	0.005587141473155351	49.397935648445774	0.18686008200516646
2.2617019274392627	0.0054472865861676266	49.38404722741723	0.18711339090633716
2.2709948833916727	0.003808502843127989	49.54875438741936	0.18535667271623527
2.2810220871876927	0.00669866159130128	49.25725244098046	0.18660999328528535
2.2955395403279217	0.00647844215161803	49.375259712480904	0.18114162793274582
2.304640117527895	0.004934206151189661	49.397182436006844	0.18686007838189925
2.31501668996449	0.00481771070604533	49.40910283285971	0.1863630349871355
2.3245806136484295	0.004039598969779655	49.52476419243936	0.18400557357425348
2.3363776861357026	0.007862690411795277	49.18531860120733	0.18628568197033127
2.3517534293832876	0.006956841688382486	49.24620777037623	0.18374404100942698
2.362438670630057	0.003702373218664692	49.45146071809522	0.18686009372378662
2.3731027108700133	0.006623123282674218	49.22681509203472	0.18484549194951228
2.383361088647605	0.0052923558381217555	49.28900223544693	0.18513140213613474
2.39420653685769	0.004588368432292147	49.325425130200216	0.1849088483252703
2.4041161601403642	0.0050453809760921805	49.23893889295318	0.18611920807325583
2.413880349829481	0.005481273750328568	49.233031642175355	0.18463181706797058
2.4253792567259103	0.006939698363111844	49.08705810786915	0.1866099847692469
2.43714137360511	0.003636771661542677	49.35662098058346	0.18711339462112958
2.4434684760838996	0.003584172734981103	49.39106572289088	0.18490886976049073
2.4543392715306642	0.005493210966620312	49.198127452160705	0.18484548522182037
2.4637686677294908	0.004886446797222533	49.23373578396006	0.18442062647284088
2.473974190481143	0.005250197163721563	49.17041668206079	0.18611920568798723
2.483698999661649	0.004667269110982624	49.222837709669975	0.1871133893524902
2.495207651400743	0.005908794358292193	49.12889518869384	0.18558467885598087
2.5047312862013107	0.004891234867676703	49.20025266916241	0.1842118821665403
2.5133987820750514	0.0034871131367668934	49.32204819518421	0.18581548222835192
2.523492446951687	0.005962040976950587	49.07871765811297	0.18711339170207972
2.5341785959337217	0.004986206564619727	49.16921649501165	0.18736996758821575
2.5435136857964125	0.0048801725332221785	49.18995502025382	0.1868600784318962
2.555915848188341	0.006718203252646716	49.080844382974135	0.18442063059612668
3.201734034136454	0.002858774842866703	48.43824922310986	0.18524745449565205
3.208716190900115	0.0034285587117438743	48.31283538797004	0.18764768893324268
3.2149975925509695	0.004505803590926528	48.20038524464936	0.18764768959167144
3.223477233795017	0.003398982512291643	48.33149486728567	0.18686852939021462
3.2292042207499465	0.002096530063858194	48.52140768120243	0.18706047972287038
3.2349413743223216	0.003475933091182114	48.287672786059204	0.18667846979727154
3.240992101582099	0.0024484486232332443	48.44334235287397	0.18667846339645025
3.245285887411725	0.002101118928783955	48.38428444597431	0.18525141483547133
3.2492069815477596	0.0017618977092548648	48.32766966102201	0.18688629151202957
3.2528147037841726	0.0015884947899337913	48.407852101781714	0.18380163086839854
3.256055595008377	0.0020496557616261008	48.254202804470886	0.18708286739237617
3.2597532731938523	0.001719627569685294	48.34814331933257	0.18649894889744156
3.2633109699286065	0.0016280498277431235	48.37715428260588	0.187082870474431
3.2689297991663953	0.004285689359522236	48.5260097757771	0.17577652691847456
3.5166100652053087	0.0017739386297103653	48.051879266944525	0.1871252668622781
3.5208973988353884	0.002527652317766651	47.8843891334232	0.18775453226399305
3.526940956009204	0.0030841934531937367	47.944625205032004	0.1795931776911295
3.6397394688050175	0.0032585478717183443	47.914719688815794	0.17717543345338113
3.672229494280149	0.002630591379093837	47.768901041746716	0.18764916815352717
3.6768225718187146	0.002094304302748606	47.851049864994046	0.18706138257990312
3.6807218713372425	0.0023720952460306605	47.78184319188163	0.18764920496595291
3.6866582706442177	0.0032172998066349037	47.71857369874929	0.18393482707221107
3.7730498363767246	0.0017979463713775875	47.84401413748746	0.18841824128203297
3.777447702066863	0.002420564666157597	47.5554138203118	0.19836626099592278
3.7816269500172144	0.0016922649171171647	47.69204672229651	0.19580459626921506
3.7854306127996997	0.0019803920495295516	47.60482262170919	0.195321019813426
3.7890193496082247	0.0019409905833476244	47.59938284116455	0.19705458901961492
3.7928664543499373	0.0017635423291370387	47.63730377580694	0.19705457720548367
3.796400713311396	0.002044586849007584	47.68140326470574	0.1886774410914708
3.800411743351236	0.001575616838564606	47.81045015501729	0.18752449486885708
3.80436905882355	0.002275019605731667	47.768066024945156	0.1805979515972403
3.888501333951983	0.0019479075214615103	47.49203657855056	0.19899123906552602
3.89289389663512	0.002073834106058829	47.45896624463656	0.19927208703714727
3.896520590982205	0.0016957625935911087	47.555078452196824	0.19710151395478406
3.9603529721320623	0.003037006365777976	47.24324306047604	0.19831159130300663
3.9678739437347046	0.0054951933070382	47.18261105163846	0.184367211820551
4.41301841938615	0.013426554550137994	46.875201155349146	0.2062704432861172
4.442241361766478	0.016174520670437814	46.96368656020824	0.1790471513612721
4.576276690433621	0.026478664848469446	46.616415985742336	0.19967104412130182
4.634503815370445	0.04545308895182645	46.61565008209351	0.19114200611865093
4.82929730519267	0.06381009602768235	46.232384219097334	0.20041783460592877
4.938394302190756	0.050391233138273074	46.125184420333355	0.2030156334113421
5.098276572785925	0.03943090362319113	46.08307683027996	0.21100645470896165
5.229161989083237	0.18023662198529566	45.747320140744804	0.2036040061047131