-0.4808225140413658	0.04822145593227158	50.94476127843228	0.19362584552919807
-0.32964348904459717	0.09362546497498615	50.50821079409762	0.24730053601600907
-0.2079619086149609	0.035373856644264	50.94575548433344	0.19437218998357966
-0.13149576672058105	0.040449657017224916	50.71656275092281	0.23109774171679814
-0.05730945394679121	0.03409797050012031	51.01828345812481	0.18667423913728143
0.00994573180485847	0.03310022967592113	50.938020790012246	0.19648412083310912
0.05079821168063847	0.008861344286199896	51.20782657007294	0.19526787040514448
0.07660036303302009	0.01670042235633447	50.94730116999004	0.22403025156849013
0.10877908156997362	0.01550774803547341	51.15594575676247	0.19326793066525086
0.13873713622068184	0.014474070427598082	50.98829742232731	0.2252853127955122
0.16129929962857503	0.008244793228929346	51.296525527639446	0.19550600258097453
0.20068235875909646	0.030120120198791518	51.2065427820083	0.18273963206806818
0.24366370910701096	0.013640973167206355	51.42462140406688	0.18754283969076754
0.263657780398981	0.006513603039298437	51.61145966071932	0.18938453849193013
0.2930380067055163	0.022320940604025747	51.39445416561173	0.18968000146150643
0.31960262425689334	0.004771942454072791	51.82168976994859	0.18959279414330918
0.3410168279609551	0.005450825012451906	51.831876976369664	0.18841514592786246
0.3553144093029609	0.008790496561609327	51.71125533606822	0.19730947603743598
0.3733928970674888	0.009275292321372938	51.83174226905544	0.18840401753903643
0.38831145297450054	0.005703144885232626	51.93224900286079	0.19503458782541122
0.41897749563000974	0.02429407122353119	51.50551703226683	0.22033180257105475
0.44833040790353806	0.005676588287449158	51.735340641125596	0.18889688592050932
0.47248134739873826	0.0060407238111088845	51.43443029104937	0.19614719546640014
0.4953597187655515	0.0038204924811425997	51.29324838205108	0.19462830027931446
0.5608440752984915	0.019166896016812544	50.29990446998943	0.18547119435518164
0.5873968386269554	0.0077272015135275585	50.258651797080915	0.19294500568010978
0.5965718768446534	0.0015131333227869465	50.75277930638227	0.1910304052410843
0.6030797829844446	0.004968760167725344	50.375568470482065	0.22167646699047552
0.6129053135130981	0.00485760843691977	50.63686830467793	0.19340558781532807
0.631913630697649	0.013948754853961106	50.70312806626144	0.18490698631964847
0.6478896917818148	0.0022408259759839535	51.26921462097263	0.1865554273961189
0.6593884099891548	0.009165553619772282	50.970553935926986	0.20301234663600526
0.6701649662051506	0.0017030321348123496	51.536630311658506	0.1931534685981653
0.6852279868664918	0.013159815761112593	51.31507076967795	0.1908839428427424
0.7013738725117028	0.003169888105015956	51.80975868128809	0.19378948947075533
0.7161757089257369	0.011488765459045164	51.5652469424153	0.21404692999856934
0.7293765922134262	0.0018574675262800326	52.07146174333439	0.19571478788635255
0.7349135481226424	0.0036678728289705736	51.88331549488791	0.1993856903872821
0.7421880281311614	0.003606947238071006	51.9131875313205	0.1963011342509263
0.7532280460575872	0.0073844655093484885	51.70286071114587	0.20512171243796115
0.7612414079993969	0.0006904248358529316	52.29846797859092	0.1894933475351843
0.7694484690893618	0.007452500767466421	51.741732456234075	0.19801451116966484
0.780485771678295	0.003632743473277878	51.9315783050211	0.19513121190724475
0.7857378757527399	0.0016313980778624585	52.18673062288015	0.18407035528528864
0.7880158482268785	0.0006491453719084818	52.36015571568268	0.1916598693611043
0.79349882665406	0.004807510595763789	51.77364365292695	0.21066666646272023
0.7992298586338894	0.0009488973063134677	52.30173660180944	0.1892870612313633
0.8004932154512628	0.0003153803292596797	52.49828425531582	0.1938768280496713
0.8020672613233794	0.0012569573669975566	52.16662901111327	0.19764351534077423
0.8039486163279089	0.0006257620149442725	52.35516361170172	0.19481963217570752
0.8095442708409438	0.0049420089720182	51.98941558569487	0.18562182057746512
0.8156782591649955	0.0012181746280966184	52.21835823926143	0.19624340925959866
0.8187130673376469	0.001814537720601044	51.88154002141228	0.24756808702362168
0.8223270641252151	0.0017995006338126598	52.12571894425217	0.19506089381624728
0.8273959528762281	0.0032608029105939454	52.02040040255677	0.1949758046866957
0.8411096586397914	0.0034466676274720943	52.023078188800774	0.1955407031860116
0.8530084937890349	0.008383793613885844	51.838957368536676	0.19849879765411987
0.869460490278506	0.008072138078337735	51.99806797332165	0.19228395267362783
0.893789748062871	0.016027973624381055	51.9814386523548	0.19820125995285084
0.9107540970457518	0.0012233302783557758	52.69838065847097	0.19391188935736045
0.9177920761754178	0.00577759350992393	52.24196138658981	0.22697811783165173
0.9254280099980959	0.001892299151750791	52.74129150642625	0.1957421033978721
0.9343246798990082	0.002317411393308251	52.77723954257007	0.19492849332923637
0.9502509367505257	0.013403805934630095	52.53278055518302	0.1921690181668963
0.9827378983874365	0.018863892447582572	52.74008560670174	0.18434665917619913
1.0189160732634868	0.01735613968542164	52.650973159722305	0.200696032576302
1.037033367678394	0.0010976040488672534	53.32425993272665	0.1957963684104284
1.0397687453081925	0.0016360688721301754	53.15648945679919	0.2100905571441696
1.043209006438779	0.001803511065362422	53.26114382794283	0.1905866581245126
1.0453678451513087	0.00035891364398385125	53.61767042286672	0.18950492957282267
1.046622229602296	0.0008946961992592538	53.390755870935514	0.1962312277883902
1.051780710108039	0.0042438336229615415	53.07926823245583	0.18774161081469956
1.057402609885266	0.0013964172171056386	53.22019348673198	0.19412163083605252
1.0805156122839152	0.02118469301449721	52.49228248401192	0.19355403571376747
1.1209435337747604	0.01930164188215836	52.10068219777848	0.2203056357780257
1.1579264845511914	0.01772602276796135	52.07342057201606	0.18735003678533826
1.9257806224035732	0.0026458610244535037	49.72890457446178	0.1961734086543182
1.9315058246610795	0.002980101137913666	49.54743582628671	0.19781009220366816
1.9471278173294535	0.002666919853044521	49.67133414536898	0.17589639773990134
1.9527802277431263	0.0021843486282987316	49.56450290463247	0.18330883303890533
1.9571534839495066	0.0028055951888727405	49.46681936497639	0.18175593357421546
1.9635939799610016	0.0033037234151780887	49.39459588307404	0.18175595235627434
1.9688490975874857	0.002424447537964469	49.50228632654815	0.18251256223894788
1.9741323163887325	0.0022386640475527235	49.51662680289711	0.1825125836978637
1.9786798450250362	0.002282825542714623	49.46711670881216	0.18503110647177395
1.983632493237582	0.0027239469890781845	49.41569821911069	0.18175595144752035
1.9890505865697654	0.0029123559442217855	49.38384303979152	0.18251258353670252
1.9952154273504834	0.002798794046720923	49.3986797310621	0.18330885603687827
2.0005335753976485	0.0028308889719420695	49.410239111801914	0.18251256636089233
2.0165254204999834	0.006010372507936636	49.31270797513709	0.189022950492955
2.0326889803200836	0.008107383416457456	49.28604987842336	0.18518270766556913
2.047750763536918	0.007831030745371094	49.23704754312195	0.1894365678308089
2.069914079703146	0.013819894638757572	48.9414200131156	0.18947578415156976
2.0886439998780166	0.007127716813657371	49.14525932564463	0.1912132229435418
2.106074658411633	0.009781365075428282	48.967652521058184	0.18902294538507797
2.1286563671761924	0.011143067969717651	48.92691041830908	0.1897064959561944
2.148049076987731	0.008880247090030298	49.02925094553609	0.1897064894869172
2.1669302463762827	0.008502445966777673	49.043419401734766	0.18732694907548825
2.184663435277885	0.01305968914056698	48.77984422599592	0.1892479257873749
2.2093034479804805	0.00925460098608525	48.90270929992741	0.18947576723469242
2.2305772220303344	0.011015239334560688	48.80089063125337	0.19121321521166518
2.25650424602305	0.013143959640234992	48.735121073063866	0.19070354223489813
2.2758457954977245	0.008601740569686657	48.899029337437106	0.18970650742525777
2.293085183571213	0.008266727617275831	48.87865368420184	0.18902294786529883
2.3149687723468437	0.013302436204185098	48.61407933130869	0.19070354348848922
2.3404532114412997	0.01311465999040625	48.59525902716076	0.19095669935338097
2.3634692269031214	0.009733817042048629	48.74671047808044	0.1894757652579392
2.3888606454376737	0.012751373137799336	48.62092135383707	0.19070355107106474
2.4119411921848126	0.012091394968851534	48.67793184079709	0.18947576658602108
2.4343945535960856	0.01010428072362139	48.67334929624528	0.19070354847814455
2.4620966625529745	0.02025249992497438	48.29387740310237	0.19147318704093416
2.4926630112837858	0.00923718634461719	48.61049448481723	0.19045371236495218
2.515079587800921	0.010679631859096494	48.53331621023556	0.19095671214976895
2.5375921008708615	0.01303723486013607	48.46509543493619	0.18970649377228646
2.5635172805360043	0.012281887668695559	48.23115036164143	0.192011092706026
2.5833462116138612	0.008148382142367143	48.26172127565136	0.1875371813773674
2.601765796646368	0.010309148490794786	48.09075940725098	0.19071751064810505
2.61916898843301	0.007203144946245383	48.26461216094206	0.18948850558346225
2.633031810501448	0.00784895527505941	48.19090793212864	0.19071751179529037
2.647478754525807	0.006748467656714744	48.21964940796304	0.19071751042178292
2.6624259642159127	0.006791905516464894	48.18063507415182	0.19046059707448976
2.676833878138194	0.006833055202175875	48.15911584204481	0.19071751255047398
2.6900364732986066	0.008413023819170817	48.05801436660764	0.19071751827618932
2.707239192453801	0.007841282093172598	48.07849493762184	0.1902071206785288
2.724268727777175	0.00848220691270525	48.05439753053401	0.1904605998763974
2.7392378275523788	0.007056704058683503	48.14321559176789	0.19046059910042779
2.75191849615802	0.006411437612078723	48.17693704032052	0.19071751490029773
2.7658352778374757	0.007708010760348446	48.065384283005734	0.19071751307288123
2.7860161035279454	0.00899311014729463	47.94882344738526	0.19124190653556472
2.804486439026582	0.012731699745513834	47.99843100688413	0.18047338990783593
3.1598839772188407	0.00803668616992751	47.84392070294428	0.19054388892428056
3.175385787920029	0.010006309125634995	47.60607819186793	0.19946404507623983
3.19348718909135	0.0073582984912822615	47.837360898153534	0.19054388770173822
3.211173527960737	0.008293291309837244	47.630372511174166	0.19926590286313822
3.2284422724511965	0.009298340034839443	47.56717130681807	0.19966378743773971
3.246661910812819	0.009199344884882993	47.6941978477892	0.1905438648352925
3.2650171573148326	0.011396432750422894	47.560655167972044	0.19238373453874952
3.286562761090974	0.00987616171032103	47.77029437132714	0.18411723320870182
3.4444862184114737	0.00838883357920562	47.58085953427906	0.19399972842670196
3.463065104844993	0.005718253415866605	47.421705256168195	0.19874705284018812
3.4784731974399112	0.00883859133142634	47.19212255221134	0.19931968878346304
3.491606084396851	0.004951932351354792	47.41561402347385	0.19874701423128913
3.5047757237110715	0.012029427477002806	47.22801197681641	0.18611020874237752
3.616125019225373	0.007374617541094996	47.445274142871966	0.19109900858294618
3.6533498194362006	0.012899624672303156	47.05658230478464	0.1984232407255432
3.754112893440863	0.021830522490822363	47.02968698892682	0.18509721611092783
3.8852031919714416	0.04460621633649517	46.79004598239921	0.18828586027445934
3.977425893067966	0.00728715380816275	46.71197283097137	0.20106992394864245
4.046594931742544	0.02642202606497814	46.575834086103626	0.20167069749722408
4.088116491746499	0.008308356778041455	46.6626037526342	0.19295607788956923
4.165054524055218	0.027391997504627345	46.237947304433256	0.200021238709518
4.5548054174605985	0.35357944174747047	45.597107027570125	0.2125134563219246