-2.164628487506152	0.4237019557389228	52.314983593236924	0.16463912864359614
-1.6946269118165078	0.14356841075684879	52.304268165998245	0.17057923417177556
-1.4330200184507766	0.11790799616535638	52.31754279284211	0.16217222003468226
-1.2988457997589336	0.028856774469055508	52.61296622573588	0.15958935930775212
-1.2446578920987277	0.025471814164090084	52.17519965318903	0.22903750844267035
-1.1964873441905133	0.022797610512999486	52.49410554514912	0.1681742372863461
-1.1329736989230421	0.03939178673899227	52.35594072813308	0.17032766897182886
-1.0605745840866345	0.03334314531997443	52.378061158650645	0.16815173417286203
-0.9985378493217183	0.02890479079740203	52.36596837729247	0.16202625363607115
-0.9442652010693383	0.025509220169669968	52.27417954043288	0.1720333456780176
-0.8960276496231889	0.022827567243115358	52.22933019136089	0.1680054033568946
-0.8526163206509141	0.020656098780277483	52.192590520629125	0.1687412198001509
-0.8131526805070484	0.018861866280582198	51.96205066996697	0.21334163501148426
-0.7857433029285691	0.00885411764964374	52.26397105322114	0.17096825589775314
-0.7683865848861979	0.008507237754742722	52.294775484936736	0.16539310611868827
-0.7435866197848292	0.016070100800912018	52.088346532064236	0.1710832308671005
-0.6978693107745698	0.028928857857384416	51.8704757000109	0.16860750370358732
-0.6435541897505924	0.025527963283493597	51.758694582052094	0.17029218265880697
-0.5840094132825592	0.033385866246110264	51.45706868939927	0.19392096833409384
-0.5366135464541417	0.014967069890108462	51.652102050913086	0.16316818245866918
-0.517102375929267	0.00476984604207243	51.86688031842169	0.16801512949951725
-0.4938849514605527	0.01808618330989085	51.403059742062716	0.19061241449257918
-0.4675693172372616	0.008511405827728365	51.71857766146012	0.16380018268893515
-0.43479227615211785	0.023678027030184835	51.543382565014994	0.1703921671010023
-0.3898445378659721	0.02134999480653839	51.80240750330232	0.16634122528637058
-0.3622719692610619	0.006678884765297075	52.123809810359724	0.1673385071766943
-0.3426837765395102	0.012768672656399136	51.959036209781836	0.1881388451080956
-0.31486458998145217	0.014970509451589934	52.279697609354656	0.15967357382603495
-0.2915489906816441	0.00851279609314903	52.46438514642026	0.16835833195275088
-0.27212664610723813	0.010853970150774835	52.48594162065138	0.16771174730134764
-0.25614344212575746	0.005230888023253844	52.75315304672837	0.16807824125037474
-0.2458056880113203	0.005107844520441635	52.804450931113095	0.17247774194144547
-0.23570829505943913	0.0049904565211173245	52.69112372213763	0.2074502292315375
-0.22584034677571152	0.004878342946997728	52.88110243287724	0.17065569182996837
-0.21619163997491464	0.0047711560485071795	52.83909319844697	0.17066522972973636
-0.20675265089084527	0.004668578138337941	52.596976334530055	0.19996047351826768
-0.197514449823308	0.004570318125050455	52.7762556508888	0.16334312374433074
-0.1907125175663562	0.0022496476539596638	52.85216150260514	0.1704338074687743
-0.17960747749786032	0.008771410862078484	52.417688757943054	0.1782365372945397
-0.16664572466832706	0.0042567456980946395	52.507290633108816	0.17218899813771169
-0.15613215255947066	0.00623240105979038	52.3976169238197	0.1705051258407279
-0.14182805378368168	0.008040629122914499	52.12532436527184	0.19467458734109513
-0.12603737513432556	0.007753527863492551	52.193237477487685	0.16498127404544435
-0.10337831991951019	0.014718728430663765	51.85899195932522	0.1687254498873644
-0.07489562295968555	0.013784391376452092	51.76171568640601	0.16680621123581343
-0.027598735356445414	0.0046357710128719885	52.12662692029096	0.1722100836594166
-0.01241472101244534	0.01044515157164348	52.05441774504722	0.16616829058588195
0.010826776717236863	0.01272968679251897	52.087413317112464	0.16945859864663526
0.04872729749153337	0.024627951458489457	52.057662358449925	0.17280770765573716
0.0751286649419236	0.0024395140077763393	52.72730527852835	0.166837909646494
0.09538471968636364	0.005820861556222255	52.63202812772809	0.16481321000651453
0.15103474247576076	0.04711129850828141	52.423361839138586	0.16922893960528895
0.38697027993719435	0.15466963245318113	52.076938831841645	0.1601760309973426
0.5415062324204032	0.0216720052225578	52.31383782792364	0.16995071904820985
0.6205450588807533	0.054197783396043434	52.07935728156607	0.17639970489054052
0.672852187204465	0.001231997395161573	53.03594389063128	0.16749070386639378
0.6759213106781385	0.0018349824931463339	52.958562373041794	0.16458421609269785
0.6795758559661729	0.0018196060824338537	52.85644539049318	0.17875787681768038
0.6819952459434344	0.0006031658367834737	53.28956158949536	0.15833420418524416
0.6835005488225401	0.0009016182448453412	52.92249349150612	0.19946967108681002
0.6853000518026495	0.0008978901108823136	53.08728638827234	0.16428609588527243
0.6885798995212724	0.0023763591213408174	52.88033464019324	0.16550154580884482
0.6921298896472388	0.0011785067847927971	53.0565806142597	0.16191112018785855
0.694480529973394	0.001172145290114893	52.83065535186652	0.19935903324061705
0.6968185162393872	0.0011658521033232152	52.98626990020193	0.17180622172874563
0.701457064829814	0.003460398911113223	52.451649763812554	0.2428785254015545
0.7051897432227683	0.0002858987405831295	53.28104093518361	0.16995902205055838
0.7077552396091193	0.0022737186959871786	52.82711879447547	0.16754742509312992
0.7156412222279507	0.0011164023823147142	52.8185043545655	0.17148354373136923
0.719531157641299	0.002766118796551984	52.56507135727212	0.16480015512478222
0.723934548640778	0.001642928590014293	52.59339896643313	0.16559925908344938
0.727208037818666	0.0016305915898963018	52.519612117813665	0.16174675383179887
0.7293767360465253	0.0005408231147909063	52.783405035029666	0.17137976947623002
0.7307266936128693	0.0008087169517430293	52.525520159764625	0.2113468418193887
0.7323411231499184	0.0008057162393962774	52.83884105051977	0.163642604816754
0.7339495734889252	0.0008027377127798286	52.75514607342105	0.1830912616006153
0.7355520884907738	0.0007997811272427156	52.92059205065893	0.16483345178758418
0.7366171565742923	0.00026594071306579515	53.05460078685253	0.17283998581361665
0.7384747629384343	0.0015888338099326505	52.72325245367019	0.16087725857987273
0.7416408615611674	0.0015772929940409124	52.49898182510263	0.17772048751585948
0.744261759042014	0.0010452019655188853	52.82682960179464	0.16436636130917448
0.7458267389604836	0.0005207211793847068	53.049034611085965	0.16471302451271516
0.7468669347878074	0.0005194754719854927	52.884595750821994	0.20230483698724241
0.7479046447668432	0.0005182357109679763	53.10902681738358	0.1684978781246077
0.7499726560408715	0.001547321570254188	52.81331012521689	0.1896127650645503
0.7520308665673556	0.0005133352817916763	53.20562446215418	0.17139921765359253
0.7530563256852258	0.0005121246208663796	53.29950416525379	0.16602498995715778
0.7543347535392502	0.0007659289529654773	53.123632645188266	0.18544858331021807
0.7558639162318697	0.0007632368385582705	53.278408840857196	0.16875567210272094
0.7576411608859379	0.0010134931457561696	53.25392261855022	0.17049435844874208
0.7591587458843849	0.0005049789038106402	53.47098127726732	0.16230879595720837
0.7641794021818247	0.00449257243810933	52.99016300580481	0.16395186214974303
0.7708665127769128	0.002211963631447584	53.133841087940695	0.1709420745588702
0.7827454758194721	0.00956569437446464	52.985149941420836	0.1581644002756321
0.7945409506627903	0.0023273464360883617	53.23527215884393	0.1692500909948687
0.8355939219569124	0.03705493981322474	52.65162887017993	0.1519430169728917
0.8729049174241761	0.0017487977163340076	52.99573533735533	0.1670667229508996
0.9270899516778348	0.0493974490035238	52.22119165661061	0.1652300757976765
0.9816584301885585	0.007714605656795258	53.07809563829738	0.1693879757689648
0.9901961628585025	0.0008899325116017684	53.625036304606	0.17265438519770052
0.9919723906109956	0.0008863001957846062	53.53457408367307	0.19758321913016869
0.9937413832495812	0.0008826974106386326	53.72402340175621	0.1659155257856239
0.9949167213963053	0.0002934372606723538	53.95510234647052	0.17163612715710094
0.9956496956228185	0.0004394136508023983	53.8747656273417	0.16991387206424174
0.9965276349706915	0.00043852626014637976	53.9228664079381	0.16762849715277914
0.9982782070515157	0.0004367621881750358	53.755610150647236	0.1707699268769166
0.9991508541508731	0.00043588546371996694	53.605071103700695	0.1727390870386237
1.000311662653305	0.0007245365973027505	53.458510781998896	0.15351895590921644
1.0013248311820335	0.0002891393164319209	53.378585629623466	0.16702716177390978
1.0020470785353002	0.00043298830043392604	53.34440197140445	0.16781466785871293
1.0034879799512277	0.0010069595973545716	53.242223904599	0.17003525423675575
1.004780716306762	0.00028684762922785343	53.661166540442004	0.16206004289690348
1.0056404077817869	0.000572560744625429	53.41612857631233	0.18243108384743925
1.006498400848024	0.00028571535453286896	53.80047473323016	0.16160545142507005
1.008635996661032	0.0007107812995846077	53.730805561421214	0.16736763886524997
1.0097717603978416	0.00042535493882182493	53.98546900239347	0.16443569429463195
1.0110459542316728	0.0008482176040152659	53.99960475631425	0.16000720981952835
1.0120344154640668	0.00014104820706946442	54.46624699790658	0.1655178497990337
1.0124573543053392	0.00028182182751765284	53.929856735986434	0.2081778347280785
1.0130206324001678	0.00028145654274429896	53.909450830218205	0.1642960956932383
1.0137237044518892	0.00042150189913172883	53.50370784436958	0.16343197518192729
1.0142853438270465	0.00014031905190832152	53.53749347338262	0.16028602511745074
1.0147060969076187	0.0002803663477357138	53.13251999209492	0.1711297762513789
1.0152664678068144	0.00028000482385407885	53.214454539210884	0.16547516823433306
1.015826116798497	0.0002796442309857074	53.11263315357061	0.19117001968508757
1.0162453807197251	0.00013968719763593406	53.490642306194424	0.16142523963781377
1.0166642402777362	0.00027910507979849597	53.235629342531105	0.18428937828008626
1.0170826962517614	0.00013941814153125645	53.601121434816974	0.16591065235372565
1.0177792281657128	0.0005567788743320369	53.30035051756727	0.1774677322239206
1.0186135944012715	0.0002778551090261932	53.660008445364724	0.16440851474087861
1.0191689492714597	0.00027750002837117484	53.75140885424315	0.1665172850834852
1.0200006526003258	0.0005539382111451085	53.69380456886054	0.1695596086053818
1.0208307659990024	0.0002764402105858884	53.95787742135551	0.17136464298728243
1.0223485319694092	0.0012396410891634382	53.37555810983972	0.16032445369365084
1.0239982494830233	0.00041164703411851537	53.205134485889474	0.16651163315551942
1.0245467655455631	0.00013704248336045497	53.284163370217925	0.17044620172127342
1.025094589975346	0.0004106091757795241	53.00314986192895	0.17137902404719396
1.0267339286912993	0.0012271864919738355	53.08435091928179	0.16639258909803015
1.028231239255762	0.00027176951658938	53.673534222419704	0.1686352444823319
1.0294524833223033	0.0009485222922281121	53.569828847961794	0.17311326213883158
1.1335042423248904	0.0017026730087429257	51.78504112346126	0.1686969837975697
1.135767268894939	0.0012218753599393807	52.08311182562947	0.16593403870268358
1.1400051282221109	0.0022941753983825156	51.61546132544296	0.16869698379756984
1.1432569883681174	0.0023050441141134483	51.60106640382593	0.16869698379756973
1.1502468375772974	0.003979314824150343	51.340322756737024	0.1686969837975699
1.1600397736679857	0.005679962878794777	51.16286962415221	0.16869698379756956
1.1719957741479266	0.007216160988781959	51.209913972871085	0.16593403870268383
1.2143762000284073	0.001208254543189823	50.903268309848535	0.14943853711703906
1.2170456130475897	0.0014053912304834192	51.003456341110095	0.1449616605942349
1.2198604498868562	0.0014574960222466086	50.991843714002655	0.14496165233735483
1.2227309720401502	0.0013480395132702177	50.857494251320325	0.14987294667024634
1.2254316609635298	0.0013094804659153057	50.88080679777251	0.14943853118429495
1.2277038145241892	0.001088043199708201	50.944749249337406	0.1498729460796386
1.230233056735713	0.0012886823370419553	50.86351198196766	0.14943853433016982
1.2330657272188679	0.0016894081630429497	50.722150177111786	0.1503232599639691
1.2363052486618098	0.001519056554826361	50.757611987728396	0.14987293409811947
1.239579256709461	0.0015222650125371216	50.757063032051796	0.149872926311184
1.2424928783078697	0.0014685284802154086	50.7692518948706	0.15032326016259584
1.2453293875350695	0.0015352138485894443	50.75669275759716	0.1498729405312068
1.2485240420094919	0.0017019283726637975	50.71370070611798	0.14987293517405392
1.251845614323212	0.0014169411155029483	50.79535541206093	0.14943853687620604
1.2546460879088486	0.0016115459221105978	50.72830086913277	0.14987293711842173
1.2578893109439002	0.0015455034665952648	50.74514195191121	0.14943853004997784
1.2612912741958107	0.001990299534705401	50.62887894783544	0.14943852768882157
1.2650883740265175	0.0014925291631498847	50.74591585050935	0.1498729385669899
1.2678128322006599	0.0013227441755647587	50.80162456608362	0.14943853350539246
1.270831323985753	0.0015797967489075684	50.71720160497853	0.14987293799254714
1.2742301946435532	0.0018624684556924236	50.64201078185836	0.15032326299839077
1.2776026715265039	0.0015783134997144738	50.73484242049329	0.14943852909019234
1.280333636578382	0.0012414280065960875	50.84805901078345	0.1494385219674083
1.2831986512734386	0.0015921021084409977	50.743632942754225	0.14987293590843379
1.2867160779181617	0.0019333283237462722	50.657123098780446	0.1491333554006331
1.2905804775736869	0.0019421966518059371	50.6211063662712	0.14987294005782595
1.2940646462021734	0.0016024946952914963	50.69262813522806	0.1494385294019362
1.2977658805037116	0.001997990576885245	50.57733697047048	0.14987293566594312
1.3019245188645792	0.0020603509362803487	50.546702557634845	0.15032325765657012
1.30562422091522	0.001750522071271057	50.61271272549618	0.1503232615435695
1.3091823918450227	0.001930142352764194	50.571678533833605	0.14987293765636436
1.3136176728561144	0.00229263704472966	50.49711640567942	0.1494385309192261
1.3179418709759807	0.00197005597838139	50.55847999874081	0.1494385303711179
1.3216602961835575	0.0017320061089722435	50.60518858565528	0.1498729375048502
1.325432842748674	0.002337348774132084	50.47581552980061	0.1494385247832679
1.3300384790847735	0.0021431402313002567	50.50895094350393	0.14943853227800255
1.334095505970896	0.002118173716398631	50.50636820529252	0.14987293670709337
1.3383346137577934	0.0021475022258796014	50.50975929444029	0.1494385270755755
1.3429707414095866	0.0021526776247497133	50.49901261290992	0.1498729359839413
1.3472744512354622	0.0024052149820240724	50.45130892207764	0.14943853239745974
1.3536735724463196	0.003534178367381934	50.272689145022696	0.14987293796092666
1.3593716416866204	0.0023803470727582986	50.4443378267474	0.14943853381939814
1.3641440526275248	0.0025424287526783114	50.40576146056739	0.14987293474954316
1.3693728626814188	0.002542976133587494	50.40601223920078	0.14943852980736183
1.375697957395546	0.0036478917112961065	50.22741777518564	0.1507902388577924
1.382590751957417	0.003060146873419779	50.31304364779348	0.14943852838453503
1.3889437753916247	0.0035457142804100495	50.242686239900756	0.14943853019671746
1.395456125291915	0.003383559778682204	50.24575774428026	0.1503232550999243
1.4031751405921515	0.004187893886300582	50.148719990159464	0.14943853081789227
1.412170624326263	0.004464111556469028	50.09731187053943	0.15032325653202197
1.4210963103276806	0.004714256069942419	50.06987476948471	0.14987293519186778
1.4294000669193994	0.0034677198452537665	50.18985931057114	0.15032325336578053
1.4378947034628873	0.004875314330121475	50.01248964137755	0.15229914881426193
1.4471233308123053	0.004544915151014048	50.04593706639606	0.15127464273635458
1.4558224582805865	0.003915387087424257	50.12488258577465	0.14943851860806753
1.464873125589034	0.004663711729740639	50.035388399357416	0.1507902409473478
1.4737049198195928	0.005352984104093399	49.97746208617312	0.1498729417512621
1.4845139754370538	0.004356512140725204	49.87948634217586	0.15629319266938577
1.4932618573095107	0.004515313839346295	50.013627280616234	0.15032325288236628
1.5011012082692512	0.003873075673941688	50.06625737230756	0.15079023500467917
1.5098092155338796	0.004733189147050527	49.98032177689126	0.14987295111961793
1.5196781812946225	0.004770371893717163	49.79698290981166	0.15629318573849613
1.528703764563481	0.004253749150666376	49.83836256335954	0.1562931968416587
1.538362862305518	0.0052369650729487795	49.70670604057749	0.16038171450322322
1.5473227167892742	0.004393936690783301	49.92019481671302	0.152292867093175
1.5569630082928125	0.006152610737045108	49.63640781192894	0.15822860264022645
1.5685590104333234	0.004921436307855202	49.73887183996482	0.1562931978774844
1.5791240576582248	0.004627350596121409	49.75654516944883	0.15723545074340567
1.5892459315675962	0.006297126234641305	49.60850078641991	0.15822860049989948
1.6010092015213624	0.004943237974577938	49.674750509121274	0.16038169864615454
1.6121665895110493	0.006114192212185867	49.564486995960436	0.16154958781648682
1.6235899334341382	0.005115404541798606	49.6304349668996	0.1627841933409353
1.6356190696534256	0.00640602817148283	49.55614906263946	0.15723546670665942
1.6485992952382393	0.007095942544024102	49.486550400529154	0.1592760808941552
1.662206123037597	0.007645657285860229	49.44956676483437	0.15927608737145915
1.6796925981527064	0.008130695122948305	49.41647007998343	0.16038170460963685
1.6943574371758252	0.00749506280398355	49.461302128384965	0.1582285912864171
1.7526310538064525	0.03855975416375522	49.05223683779475	0.16446915022651148
1.8056231361144144	0.024175366190740386	49.17089684399075	0.16634536984417997
1.8528548246605878	0.015306153186686336	49.299508112835014	0.16695751224746747
1.881611565964907	0.015519631801856427	49.26484287483608	0.1655209788334182
1.9131868448609766	0.01887162736300395	49.14045939953984	0.1658060442366314
1.947822034615143	0.012300231348760605	49.27192690873529	0.16664938137026145
1.9756641481318946	0.020188740003896796	49.02917537310538	0.16695750788783556
2.0076304995535468	0.008931364118229118	49.39636102586069	0.16344345718176356
2.040888148200839	0.01737341584965942	49.01549494705986	0.16758651952963774
2.064650586588212	0.013315136124182126	49.11113582793441	0.16758652180908631
2.088157100040454	0.011129526299152202	49.173242955023895	0.1666493685471801
2.1130673817825922	0.011209934134069883	49.174473770374476	0.16446913452992803
2.1371101236155603	0.013257699372317924	49.06178158785524	0.16523959846781178
2.1666057031953754	0.01300646905136738	49.014501531486644	0.16695749213849045
2.1852860439895245	0.00949258290091629	49.13456953342031	0.1672698817957152
2.2056927702205744	0.009622843595716671	49.14069266477869	0.1646876090867124
2.224621919443174	0.00921243163181075	49.11855383906958	0.16695750267043616
2.242395795236031	0.009883456051590961	49.07956634942243	0.16726988794473652
2.262441025984857	0.007947479504990728	49.18934411713628	0.1660454551793346
2.2760210990877363	0.00673988919846424	49.28298040621378	0.1649618312392076
2.2903936448649684	0.00791776399221037	49.24069163389689	0.16276558562744614
2.307950692581958	0.00849872815930827	49.14448854667499	0.1652395819639514
2.3245789744147025	0.009040368651672957	49.07992022645374	0.16664939188486586
2.3386950980982686	0.0050008084122487514	49.34811750064844	0.16634537523800288
2.3504909738436615	0.0064890253200128555	49.23964189473843	0.16634536140854764
2.3668747521374858	0.011325137078319766	49.213369910078406	0.15481136544323604
2.9625091376291595	0.001783642504504634	48.9111774457234	0.1666805868106279
2.966218934620767	0.002063262232600429	48.84927267036916	0.1663607574901341
2.971926455913512	0.003296892841080781	48.70945145025176	0.16668060300243545
2.976979059227715	0.0016293985553127485	49.062572610892616	0.165268108839446
2.980311961470057	0.0022827237048045033	48.89826058434156	0.16604545212844599
2.9855115230823728	0.002537464028646721	48.80196248028564	0.16604544034938562
2.9911508260412765	0.0026902786092514127	48.74245687845264	0.16604544357658388
2.994581192852248	0.0012885244481784166	49.049231510464736	0.1666806025845561
2.997542950920117	0.0019196504903663592	48.881283839738536	0.167004986147791
3.00146872629612	0.0019024122638187854	48.89379870709803	0.1649758971525825
3.0059987544016655	0.0019723108803304263	48.89075471844372	0.16766786401644002
3.00972071468823	0.0019554801429678874	48.92678134391019	0.16604544205107402
3.0131825804064034	0.0015872099243599345	49.02513393721966	0.16604542928897367
3.0165723350966367	0.0020123547761826763	48.87939277788116	0.16700497584663795
3.0204660573103768	0.0018209543470037717	48.887770283208795	0.1666805917884732
3.023404797915151	0.0016364390437415852	48.92481080647555	0.16604542515118098
3.02814242933085	0.002555835475250301	48.656200208177104	0.15806855665070974
3.0456230877508528	0.002373148946529877	48.802521096773944	0.1564417544137969
3.05426072848062	0.0016846614372586863	48.73907387259082	0.16604541487719715
3.0590309239649587	0.002777076795688251	48.680129436162915	0.1663607964654731
3.0633741782914523	0.0016496780084790334	48.94084455880116	0.1660454476905038
3.0660212324391187	0.0014834858159124562	48.97159949816971	0.16668059520371845
3.069386246203135	0.001549501654403621	48.961690561398306	0.1649758893817787
3.073145698231989	0.0016897732343568559	48.898620700494725	0.16604543486239046
3.077556379132142	0.0037254778555421177	48.777192752958335	0.15402614938859432
3.296849198503656	0.0018814206667796456	48.546957152790156	0.16508844818527849
3.299883401317099	0.0014126367442695521	48.64814773149526	0.16604544717585834
3.303269494768794	0.0018537936464395807	48.50485315607899	0.16626359698794227
3.306804111484393	0.0019284706861294745	48.475716143817436	0.16648393330691633
3.3102801703814553	0.0013792205820445775	48.59907305126632	0.16626359452179681
3.312959105949594	0.0012822980404689319	48.62300513982093	0.16604544341612204
3.3157576801418998	0.001493717650342279	48.534454668737716	0.1660454491573217
3.31883935825244	0.0019193793838622694	48.52508421157518	0.1669284926345216
3.322969322115765	0.0016419703261066668	48.67085388001687	0.1648846706049439
3.3275363238012625	0.0026082174350454705	48.329199789445326	0.16692303021811503
3.3313984285007168	0.0015680351852517182	48.448540116516526	0.1669312337312968
3.3345271569411556	0.0020195793982783184	48.48362411664175	0.15795818484307939
3.477760646382049	0.0014824661612083245	48.27429585407286	0.16667511227434934
3.480072433210016	0.0010833762849112461	48.412480647499955	0.16667510583702663
3.482895358615397	0.0014052516727958441	48.32642226199768	0.16487772297498812
3.4848081749720574	0.0007441895935673597	48.610750328341965	0.16487771218609715
3.486518470300366	0.0010674149657650177	48.43455234332228	0.1662533461799309
3.4884916956969834	0.001062576146137556	48.43600007791244	0.16604544204575997
3.491254231810105	0.0014371139447974057	48.29515846199968	0.16688904066453908
3.4943173526963935	0.0018638242667617206	48.345809910671036	0.15719481342610656
3.567102893182507	0.0014777451371130645	48.349322775352235	0.16205356551437966
3.604346987251417	0.0016049494711413226	48.17733518663442	0.1672616859722105
3.607181420585489	0.0015720537420187294	48.18243181536404	0.166645271840899
3.6104397645660935	0.0020506851826869784	48.070593173870364	0.16717059748248084
3.667029141515708	0.0010761762847320167	48.23530234789577	0.16703656124839336
3.669530199788439	0.0011672724415359651	48.195129818831305	0.16724016945417577
3.6714945157939125	0.0010845398586573666	48.221227392432446	0.16744557521639755
3.6734445122963324	0.0009446921750996272	48.28311053876068	0.16683479832443218
3.702487487068547	0.002254098548201935	48.061683501923646	0.16216883439574292
3.7509523070065143	0.0021935002999313143	47.87516513419832	0.17357877405511365
3.753907384665008	0.0013936828169037964	48.15448936228639	0.16630179595402872
3.757973611102358	0.0025708976060003145	48.13749693236255	0.15316318753491778
3.818640828877771	0.0010212766415280254	48.06451818172857	0.1665425683810666
3.8207444626997393	0.0011948870862244882	47.9457074509689	0.16977437789046337
3.8232469308229984	0.0012016754409425287	47.897999849532006	0.1739368330989518
3.8256280462615297	0.0012494264963903426	47.8631344034211	0.17588366085094706
3.829050842370613	0.0021558068969532024	47.86592286737829	0.1599744789108509
3.8771844256430663	0.0010492691509284607	47.902004488416665	0.17391800953408865
3.879532379840592	0.001223540823385476	47.80750003907779	0.17655299677559208
3.8817437019897127	0.000954765560161512	47.9391799153155	0.17525584867411256
3.8834272497841233	0.0008559667787885113	47.99406930796387	0.17576769760897026
3.885287254170109	0.0010180378447804648	47.93265065430991	0.1752558554033739
3.8870168164190018	0.0009196649479634747	47.966239617323424	0.1755106270540485
3.8892638856429143	0.0008797247840479023	47.9662167853109	0.17628885875922157
3.8913807929649327	0.001435674064972231	47.86712439759628	0.1672841826054978
3.9296480684818285	0.0011757030245070665	47.82291458399468	0.17573120289173483
3.931875757324079	0.0008932140282785604	47.94654729853272	0.17597189547549552
3.9337288555270185	0.001058821871028901	47.947026468045706	0.17573120251500657
3.9356460726583062	0.0009487429915238707	47.96806815284096	0.17597188669981936
3.9374122184695297	0.0008084046930411014	48.09200033085053	0.1715539814937347
3.9391471558247124	0.0009411212355695147	48.06136739431823	0.1692885284243129
3.941743405416971	0.0013824812990613177	47.75519071399987	0.1757312171518296
3.944034199065258	0.0012201043732802106	47.75862197498249	0.17597188547569817
3.945956376207218	0.0007617728864573131	47.953683332504305	0.1736363062079515
3.9485460765713993	0.001770171644823224	47.830806153534	0.16065248792028927
3.9836234185105406	0.0008967083554738792	48.02564518652339	0.17577432902790255
3.9855218906639918	0.001108946922663843	47.93007075578081	0.17577432230423354
3.9880831439696225	0.0012892807568256242	47.804175365656135	0.17603710844174555
3.990444560828334	0.001207948499541569	47.78416703775906	0.1757743194491913
3.9936424803982247	0.0017617024627887572	47.879700892607644	0.15703099514890617
4.019082901862221	0.001574517560289042	47.57180716366929	0.17554448848181783
4.022474984392161	0.0016572136757364649	47.55586071668774	0.17642853654547197
4.025099558150444	0.001209678432648826	47.66297762391348	0.17613083450362027
4.027461252160151	0.0009300733394620141	47.76902279098618	0.17627928534673704
4.029269745850649	0.0009092091204525081	47.775925899430405	0.17583613418746621
4.0306536552697025	0.0006437406982445589	48.049413224751774	0.16621660034848415
4.033194153927723	0.0020799208879585924	47.55519396055183	0.1652406198195643
4.132650066158515	0.0018886437228787549	47.339430782583605	0.17684846071853888
4.135887583640932	0.0014358550936017273	47.624303936618254	0.163940908150886
4.169548045836028	0.011561251592601251	47.45858960850106	0.1759610509643369
4.189125030551467	0.001764186599749816	47.39450841097664	0.17204074356585422
4.193957391519791	0.0014804965710584863	47.46285465650868	0.1759727499452497
4.21912616488711	0.002508068704676955	47.17435236292808	0.17691769036136937
4.243656975770605	0.0017323581442424193	47.50534286845498	0.16182126305239994
4.292331792491571	0.022387603500186745	47.25005935046248	0.16534241274360081
4.374204549672816	0.012834705856395229	47.24272995911316	0.1702294922676584
4.402260380295901	0.008481111550374378	46.92187987271643	0.17821260089896618
4.417500605784309	0.0034586383260174916	46.96867805199042	0.16815893620176525
4.454578967743819	0.031921259060329096	47.048153324667396	0.16198020196564905
4.596520816630941	0.016888778360948833	46.94467568437815	0.16528414998177682
4.633047946793913	0.015530860226750865	46.820838919410704	0.16758175907858702
4.667849393517336	0.022453939383260672	46.90804292030468	0.17814078568466088
4.723282872679353	0.019772417335020304	46.773389669578116	0.17673461774869365
4.816504445735537	0.029008022233014664	46.60261568535424	0.17406955666633767
4.8851768881124995	0.03471764229724346	46.50272469643802	0.173105729855282
4.953729735936938	0.03518135701854811	46.727601496846475	0.17608971951175273
5.027029688210218	0.021696021594433415	46.56763138133053	0.18222602865991241
5.103548010096891	0.04794488733212373	46.59278698612481	0.17833360995045217
5.2344189012696605	0.06251695329937644	46.26681164338232	0.19745953441310155