-0.7602802365414492	0.43369212970456783	50.70736310329126	0.2392717767116126
-0.4476604460865895	0.011729763220300685	51.39194570081707	0.23440161118047995
-0.36270178917040996	0.06751940842412987	50.87673134805199	0.24051368949483604
-0.24511951556164613	0.051504639878855674	50.936124303007134	0.23386288221364132
-0.1526839454348562	0.041630419270464715	50.726993821116466	0.2589192446651623
-0.07651147949795423	0.03493319586144836	50.870868795866954	0.23550484294098809
-0.013881430081426505	0.028081712327810208	50.861307368106196	0.23657634173382713
0.019374282543380916	0.00600268807075541	51.1335959561015	0.2394846655509076
0.07559935094529702	0.04746387776698957	50.729205516635545	0.23153310522169313
0.13467765206041282	0.013809045515040249	50.911371424246425	0.2334040154069816
0.18667324159058485	0.03675270648707825	50.71793034856416	0.22931475540664556
0.23065070874327354	0.008610852201182228	50.87217447166283	0.2386823527703426
0.2649346965590824	0.02500845072230509	50.68419862116499	0.2348327072855177
0.29352787471607855	0.00425726731296349	51.01827426971501	0.23995812075043102
0.3243381772302557	0.025777095137364495	50.70261829068164	0.2316038365658179
0.3622878151104618	0.01271859166173989	50.761866175962126	0.23907094275203972
0.38269555915489806	0.007800918739450036	50.875925865580385	0.23756700298961453
0.39127788395455176	0.0008498082045921588	51.32622539903113	0.23927698838316136
0.3996938927431303	0.007501488026094505	50.62438675605456	0.28329186417878854
0.40958244058240145	0.002444204941703776	51.121177956116156	0.23718975558295174
0.41685384113532187	0.004807244518877787	50.960562235590814	0.2394802010613589
0.43796492022561917	0.01602703473604688	50.70145054850886	0.23858112186123195
0.45882519520178466	0.005091803655224148	50.925817286692734	0.23958365796163583
0.4930806233997519	0.009411226288814854	50.84663184829685	0.2340241185852184
0.5291825361335537	0.00866052666580885	50.85179805336375	0.23521031425931369
0.5837548391655599	0.04364494509714947	50.615630638593494	0.22853093644094188
0.6332036900867924	0.0077895989104822755	50.96737642181118	0.23916045126383795
0.6705030970726072	0.028594050549204494	50.82116679538221	0.2350396543712898
0.7073206839664815	0.009030271348884646	51.140031300931255	0.23980743408227756
0.7190640129027631	0.002796615953556034	51.50954678747529	0.23221663419779007
0.7312757183913824	0.009322541535909888	51.126826244509274	0.255670967330649
0.7416389435131397	0.001137839784798183	51.81672169892199	0.2352253178658109
0.7484128780996108	0.005601149759045509	51.53218505952097	0.23540795926434063
0.7594731375378493	0.005460305290884992	51.634132118760526	0.23756925098868717
0.7666931944911101	0.001790093079275394	51.95365124888687	0.23703503259744607
0.7713226742203824	0.0028337799061075924	51.710970578283906	0.26696266653815565
0.776953571588645	0.0027972753551796527	51.96926582428703	0.2356549907446182
0.7828574697483587	0.0031044440944464576	51.96423048904849	0.2409226814031284
0.7873186747505402	0.0013656522364313742	52.19297508723625	0.23860437717916239
0.7930842556756396	0.004379836518075903	51.95936064072309	0.2399873417935842
0.8017567580666581	0.004293242282654876	52.0745863543701	0.23453898467243975
0.8166885721935119	0.0009572634700750095	52.46258039684761	0.23877800640976085
0.827715465419392	0.009954817820839392	51.96581714836592	0.24653022851889722
0.8387726741081819	0.0012130707218329475	52.545125762404936	0.23993910130322813
0.8516212343423305	0.011482651294819011	52.040511809059346	0.2556288454135667
0.8638143871876401	0.0008588269639870662	52.84901558045597	0.23639118777952584
0.8731601998873245	0.008405428505743252	52.32083633999799	0.23901935958372122
0.9008376797132079	0.0031545859885560488	52.49048463746959	0.2394134823088716
0.9356796543734641	0.03056959566146498	52.06294497983151	0.22841142273060305
1.043417371760572	0.07156047782125285	51.62732157615182	0.22892469517064118
1.1135424346203666	0.003866051284321236	51.67787838126195	0.23934357047534577
1.131064640901604	0.013460258963231466	51.37998718058699	0.23037182176357374
1.148650736619425	0.004308698097704953	51.40393317881469	0.23777103213236472
1.1560167055389092	0.003067618815445853	51.41711624578718	0.23866794110866213
1.1606661948822077	0.0015897370428783102	51.500633528686556	0.2398873477508675
1.1712312337814788	0.008886037043328434	51.149609209988725	0.22791903856447146
1.1886493014755306	0.008536700631312986	50.89575784932424	0.23175715639216757
1.1994886597208594	0.002378935400758658	50.94028026287727	0.2398691139251988
1.2068274354397466	0.004938044108095081	50.60101372781417	0.25236284814265353
1.2130205961034468	0.0012810857711937733	50.94227337320724	0.23719599912564965
1.2176081892027706	0.0032958236245710652	50.47352857137465	0.26767220749352777
1.2225239981901694	0.0016293641547413956	50.7772262635083	0.23604018434838137
1.2326818028339188	0.002816079018688112	50.56762365370322	0.2390331597243608
1.2382777531963938	0.002780026184741669	50.46414980729074	0.27115344579693745
1.2424877560683725	0.0014364558874820662	50.87668899879206	0.23897708754652455
1.2453512072043034	0.0014270159999555643	50.647587637553016	0.2943195503076409
1.2480777445696711	0.0012999113755004336	51.08289499215937	0.2320271059031937
1.2513740684933103	0.0019937635711639594	50.86185483287371	0.2511905056601948
1.2545291458321688	0.0011643127622073819	51.15644595132966	0.2370378915929418
1.2595070528679093	0.003798443673402653	51.0604303691573	0.2305168038227144
1.2636311658698909	0.00034204944692802896	51.60905194205225	0.2339095706243769
1.2646561038690627	0.0006824863192985462	51.408154785664266	0.24012823792610632
1.267377504842346	0.0020346691671375822	51.173684796201236	0.24645059281068446
1.271427896566827	0.0020157813009272587	51.30283821662533	0.2398786558157744
1.2749968033983086	0.0015549987203305276	51.42591211478352	0.23515396452415682
1.2779854227269345	0.0014340250350570872	51.42212468604428	0.23597253034034676
1.279746799966377	0.00032958941717618306	51.742742917659875	0.23459592006762967
1.2843367114963309	0.004239617725292833	51.18273909487379	0.2325297440764438
1.2888786206652982	0.00032273156036621825	51.68069627197833	0.23688783819085862
1.2904892880687067	0.001286147451945951	51.14759663773087	0.2731056720008625
1.2924142369019296	0.0006402297002121052	51.48192117448994	0.23918149181374598
1.2956036453658522	0.002542180599067278	51.24294258824872	0.23283486351484792
1.2987698018650669	0.0006309286548827749	51.456050852986664	0.23995841140668683
1.3031639969992703	0.0037474626017910363	51.0304616689182	0.2408809390893663
1.3082349889820541	0.0013375411957778506	51.256159261761304	0.23715805974313184
1.3102878849988087	0.0007168180930092653	51.36861602195606	0.23910422202787512
1.3140603485395626	0.0010151692520182919	51.26932520696053	0.23808062376637878
1.3180015710742814	0.0029173949745353277	51.00708181947135	0.24102056035622965
1.3237975131006072	0.0028787190945470113	51.07355990679329	0.238520565998673
1.329615078473784	0.002938359841814028	51.04107769744349	0.24918189331486187
1.333612384491778	0.001067527580832593	51.35432548783708	0.2395697868327789
1.3383418885560419	0.00038398734041707915	51.62803597189864	0.2393354363311807
1.3403531576495582	0.0016244059343856765	51.357569808334105	0.23707399870846227
1.3436847115855182	0.0017068155749294417	51.24310481426334	0.2542081342284245
1.345860184808961	0.0004717464310215633	51.663286025096184	0.2385913694320768
1.3472731231449098	0.0009404282800985697	51.46048950129115	0.24686300491116608
1.3492435458062624	0.001029788275766528	51.51757814235661	0.23905842595597018
1.350365500639966	0.0000933755779798885	52.083136052159915	0.23579338137290143
1.3517638806527335	0.0013030556351582762	51.503463009905616	0.23777409324609358
1.3543622037084835	0.0012952829105521133	51.4005402147306	0.25740525391148494
1.355840009807428	0.00018441183508864317	52.07597230812037	0.23647266569491357
1.3576802239955712	0.0005508962677221828	51.936615131686075	0.24007298565912863
1.3587806212351192	0.0005495021966077701	51.84097733481393	0.26634777470237686
1.3598782374699394	0.0005481151631056688	52.125674259698336	0.23498351169414838
1.3607908032236549	0.00036464309311403834	52.25155022530457	0.2386099502934427
1.3622469318258799	0.0010902676295342624	52.181590279248454	0.23160773726882325
1.363698194497851	0.0003622101369811321	52.375290451181485	0.23794692783197288
1.3648737848697898	0.000812769743946301	52.249778878225214	0.23665770717123422
1.3665862514896667	0.000899523579632871	52.24398671567283	0.23706135278343096
1.3677540605844802	0.0002691324084078018	52.4756157172622	0.23969815923247131
1.3683815826278503	0.0003583250848525519	52.4860853023351	0.23578075675510454
1.3694552296818223	0.0007148806813025032	52.31198198297634	0.2396821682474581
1.3708826427391427	0.0007125349114320764	52.21368286740036	0.25572356885420017
1.372305379559851	0.000710204485878817	52.275799406206296	0.23661999322117136
1.3737234707815102	0.0007078892544153358	52.0731143163737	0.25124361678476614
1.3754895979314474	0.001057524534582202	52.02485509567051	0.2336782320546181
1.3770729947616247	0.0005268379598548252	52.03326050177254	0.23778470274063335
1.3778625336146226	0.0002629405244298276	52.13296138883229	0.23789049206336507
1.3783880964632158	0.0002626225185745873	51.919194961113	0.27321913363895917
1.378913024155779	0.00026230528094378744	52.1703616500538	0.2363091389896632
1.3798737468108992	0.0006979351061010821	51.75732220134244	0.27696497127879177
1.3812673785469607	0.0006956990529082117	52.16435383071219	0.22879304846534615
1.382656552513942	0.0006934772816970017	51.97544137424322	0.2543255097866283
1.3840412971389071	0.0006912696560715584	52.18286960967768	0.2358071906173376
1.3867976105273359	0.0006868963049269833	52.21831337336445	0.23827061080772768
1.387826734668093	0.0003426352654628618	52.41487555052277	0.23640496464309524
1.3885969806427978	0.00042753515110716724	52.316091125383544	0.24376381146204948
1.3892804986472598	0.00025611768033785435	52.519135768200265	0.23784115120406613
1.3898776958014416	0.0003410209808676018	52.32595615218452	0.26855720273643285
1.3905592028117382	0.0003404862608943193	52.594359956822785	0.2385309679471792
1.3919190167321034	0.0010182655079193522	52.37139611969721	0.2519478244795863
1.3940352389038053	0.0010977587743404857	52.3901242138077	0.23499052876878487
1.3958049309784948	0.0006727967109590405	52.18529364891781	0.23725418479313687
1.3966451136187428	0.00016787409550439732	52.365393011301094	0.23581879499919628
1.3975674411378916	0.000251276929929707	52.22526248582193	0.23682226771836598
1.398069704387821	0.0002509864951641243	52.22111103151901	0.236178839293067
1.3992393981204203	0.0009178085322524251	51.82867226758757	0.23964671704173338
1.400322728593411	0.00016645853602090634	52.132687064717246	0.24003572469396778
1.4014863780768998	0.0009960787420801795	51.650827054676064	0.24607337394920134
1.4028124564451705	0.00033101398188259114	51.92432253516323	0.2380675742675947
1.4038043648003629	0.000660517648153328	51.781706541046006	0.24372118500224918
1.4051233950335296	0.0006585145809675756	51.95029784274323	0.23452789000910595
1.4061100452443247	0.0003285101176554374	52.12071718612969	0.23771565612259735
1.4072583113502066	0.0008191067264315263	52.02217705830327	0.23322933193679454
1.4082401287934911	0.0001634514097056106	52.355534479061156	0.23965205527099473
1.4093012655260826	0.0008967888982959688	52.073187771514654	0.230858721009878
1.4102784803216584	0.00008134302581815131	52.49410838671491	0.2380879854120197
1.4108475086621954	0.0004874191022055369	52.10082944809963	0.23722770464444723
1.4123073097884964	0.0009715669657667747	51.94626344281379	0.23479932749783441
1.4136008042873751	0.0003228925246732981	52.14564883859747	0.2374960646751875
1.4140848731592812	0.00016126641300510217	52.38442784864843	0.23040537576007455
1.414648939105315	0.000402642736407684	51.840031895967684	0.27087206866699026
1.4154534789520765	0.00040189752257406184	52.00644952619374	0.2369876606155511
1.416336754637043	0.000481297160440097	51.683174996315316	0.27690394518252476
1.4172982837961197	0.00048023274596650854	51.8687605658641	0.23646594709457153
1.4182576887893181	0.000479173029166977	51.56621403672976	0.2795759287782509
1.4190555770853055	0.0003188623319570699	51.84539955058838	0.2388383879926834
1.4200111121336625	0.0006363230840690111	51.64387452511235	0.23872052062723037
1.4230231774601183	0.002369719165258856	51.15471832534111	0.24304726438184518
1.42617136482753	0.0007842010850262583	51.39001166220198	0.2341711732073176
1.4270331305479877	0.00007826465463536219	51.846529509090836	0.23922866311027072
1.4280493810199686	0.0009369807504067652	51.4613075435926	0.2358185441008264
1.4292968952534886	0.0003114310426545758	51.75426777201341	0.23937433282151768
1.430851265525114	0.001241273606031207	51.65329225449383	0.23071124859192427
1.4327864376630641	0.0006951121432263765	51.83834670152162	0.23761094138662603
1.434020437779063	0.0005391087813086089	51.99641939398575	0.23568967977989733
1.4348667835248206	0.00030746239900845284	52.20628050284741	0.2341147263922035
1.4354812733784779	0.00030702767341623713	51.99992879700858	0.27277356267558855
1.435941570891973	0.00015335121754748502	52.47667547165264	0.23234904049916674
1.4365545429642332	0.0004594047815748942	51.99435113559431	0.2742932496971048
1.4371666510944716	0.00015291924609901037	52.52119774153611	0.23674835814527495
1.4377778977525262	0.0004581125150567286	52.125527610855265	0.26763676569377226
1.438388285246274	0.00015248970143506803	52.58194803943192	0.24009334880929756
1.4387693423311174	0.00022853394473471326	52.58733915774888	0.23710184006032323
1.4393783389750756	0.0003803561730040978	52.457756572001536	0.23681874349695906
1.4401383858643095	0.00037969110420246234	52.32230926009848	0.23251727926560695
1.440897104984892	0.00037902835710340084	51.964261288121854	0.2556419646414929
1.4415031272660852	0.00022709989380547243	52.03806198382866	0.23935851129801672
1.4420327040263041	0.0003024308506352431	51.87289563274517	0.2345777516386124
1.44263714495179	0.0003020102272094993	51.56924099273455	0.259606781842056
1.4432407456872203	0.000301590772250118	51.560679310631116	0.23948371265827148
1.4440693294305742	0.0005267778607304511	51.323753967851886	0.2362179466737186
1.4447460876624185	0.00015027360728795	51.65687749589286	0.24002425451615164
1.4450465309795013	0.0001501696845127995	51.61031877979541	0.25236601109932544
1.4453467664828805	0.0001500659054140081	51.793445316462716	0.2343114607725114
1.4463959594730271	0.0008982228320528655	51.55447238254233	0.23388799996320023
1.44751728914276	0.00022397666269183454	51.97764620587025	0.23630655072933465
1.4479650116237845	0.00022374587984959652	51.78978475796838	0.27020237878712267
1.448412273014457	0.00022351557210951162	51.933411184060034	0.2363373529089594
1.4489334964318519	0.00029766330438198564	51.766413638065586	0.23839581714663718
1.4498998263053537	0.0006682538766036712	51.444416689634515	0.24007493820494605
1.4512342817476678	0.0006662036862025314	51.29360374640302	0.23813669822994385
1.451973878050857	0.00007389667976298716	51.6638144978622	0.23917356247762028
1.4527859816706732	0.0007375862669195716	51.34175490811752	0.23775030627550786
1.4538909542129934	0.0003678560082259838	51.746612940685736	0.23449516355905525
1.4546260437259328	0.00036723389952352014	51.90868841204483	0.23346420627966036
1.4553598912113626	0.0003666138913834809	51.94769161117643	0.24480219631713065
1.4562388744272003	0.0005122216953945175	52.108080427326954	0.23714245227842345
1.4570430492558764	0.00029215662961063805	52.22118651535424	0.23845302325629864
1.45791863589097	0.0005831364045534253	52.163161590659236	0.23476376973221363
1.4590833455198733	0.0005815746194191672	52.135537858648625	0.23936941005728132
1.459954832476797	0.0002902043797730314	52.3141021872042	0.24000633089019927
1.4605348537276903	0.0002898170565130873	52.32798941856725	0.23987036841436293
1.4619093075279004	0.0010833798535350798	52.08377437220534	0.23350323971450207
1.4632074213980846	0.0002160292893594475	52.235742291114335	0.23941696937390758
1.463855026137527	0.00043141478819831226	52.007191890908906	0.238185625242318
1.464501666700428	0.00021538645665874112	52.0918166142543	0.2371837697806603
1.4660067608494254	0.0012878478223246911	51.572895968745556	0.2336609475633197
1.4675066569186983	0.00021390128889435458	51.764423759047546	0.23672358739178825
1.4685748486291623	0.0008535032930937248	51.24744341176644	0.24667182145513838
1.4698532202554633	0.0004254973246960004	51.480707731330924	0.23958748615221756
1.4719755128516852	0.0016936923758020324	51.54514524724695	0.23390520449361452
1.4746489469644781	0.0009819240391105712	52.01082413140344	0.23950655891092992
1.4757696984912694	0.00013991333249380303	52.67796468309877	0.23366559035557785
1.476189235747301	0.000279556477292262	52.47780813929857	0.24428514752055414
1.4765385408636087	0.00006983292977195155	52.883985084111316	0.238908163883839
1.4780721543340847	0.0014613220723473125	52.10996192108125	0.23799685568180098
1.4801547558776789	0.000623284830616109	52.117025402739166	0.23205681577415152
1.4813304787758192	0.0005525331152125677	51.94099746806012	0.23793674060579992
1.4820205965977147	0.0001379139517320778	52.12878479593029	0.23955975154487358
1.4827096194471032	0.0005507812802932411	51.72132256961595	0.2413307294970937
1.4833288067022785	0.00006874957171022775	52.157947837304825	0.2361074160861096
1.4837411084575667	0.00034342167298517004	51.73558012128805	0.23850272355798435
1.4847701533504583	0.0006852178223495636	51.5740599091168	0.2375442950977623
1.4856600242372409	0.000205144573832361	51.89251615175638	0.23860458921944902
1.4865480754693947	0.000682418400072861	51.866445074454624	0.2285757845740834
1.487298087729545	0.00006812409030237203	52.33049464709754	0.2363046824942735
1.4882507792755395	0.00033987406727008576	52.05210366439981	0.23946573991225528
1.4886584367044904	0.00006791103775000345	52.42939739517347	0.2357652811578813
1.488929996014603	0.00020360576111371859	52.24488648413721	0.23552863087291315
1.4898791183433802	0.0007449246927527869	52.12328622675574	0.23127028134063543
1.4907585928417686	0.0001351668542404896	52.41360406577843	0.23727901804375096
1.4910288423919642	0.00013508276977704622	52.16205726000649	0.27708234622763045
1.4912989239784342	0.00013499878983165892	52.38760833355519	0.23967277336520149
1.4918385836593528	0.0004044934285549983	52.067862355071284	0.24497751703577247
1.4925122167116749	0.00026924433744953877	52.22534648468127	0.23284534371424262
1.4929158955149155	0.00013449709491082667	52.33996798833678	0.23782768590137082
1.4934535509371543	0.00040299207266240335	51.899573619339364	0.2597935211370673
1.4939905415663293	0.00013416469811584588	52.12896741795572	0.23949194585822436
1.4946608475382948	0.0005358311325588046	51.64249868189136	0.2355340598904321
1.49533012047984	0.0001337515054237238	51.717903127639374	0.23827341675446925
1.4955975411842894	0.0001336691720915197	51.63503787546106	0.23765001533408797
1.4961318889669015	0.0004005144275557095	51.20661477119217	0.24145472766096085
1.4967322454497158	0.00019998057508802445	51.28671748895978	0.2372472722733198
1.497132022557738	0.00019979657350880395	51.38325385639924	0.23795209378813664
1.497730999059617	0.00039904241027504186	51.46629504936239	0.23318145948574978
1.4985283514394485	0.00039831045183431456	51.61157889230572	0.24327005001050406
1.4990591076092974	0.00013260798982685655	52.07773928190595	0.2349010314682193
1.4997216419246886	0.000529623380184637	51.980068862503494	0.2341848673226879
1.500383167104998	0.00013220431560279297	52.433408156872176	0.23640859107666015
1.5010436861214003	0.0005280135948849962	52.02335071947962	0.23659192357561692
1.5017032020298675	0.00013180309161288554	52.24090157304299	0.23481475083751696
1.5022959114256684	0.00006581166710664294	52.28265494305119	0.23702785942448742
1.5024933014723536	0.00013156352402975144	52.076977928817065	0.23986779967610022
1.5028220858430013	0.00019719594154634585	51.866255517878294	0.2495425026426578
1.5032162987071032	0.00019701702629537616	51.90094045927299	0.23924108274978245
1.5038069479798581	0.0003934985225639267	51.55653577177283	0.2579988684601135
1.504331296000104	0.0001310079054916546	51.937926534249556	0.23728656582882182
1.5048550117415034	0.0003925500548037523	51.65001338111165	0.24011718022873307
1.5057699973273677	0.0005222985177633173	51.6299339246154	0.23512481972111948
1.5068133400796069	0.0005210452613993834	51.59327444168351	0.2374310493744085
1.5078541823747709	0.0005197980049629563	51.42133179877337	0.2594218384547534
1.5089573508509897	0.000583289236302563	51.52966561239819	0.23914993942527155
1.5097343742739002	0.0001940821900242286	51.86375906561616	0.23096611497900368
1.5104454265848926	0.0005167058328166134	51.60483229400693	0.2337247594792528
1.5112197945626518	0.00025789267115719803	51.703975021152466	0.23893019147122208
1.5119927842621834	0.0005148681256130906	51.63092417466368	0.23136657380142922
1.5127644005332326	0.00025697708266751403	51.67542116023479	0.23942793872360113
1.5135987740656374	0.0005770886582848608	51.54863844624609	0.23631526018150048
1.514495541034842	0.0003199434819922101	51.73160087080935	0.23180592477516798
1.5149432310733078	0.00012784553599066187	51.8501785728526	0.23857355247557896
1.515454312397233	0.00038308552440372197	51.555122631717516	0.2477245308201231
1.5162198083773863	0.0003824108850783505	51.600000301727235	0.23813315615251912
1.5167293905001173	0.0001273208146791972	51.84740201373898	0.23545093187829594
1.5170475759618443	0.0001908413510426087	51.70293494027461	0.23871676287259283
1.5174290910550514	0.00019067377607218458	51.58758665083527	0.25091089061494126
1.5177467644187321	0.0001270229032878823	51.72185020805163	0.2392844517469689
1.5180642056467781	0.00019039513750501613	51.596137228013724	0.2434731166348507
1.5184448290955825	0.00019022834490306764	51.62555578917119	0.23747478692820026
1.5188884685813653	0.0002533788300076672	51.47964699659145	0.24447101392757783
1.5194581970339245	0.0003163083167066162	51.443017456505984	0.23879481447503514
1.5199639957211217	0.00018956408663782027	51.566943978149524	0.2339285553485044
1.5204060868662888	0.00025249495678401586	51.38409209300796	0.2454696864386831
1.5209107833523459	0.00025220170115709085	51.42267180816179	0.23559622189503582
1.52147786680445	0.0003148407521268083	51.37327137084379	0.2332306746189186
1.5224213634538377	0.000628315017818544	51.10168376873216	0.23902549295933406
1.5233628148169225	0.0003134772247141949	51.36529409371036	0.23320939543445712
1.5243647852139461	0.0006880606218865809	51.363693878922916	0.2369866922129213
1.5258010797524468	0.0007481332724698944	51.70095788886076	0.23419807258863162
1.5267352409602841	0.0001866314444972341	52.171231195847085	0.23803919045229313
1.5271704961044335	0.0002485926585606138	52.11312326562326	0.2504201376192187
1.5276673970819878	0.00024830839223759763	52.33763891089078	0.23672389060398483
1.5285356080191002	0.0006195312186111577	52.09102428739608	0.24200911529458552
1.529463912033771	0.00030910419277022257	52.32250217604264	0.2335794310102854
1.530081680833585	0.0003086648153773731	52.11229671593001	0.2629377181397099
1.5308834687762247	0.0004929527819824191	52.13348450143329	0.2335546835851834
1.531745280456938	0.0003689816542640962	52.05068357865367	0.2314270484616927
1.5322369775974942	0.0001228547130121872	52.1481249303302	0.23644891608144455
1.5327894722073259	0.0004294448228480313	51.76381142783386	0.23709131186704555
1.5337087375126846	0.0004897563246933659	51.28070883175714	0.3005898979875678
1.5345038632273789	0.00030553779830703	51.60176321904796	0.23850226467103872
1.5349314056391998	0.0001220948635111341	51.754444333669966	0.24012559397779085
1.5351145092460463	0.00006102169887303811	51.901654365810415	0.23883104030390295
1.5355414512899248	0.00036577043834906816	51.462667331289694	0.2368431827289446
1.5360897606952597	0.00018265446696645555	51.530998015753866	0.23828203012057253
1.5366981825096007	0.0004255971011331065	51.405006067575634	0.2304799840384962
1.537245034330366	0.0001214461537348781	51.58269994213514	0.2344227854268994
1.5374878587805108	0.00012137826926026869	51.5354401833979	0.23767000774023153
1.538336676601415	0.0007268476206941597	51.103065565661396	0.2350020224270593
1.539123381977074	0.00006046101333072015	51.54295727174283	0.2385427386450719
1.5393047270674551	0.00012087154469788596	51.1210873313941	0.280130007687181
1.539485996466531	0.000060410552433345826	51.535875398531694	0.23720098873514797
1.539606800833039	0.0000603937508300085	51.57980898380358	0.2319329995065208
1.539848308623211	0.000060360175670287004	51.50677608998307	0.23670668169779666
1.5400293515067487	0.00012067003754054951	51.329275543109254	0.23692817333358876
1.5402706244992697	0.00012060301772682006	51.331747258935536	0.23734190773917552
1.5408129992705577	0.0004215837323700397	50.91110689893779	0.25200252696047737
1.5412945421879267	0.00006015950601518862	51.38073585199534	0.23950549623420966
1.5417755518416785	0.00006009291229756987	51.349680724858416	0.2382750503291332
1.5421959985987965	0.00012006952726707049	51.182187092779074	0.23721145957761647
1.5424360712364087	0.00012000317265375786	51.23470237919574	0.23408117133287543
1.542915818869551	0.00035961204951183185	50.92120001424944	0.25321889147160365
1.5435147591167877	0.00023941096429623914	51.23395620504981	0.23906075704284374
1.5438737270941671	0.00011960657994514344	51.53620103495369	0.23146804267323745
1.544351890134625	0.0003584248927283356	51.33430738001459	0.2366945153208414
1.5448891949838401	0.00017899086359151627	51.56097687274461	0.23863411761792366
1.545425835876514	0.0003575396561908322	51.53182793993016	0.23763309220736759
1.545961814481077	0.00017854933783867412	51.76384619712613	0.23887424634173662
1.5463187664391507	0.00017840264624139146	51.852281124043024	0.23820947244223573
1.546913035120637	0.0004157036220717955	51.78051218892158	0.23747634314000238
1.5474471826133316	0.00011862647261134187	52.2286478033529	0.23221774318945024
1.547802916313516	0.00023705868921626813	52.02958644513614	0.2397290347135903
1.5481583588681591	0.00011843237552613414	52.06613172634084	0.23815602130080388
1.5484543388789747	0.000177527533636142	51.933622040164664	0.23531386032255358
1.5489865952102644	0.0003546201905727082	51.6420471673486	0.23357412816207143
1.5495182000249579	0.0001770931889283893	51.584539049333564	0.23780309069325897
1.5499312209519158	0.00023589980074844517	51.513542523379826	0.25020182797753354
1.5504027645004141	0.00023564380702356308	51.85635533225671	0.23534894612339743
1.5511091211904358	0.0004705217130283769	52.0371497471631	0.233617466500408
1.551814330894432	0.00023487914866979106	52.267488663605704	0.23909068728272515
1.5525183973094907	0.0004689973549266683	52.06592901450472	0.23029503187619485
1.5532798500791607	0.00029260986107494446	51.91641257807357	0.23680218480385118
1.5536308401256043	0.0000584746947741553	52.19741120384736	0.2372957007631378
1.5543903465757425	0.0007004702633350959	51.46684683411816	0.240611004061268
1.555265052966626	0.00017476521896175892	51.587315607066806	0.2393178325174498
1.5557308436363235	0.00029096313297710994	51.374182633187395	0.24610570711525176
1.5563123804132242	0.00029057378304595303	51.43610339751477	0.23994259461131387
1.556893139496938	0.0002901854737562526	51.311708315512746	0.263217731743069
1.557357188218211	0.00017392534367252277	51.651478009693506	0.23625960038540975
1.55793655276007	0.00040528477656308977	51.31529481999639	0.2562347314097673
1.558399488567785	0.00005783614197064121	51.94676904450454	0.23232191450881234
1.558746366798856	0.00028894982862375207	51.515891346478405	0.24215896767335188
1.5593238823363667	0.00028856584466904777	51.67513434600156	0.23087062539951708
1.5601311160178906	0.0005184539613112396	51.537156441220354	0.2346127044963963
1.5611667880658633	0.000517219065243232	51.50021862001493	0.24272743073731293
1.5619132403909566	0.0002294803769650754	51.766130981831026	0.23864036779668438
1.562543853407551	0.0004010079570907553	51.642971543298984	0.2398494998334766
1.563116344386244	0.00017163415413123907	51.92147418676119	0.2353821678366271
1.5640878505081512	0.0007991696619423787	51.65577034749157	0.23421251360547365
1.5652849536287263	0.00039848491924846186	51.90008968104905	0.23475403435347086
1.5664787660604405	0.0007947820924789238	51.748163161502426	0.2440886514354482
1.5675560616425752	0.00028314750973014907	52.12064276053089	0.23645942226406397
1.5681219878083166	0.00028277878244411614	51.98124913208709	0.2560987816693222
1.568687177411837	0.00028241101429904246	52.09059469926923	0.23713658164991983
1.5693644355060719	0.00039475933453759566	51.94255460916179	0.2411526093025842
1.5701532373887082	0.00039404299042796717	51.97424719689288	0.2329340981339198
1.5709406092045128	0.00039332924139372417	51.93470447834274	0.23509442035442077
1.5721189967871578	0.0007845269058353671	51.75734727964833	0.23255456913646066
1.5731824088752022	0.00027950295203355116	51.85468194632318	0.23751579574167572
1.5737968804893199	0.00033492932452222656	51.77298454566318	0.2393265761613083
1.5748005078934382	0.0006683124348632042	51.52397740709884	0.24400656886089678
1.5758018213237768	0.0003333866712003394	51.65866430783341	0.23943204809576468
1.5775762536680036	0.001438784988533827	51.1713830044767	0.2459645131395573
1.5804443323762962	0.0014293145649971076	51.197281074467725	0.2379081863594275
1.5832935945030187	0.0014199679993396146	51.110749571036145	0.2690893203194796
1.5856899935287148	0.000977645296629074	51.47921993731088	0.23880409479134418
1.5870998569286292	0.00043310074795637035	51.73284964293629	0.23757748217656366
1.5886670161759189	0.0011327943708873934	51.28029353403345	0.297111013410034
1.5909803752603398	0.0011804323671866606	51.684483608577764	0.23833091209389703
1.5922127135053392	0.000053503980135249633	52.51706665818667	0.23456579854206722
1.5967369048305433	0.004447758362717857	51.83149784923983	0.24068532620228691
1.6018952009896545	0.000732540496331279	52.65009680530594	0.23988581938377837
1.6080259933575016	0.005365449969636224	52.62336054782829	0.23558727941085134
1.614833938257204	0.0014728647329780018	52.80459828975968	0.23958087511853746
1.6174164549844154	0.001110721118999514	52.850824241961725	0.23819296034654427
1.6193810105151822	0.0008544107709244174	52.876320137606434	0.23892353996813667
1.6207359001913688	0.0005010290456292716	52.97695146485632	0.23901782370322994
1.624527124715038	0.003278050309059997	52.535486787750386	0.2388210381421632
1.6310342323997342	0.003229300849484704	52.36674255347687	0.230268113644301
1.637445280498007	0.0031819800961421884	51.825936312575806	0.2431271769221499
1.6411418142075282	0.0005258352238899387	52.013753112096	0.2372342531950127
1.6480655957241295	0.0063513636103909666	51.11449337590296	0.23333446519526865
1.6550659431037746	0.0006944230367010004	51.727144787612474	0.23956691663537893
1.6585242523212624	0.002755661075569825	51.23127292810997	0.3037933061928829
1.6640008974055758	0.0027211291621962058	51.73091289703164	0.2356568850265626
1.6694093387648676	0.0026874519947458746	51.75714765504422	0.2547354750753957
1.6724889637289229	0.0004002693623856764	52.438897599495306	0.2332866226236718
1.6738654855332253	0.0009753399177913777	52.226918706961456	0.23884635916091526
1.678758847236916	0.0039014851937376983	51.89741341513667	0.25018194675671857
1.682773232460641	0.00013030072313615273	52.722869280974564	0.2370994543616388
1.6839876729540482	0.001082807211231095	52.27804295531182	0.23565781189837182
1.6937522745688147	0.0085969136985856	51.88203807458715	0.22937070533280976
1.7023897702440127	0.00012454614457826292	52.692535233837916	0.23511997696466622
1.7115910511504326	0.00898255791960054	51.46513338856015	0.2842778694992102
1.729194531970053	0.008625743615697184	51.816362103204966	0.22746045398198406
1.7544038043820769	0.01635226699020766	52.03785439838359	0.23342499500760164
1.8153319277369806	0.042635474507168675	52.392473669674295	0.22851124569495396
1.332682070899791	0.0018254502425827175	51.27881438311717	0.23699074055337468
1.335992910799348	0.0017000755012737078	51.314317258783255	0.23707553580966012
1.339221692216443	0.0014146972724911255	51.413263006626025	0.23707553580966026
1.3424205713400972	0.00193291864397247	51.3019957369298	0.23707553580966031
1.346029577892815	0.0017828291733881093	51.363105592880125	0.23707553580966026
1.3499965813776633	0.001762450162907686	51.341694462225824	0.23707553580966043
1.353253877732771	0.0016956445006647935	51.33199758424406	0.23707553580966037
1.3561104552716579	0.0013772032837227916	51.400199128428596	0.23707553580966012
1.3592639965917197	0.001660134322507933	51.32679235674517	0.23707553580966007
1.3629261033702345	0.0019448419226007084	51.274363612540924	0.23707553580966026
1.3661368028846792	0.0013254202375176714	51.455350627285114	0.23707553580966012
1.3688324040517181	0.0014089960586366026	51.44336562187765	0.2369907405533745
1.373045139148013	0.002501186430431894	51.36374904629331	0.2351961420238696
1.4069264463457762	0.00102876476932537	51.35537750305448	0.22015985484622094
1.4090851671487439	0.001062408088571455	51.30085219448835	0.22085050854378094
1.4111682744057923	0.001018765560352488	51.38853039272353	0.22003089935096953
1.413217199987789	0.0010988047092970114	51.3206891690309	0.2206847116885971
1.4153529929127227	0.0010069862612163037	51.49466565747098	0.21915737675880392
1.417378315184616	0.0010803245788584773	51.337723506125585	0.22068471328278985
1.419533607402819	0.0009993299929200886	51.35644783417821	0.22081670543998624
1.4214682310456044	0.00120496424593484	51.35456233281266	0.22095211683191793
1.4250838859196926	0.002016518855367005	51.3211844898625	0.22106358457584804
1.4289074318388777	0.0021001491620015315	51.29510674036148	0.22093424198021805
1.432492846637361	0.0015669921467435029	51.40416500965119	0.22119611621978963
1.4360948950130847	0.0017897434989879951	51.33863448417033	0.22106358061034873
1.4396787164451132	0.0015317755663137621	51.4079066015552	0.2208079760457229
1.4423916922451383	0.0014844639871623465	51.415517212103225	0.22093424213824012
1.4459578549321161	0.0018357225089937665	51.31679688904545	0.22106359048919033
1.4488404666674102	0.001244871325466492	51.493082860671265	0.2206847093778785
1.4516042372884308	0.0015032289140391503	51.39372357279353	0.22080798024231424
1.4545232060716957	0.0014711200764782452	51.388301129968575	0.22080798316610858
1.4574701182468108	0.0015578533222390207	51.34799589779719	0.22080797594398094
1.4611285726702228	0.001874001762887954	51.25633295434933	0.221196121187923
1.4644729475372533	0.0014808798143808237	51.36687090257161	0.2208079802322932
1.467296269703505	0.001355364589307302	51.41265295871098	0.22068470279850078
1.4700978123086794	0.0014210696633472379	51.39493898552129	0.22093423508509874
1.4725784719876311	0.0012843632448458061	51.45339912216433	0.2208079752510059
1.475202679493841	0.0013554299994077248	51.44221912677805	0.2208079743733573
1.477762382761885	0.0011733736362873669	51.50759832019472	0.22093423923423647
1.480365928821854	0.0014190141819570394	51.409209153477526	0.22080797843357652
1.4831362652956992	0.001134870958768445	51.47228065470467	0.2213319228271581
1.4854000966512926	0.0011973931124986262	51.44630533457654	0.22080797547005418
1.4878461406852757	0.0013709692485391932	51.383074906701516	0.22106358524223385
1.4908396853257497	0.0014781114460513647	51.37248140693317	0.22080797916179076
1.4937624016829663	0.0014111474862673562	51.39761538254776	0.22119611246955492
1.496262036649385	0.001217866363665388	51.478596352068315	0.221063583576718
1.498548266505947	0.0010040282220894147	51.55236832967984	0.22080797585149184
1.5006045528571081	0.001067005793461149	51.528158053649534	0.22093423878586432
1.5025623668375427	0.0009882138072415014	51.54683306757048	0.2209342394600054
1.5050348932371218	0.0013586417090621695	51.39816925539746	0.22068470652584146
1.507538940430213	0.0011021217313840156	51.48035633987366	0.22106358322460506
1.510206384353626	0.001542892967693667	51.33872977637371	0.22093423444458743
1.5130726636220468	0.0014878045511885498	51.34604877681949	0.22133192647753538
1.5158180912216688	0.0012663134612433695	51.41299865840359	0.22093423461469947
1.5180895909211722	0.0010249005812473994	51.49007030914693	0.2208079725593908
1.520298763201951	0.0010702118194421796	51.453804156164196	0.22080797459780235
1.5224025135822497	0.0011859960713167979	51.39829394933303	0.2206847074948059
1.524983598686306	0.001194583876829215	51.39672573645011	0.22080797671613764
1.5272916681302453	0.0011354408664924075	51.423376714751136	0.22080798204525387
1.5294299092223254	0.0011020427275856592	51.443902697104825	0.2206847073268139
1.531551521885318	0.0011135913701070786	51.43867978932969	0.2210635842934796
1.5336842490016673	0.0008953862676950592	51.54767876257184	0.22068470664751846
1.535623741825344	0.001016344413750347	51.49280348341004	0.22080797374054267
1.5376941528014023	0.0011737770673484586	51.449603547963676	0.2207105902816985
1.5397969994963336	0.0008587249457999162	51.595135138536605	0.2209342361697444
1.5417034342763465	0.0009601436991363572	51.561784430318625	0.2210635814554335
1.5434399367126077	0.0008620279731221845	51.631229296936276	0.22080797858034243
1.5452529906321826	0.0008778111975766296	51.64425394495664	0.22068470809428437
1.547008042708475	0.0009024732728058658	51.596311869943584	0.22093423559622036
1.5487205485809339	0.0009122280618171945	51.56204914130023	0.22080797667376081
1.5505029015617682	0.0008186734427469334	51.57898201720052	0.2206847092704896
1.5523219602405973	0.0009809411873312743	51.46471799891192	0.2206847114419165
1.5541947545803332	0.0009738002723972625	51.465398625465745	0.2206847056759925
1.55624554327539	0.0009822905478077805	51.462940576088144	0.22068470698835124
1.5580899548892315	0.000901440163605041	51.49830081402626	0.2208079798657525
1.560119594654175	0.0011607916075197843	51.365494006035945	0.22133192546871028
1.5622257949153013	0.0009975214817657687	51.42452261342582	0.22106358338698268
1.5643988444569326	0.0011023498867512103	51.37565101500768	0.22068470886479077
1.5667199721950853	0.0012212989722074513	51.31780024391509	0.22080797403002966
1.5692290683423975	0.0011987501367699662	51.325378498314514	0.22133192637236246
1.5714881153695308	0.0011139641114616668	51.383126652317614	0.22080797452695056
1.5737438467465754	0.0011179631319963256	51.386553494260625	0.22093423737272963
1.5758796045837	0.0011097010247609455	51.380990242546495	0.22106358954950645
1.5784441905776267	0.0013213155911028834	51.305379390940004	0.22080797408978023
1.5809388134883795	0.0011792154555695477	51.338430712322854	0.22119610804217416
1.5831351845573267	0.0011978521622725443	51.34455561215512	0.22093423997341757
1.5857035717151486	0.0012953395187014689	51.32130476758155	0.22080797078861056
1.588367531558374	0.0011970020677651617	51.35541976679655	0.22106357866934317
1.5906851668473148	0.0012322429062909456	51.32832881980742	0.22068470829655643
1.592915721598315	0.0010950575482788444	51.34891476780183	0.2209342349997608
1.5953447514033372	0.0013186918115962018	51.26581535044725	0.22093423354804942
1.598325129793023	0.0015035522812213988	51.220779245840546	0.22106358555102462
1.6008002435101627	0.0010268342140504945	51.40125932789606	0.22093424152271215
1.6028490715530692	0.0009397714285681608	51.446722444130735	0.22080797907524324
1.604615377690311	0.0009528562990442146	51.44303711274708	0.2208079779969173
1.606905026142058	0.0012232773165734997	51.3368696061852	0.22080797948859807
1.6094167175952996	0.0013705008191451393	51.2931135448739	0.22068470700711812
1.6119139664611337	0.0011670665547539923	51.35538655051432	0.2206847055091311
1.6144452327901324	0.001349640482071697	51.28109125217891	0.22080797915226827
1.6169315060146272	0.0010778450647471727	51.368383756587846	0.22093423680449056
1.619288020549627	0.0012944581568905377	51.2742401831737	0.2210635882193304
1.6218042819879717	0.0014231748305055692	51.225162711539454	0.22106358182531055
1.6243284095340678	0.0010323130716117248	51.3686064424296	0.22068470928528303
1.6269293390536523	0.001441054245870353	51.20753059798522	0.22093423474833462
1.629534424321724	0.0012421810526487935	51.28632540657106	0.22106358567950082
1.6319897385539308	0.001139976634790338	51.34385449263671	0.22093423641289767
1.6347855022838704	0.0013752015862702862	51.26833229602041	0.2211961137985321
1.6370473507281673	0.0012293219767645215	51.30400920733484	0.22071059355579578
1.6393958827159452	0.0011494985789605994	51.29362014995894	0.2209342420126932
1.6416959776314641	0.0010873296021443673	51.288628800757635	0.2210872241914799
1.6440575604260133	0.0012606826288950484	51.20286997904524	0.22106357988978012
1.6464087323106091	0.0011806742186823795	51.21336978272639	0.22106358023302494
1.6491299081820614	0.001377453671921549	51.13385845420619	0.2208331478590869
1.6517665057682462	0.0014507503597930335	51.108102530038266	0.22119611899608646
1.6546421383274268	0.00127551036762951	51.17560914528408	0.2211961090866076
1.6569483734565655	0.0009841205702343953	51.29039201043177	0.22080798005257177
1.6584369809433244	0.0006144062338185868	51.26061092934804	0.22068470282222538
1.6596342824851713	0.0006276031119511142	51.27354244683157	0.220684707342119
1.6609265032122211	0.0006257384868354157	51.274283159437715	0.22109104435518517
1.662121525330904	0.0006171867211122597	51.314223487434894	0.22038518628111728
1.6633382506906949	0.0005734452236876784	51.30457519794562	0.2209853023563935
1.664553841505568	0.00057976892220808	51.28966729420275	0.22095211386380903
1.665718610177192	0.000647105102274192	51.21469932642074	0.22123358591001785
1.666920808641812	0.0005732390743589779	51.350986075147176	0.2194743685438934
1.6681331654207017	0.0005929793496961939	51.21417108293385	0.22068471090900754
1.6692883865749222	0.0006014848756674581	51.20330643949994	0.22095211403710335
1.670536604347745	0.0006343815500091217	51.19224429655178	0.22109103993438511
1.671756743372228	0.0005791424681228355	51.25719765163759	0.2206847019479706
1.6729134864476412	0.0005587188335004391	51.30053986285695	0.2201598601585138
1.674018409630058	0.0005794581714255847	51.22898583930353	0.22095211351390584
1.675239867814549	0.0005899839559390269	51.2123187421148	0.22081671382206935
1.6763609359222045	0.0005587092167595754	51.24524703785898	0.22098530874166458
1.6775252797415265	0.0005923826058079369	51.22721061410196	0.22095211591021138
1.6786514335109692	0.0005535779167284448	51.31792381943245	0.21992810583007968
1.67992990435837	0.0006393884311980369	51.180708856063575	0.22081670686978383
1.6810825514934349	0.0006703959417745121	51.14195186477712	0.22095211416940966
1.6824212779220473	0.0006302974179229354	51.182413747957966	0.22081671474764503
1.6838685478162843	0.0007538405659364326	51.117067944158514	0.22068470494003406
1.6852548724585956	0.0006283576756668486	51.18554031371565	0.2208167056174578
1.6865076199554387	0.0005468836060217045	51.22652253610581	0.22071907491845938
1.6874990596418136	0.0005671183179540803	51.19470064960468	0.22095211539897394
1.688631817721992	0.0005677836263208717	51.026153869498216	0.22468607054911888
1.6897958198089365	0.0005395533218227181	51.2437986557526	0.22095211685638105
1.6909119542006636	0.0006351453426864854	51.17840782852191	0.22068470839240265
1.6921803907308086	0.0005907901055446467	51.193742371024136	0.22109104621075207
1.693288301661258	0.0005755066420511945	51.21823613850226	0.2206847112505012
1.694575188867025	0.0006900440330011762	51.151097559437105	0.2206846997526974
1.695988902263431	0.0006330301310240937	51.19432396793109	0.22095211933787381
1.697097658370542	0.0006303654539036104	51.1548727894026	0.2208167107802346
1.6983607531508973	0.0005478728105094836	51.185273911915196	0.22041118888731667
1.6996473418058575	0.0006747206290150757	51.09619489422825	0.22068470679648744
1.700815563458399	0.0006041589902906163	51.18273170369747	0.2208167076979823
1.7020595974958512	0.000567115944359031	51.06717645175377	0.22378116905262527
1.7032379310539274	0.0007002410670385875	51.11447687280802	0.22081671384262702
1.7046237694069037	0.0006154053999389873	51.14042867258242	0.22081670979634932
1.7057663409211208	0.000520072451462012	51.20427045062174	0.2205908959743513
1.7068997514362207	0.0006851172380725833	51.08276537752286	0.22068470837979526
1.7083005934256636	0.0006368374630903743	51.11619264066941	0.22081671086228047
1.709611195280901	0.0007053516140139496	51.076646219556615	0.22085051003763032
1.7109626305485808	0.000627857875024149	51.125618645341845	0.2206847069064689
1.7122916130574173	0.0006401423480956241	51.11462580570141	0.2208167062390677
1.713594289821553	0.0007252098233366208	51.058645401429914	0.22109104071671437
1.7149434894292108	0.0005495305298580316	51.192531086078226	0.22068471074940482
1.716063288467946	0.0006537156475921173	51.112805997200624	0.22081670726646427
1.7173206235505227	0.0006257527667247681	51.133299088374244	0.2206847031064291
1.7185103295198956	0.0005610367939182995	51.04383267152935	0.2230153794064934
1.7196668641638535	0.0006951919367939445	51.02493728996204	0.22171770345414718
1.721164377892166	0.000634154550530693	51.12366274335998	0.22095212282162718
1.7223872289773303	0.000608583193099773	51.155807031844134	0.2208167113943794
1.7234010109178448	0.0004964111395575257	51.24567276283103	0.22109103349618822
1.7246254779856725	0.0006705362280307412	51.1040078559589	0.22068470473324567
1.726056880721532	0.0006702955038676234	51.06120519133982	0.2208167158811183
1.7272640920371902	0.0006037476210142969	51.09268704632963	0.22095211468976853
1.7284484085858511	0.0005405246883819657	50.99184397807993	0.22378116879848342
1.7294949629832401	0.0005918784672203549	50.96312403648397	0.22407149269735097
1.7307510085226427	0.0006241986598502007	51.11464449853567	0.2209521214447237
1.7320480252949895	0.00062912288568982	51.116977215696096	0.22068471018152247
1.7332619206079007	0.0005858002003992492	51.15403527393395	0.2208167144420176
1.7345090619769814	0.0007181018128868448	51.092444292882696	0.220684713315293
1.7358583446644476	0.0006217055557332086	51.155943626702815	0.2207190784362203
1.7370214028138014	0.0005405010146023488	51.03313599294209	0.22301537767313495
1.7381488568638264	0.0006040974935025447	51.07367824171516	0.22081670928458016
1.7392085569666857	0.0004901097862800824	50.98527587592276	0.2240714956321966
1.7402504581293363	0.0005326922534832837	50.999372056651026	0.2228427130603423
1.7412538036198466	0.0005352591655706208	50.95771496154339	0.22385547786914972
1.742658009929145	0.0006489405583704297	50.87452474516513	0.22378116889306826
1.7438294407343915	0.0007151194285970788	50.83731780774578	0.22378116885758256
1.7451313068364502	0.0004985209054200258	51.01573554982844	0.22378117166926445
1.7463017227242208	0.0006932366709431037	51.0590508832876	0.22095212380473464
1.7476149150668476	0.0006228710218826653	51.10738131766635	0.2208167229615185
1.7488271654319347	0.0005045554621135824	51.00474006756167	0.22407149265086
1.7498518539906533	0.000569427425690049	50.93755868705394	0.2240715023814283
1.750916827929506	0.000546685152787962	51.021600709300486	0.2225169376819845
1.7520069725595535	0.0005110588549020756	50.986532342315286	0.22378116415531668
1.752990941501149	0.0004748003056434573	51.01773680137937	0.22378116295725328
1.7540464118888486	0.0005344663829878718	50.96720100639311	0.22378117104542972
1.7550349702390982	0.00050566923467887	50.9815488672582	0.22437294282649276
1.756061643397723	0.0005154819758760081	50.96342363377009	0.2243729421936167
1.7571389658676675	0.0006066153210112795	50.99930205075724	0.22184790931477183
1.7584636286939062	0.0007634852332077782	50.778865746440424	0.22407149329450535
1.7599006508803021	0.0006391363034143191	50.84759491330439	0.22407149719712913
1.7611027076525736	0.0004932135556692894	50.974668389750576	0.22364871600572517
1.76210610758752	0.0005273528039739811	50.953781290465514	0.22378116666237627
1.7632154772077868	0.00046555718845347035	51.03281459859583	0.22378116346071067
1.7642050114202035	0.0005653188211687935	50.946379101627016	0.2237811706844778
1.7652318127041409	0.0005352457892312456	50.93552998271433	0.22437293988207635
1.7663153205672337	0.0005670576344059967	50.9823397241552	0.22241729171870955
1.7675748149855828	0.0006529521772073504	51.02264770966899	0.22109104026568693
1.7688662919395957	0.0005753141270439711	50.92529653006166	0.2237811678250012
1.769864373979603	0.0005011336231595537	51.019516090357996	0.22301537420997145
1.770998439472605	0.0006176936702619845	50.88847899921895	0.22378117616819185
1.7720941933735062	0.0005365785531115382	50.94870658892658	0.22378117531961536
1.7732859357433646	0.0006100409252094831	51.06437124204995	0.22068470862830689
1.7744568334010409	0.0005908146450385552	50.89464040472927	0.22378117377673393
1.7757034900163342	0.000637337882613494	51.01784312661548	0.22068470440890078
1.7768591532419395	0.0004931269785981294	50.9848557755306	0.22378117003839518
1.7778809265046207	0.0005713459929192659	51.12901943487741	0.22081670541848272
1.7789229270854454	0.00046120260842738705	51.02912396558422	0.22437295023031822
1.7800041010188346	0.0006406061049576069	51.01712450654828	0.22081671602845845
1.7811622434401788	0.0005376110283538175	50.98072150297163	0.22236310472206333
1.782244772393656	0.0004810046060331097	50.984252324315264	0.22378116210641652
1.7831229910012851	0.000497269284616406	51.00937431237622	0.22338231159345653
1.7841645414548237	0.000480602558872858	51.022400069658524	0.2237811726445407
1.785088653018049	0.0004426901521136869	51.05754199685423	0.22407150097041154
1.786089557085126	0.0006017340401866562	51.10353848476491	0.22068471377505822
1.787364763002822	0.0005820474943856783	51.04624706514562	0.2215918593901867
1.788413230137909	0.00048188345270227357	50.97199755576273	0.22468607676145064
1.7893521426245305	0.0004731968717627879	50.97979325926398	0.2235774872901697
1.790392438527594	0.0006017342372896974	50.99990440309223	0.22109104223789877
1.791543529398556	0.000540972585156855	51.05751687207501	0.22068470609451998
1.7926882052183983	0.0005951895646388348	51.03107709300852	0.22068471017830138
1.7937895101457313	0.0004641820903357001	50.95985378632237	0.22407149766044546
1.7947168834851377	0.0004548007952507381	50.96280370347327	0.22407150070528836
1.7957059131716506	0.0005600915453024345	51.05448512896203	0.22068470558450165
1.7968430248704528	0.0005569569419642088	51.070157979875646	0.2206847085832384
1.7978922090441447	0.0004723127421343097	50.97511547158538	0.2240714906001142
1.798855756922995	0.000539420878812233	51.088407934437924	0.22068470993050085
1.799938235462653	0.0005364198712375653	50.909657439974424	0.22378116892001904
1.8009088410686886	0.00045332589721593385	50.97587078145401	0.2237811661005007
1.8018954406002647	0.0004993427473668486	51.11243175113982	0.2206847072143382
1.803072458147664	0.0006354533221686044	50.851151434221606	0.22378116990617392
1.8041444903206547	0.0005025111981486616	50.92990928729289	0.22534970952529718
1.805158181922272	0.0004603805272969231	50.96582430101947	0.22378116325836986
1.806149897871776	0.0005149077919615946	50.884095225410434	0.22407149741050608
1.8070904243909016	0.0004330548521945217	50.973323693135065	0.22407149231522613
1.8078970652184347	0.0004257390002725361	51.005046135415576	0.223781168990516
1.8087558339246392	0.00043220980079640295	51.006276116276645	0.22378116536633935
1.8097328930476797	0.0005739039012776047	51.009020860239566	0.22131117822489552
1.8107740739497649	0.00045123100924673496	50.96910561356812	0.22407149452851713
1.8117401532768826	0.0005260732931803694	51.08584296835486	0.22081670893124947
1.8126734945352876	0.0004218874483552473	51.01289054574036	0.22437294712526565
1.8136498225454756	0.0005277817385288785	51.10517568035715	0.22068470695456704
1.8146768577739496	0.0004455913444783726	50.99052374904727	0.22378116487168928
1.8155511314109622	0.00046069146287684075	50.95899149756842	0.2240714936365946
1.8165704937270117	0.0005425968039770761	51.05184372022081	0.22081670842182785
1.817632046670493	0.0005938073831933524	50.99638608356882	0.22109103194123597
1.8186576597920276	0.0004240552160680799	51.14212360547482	0.2208167177581786
1.8194922619906504	0.0004525667660075204	50.974138996679464	0.2231951000985269
1.8205704250926251	0.0005455285422991176	51.03630833281172	0.22081671546277654
1.8216191027565762	0.0005213401458278236	51.05753064944197	0.22081670545951987
1.8227313418815072	0.0005357406279456034	51.04798875512443	0.22068470784140656
1.8237873776162	0.0005415025741486029	51.039806469298	0.2209521140368154
1.8248690346540295	0.0005628577730823437	51.01152244986681	0.22108930014645034
1.8259604984879818	0.00054738933526233	51.052088737770156	0.2209521215379755
1.8269526300481522	0.00044641708189323195	50.98403207717345	0.22378117505041586
1.8279098518793249	0.0005045145054418717	50.92639683543227	0.22437293864780836
1.8287982562919955	0.00040728635403760395	51.02999229768563	0.2235774956700891
1.8297730970655057	0.000528672133237661	50.885584682088755	0.2243729450535634
1.8308909250410688	0.0005442983331054163	51.05808031793757	0.2208167147780845
1.8318734101578023	0.00040441262557682124	51.03733873067554	0.22378117175046255
1.8327752761336273	0.0005134994688358411	51.121035333807555	0.22068470554846295
1.833794927453754	0.0005445054532843634	51.09187091808327	0.22081671304832123
1.8348397336688933	0.0004697507150256434	51.1406762300668	0.22109104096281676
1.8357782203588666	0.0003962122965451439	51.01222909714061	0.22407149864228376
1.8365805911021265	0.00050520978057511	50.88307973716998	0.223781172227841
1.8374742656808323	0.0004760349944344095	51.07488045692332	0.22068470735543463
1.8385694371122012	0.0005514470097801842	51.01327424645685	0.22081671251420934
1.8396376413002038	0.0005682521768154374	50.99174890858319	0.22095211986235774
1.8407153012801354	0.00047098611147196177	50.95605712935928	0.22257315957964086
1.8416366710324108	0.0004270563660691694	50.93939921990557	0.22378116702972772
1.842593668230338	0.000528324157488875	51.04426997196024	0.22068471037746967
1.8436625276626795	0.0004865427231121556	51.083356362714504	0.2206847065446889
1.8445821611001474	0.0005453611283877784	51.01850752055668	0.2206847123462651
1.845738670653212	0.0005536101538481053	51.011147714385075	0.22081670830058384
1.8467343251911	0.0004436604822174463	50.94851700520383	0.22378117014155507
1.8477143335975912	0.0005317867363095966	51.04287330448297	0.22068470716518604
1.8487291863897641	0.0005060929990921765	51.05776150544705	0.2206847116855821
1.8496470376418137	0.0004081603864355386	50.968578452842316	0.22378116859096944
1.8505673803259501	0.0003925392282786489	50.971992784711304	0.2237811675703672
1.851279564662244	0.000453037720539694	50.909673684569654	0.2237811755229542
1.8522273306986574	0.0004498450063380352	50.92496852676473	0.2237811690714392
1.853079142191783	0.00038440670758525943	50.99887757382218	0.2237811662819355
1.853779898695405	0.00039843530449839616	50.99913904226169	0.22357749321154385
1.8546447548699447	0.0004144547452278138	50.97968247565029	0.2237811715905993
1.8555356126622797	0.00045737322864633425	50.941630717336864	0.2237811651770574
1.8564785133237343	0.00047385043931346863	50.91542572978413	0.2240714994141441
1.8575399212897556	0.0004973813108221942	50.894154117170395	0.22378116477799612
1.8583393517814901	0.00044573278234382124	50.933214321989155	0.22407148866994378
1.8592747449498281	0.0004339256451049126	50.948020430573145	0.22378117369594108
1.860206684460663	0.0005311411410448543	50.8495357379144	0.22407149269395518
1.8612662298896527	0.0005413653097141336	50.825320189786325	0.22378117060448047
1.8622858511980254	0.0004948484144407373	50.83402366473118	0.2243729504042465
1.8633045173433418	0.0004944056051285311	50.85281902773772	0.22407148702918972
1.8645223420935375	0.000608773956633768	50.77841232007169	0.22468607279878813
1.865589955816655	0.0005673641940092309	50.83045413666998	0.2237811682584361
1.8665937991770551	0.00041316273682986737	50.94343088194941	0.22407149847633906
1.86740230464201	0.00041594329103888434	50.926671782064574	0.22407149438244325
1.8684147192653842	0.0005594369975045231	50.80274812694162	0.2240714959088262
1.8694163011460994	0.000393529873889473	50.95906508622813	0.22378117436880168
1.87031688222292	0.0005527617623668359	50.80220393085258	0.22378116737816806
1.8712620344981308	0.00038834333471122573	50.94226500428509	0.2237811699268434
1.871995889565301	0.0004164833232560778	50.91661443478217	0.22378117382753596
1.8731391857486566	0.0007004862689773251	50.71506685280951	0.2243729459233034
1.8742403539310142	0.0003780034151103655	51.01535198158363	0.22407149515683833
1.8749915184973158	0.00044431065298145223	50.947461819036945	0.22378117174081422
1.8759112504568338	0.00040508908979372483	50.984142129989536	0.2237811714750338
1.8769345990506388	0.0005909269178738332	50.81341314847713	0.22378116850523624
1.8780968421503919	0.0005471029562747868	50.827269868553316	0.22444320724977504
1.8790459628274383	0.00043879995546169313	50.91803592097291	0.22378116252552202
1.8800785056433496	0.0006328532108956296	50.74858777113286	0.22378116805717962
1.8812268761794764	0.0005184218315301845	50.82360035985912	0.2237811691143022
1.8822117227369524	0.0004260089171664777	50.900231374992245	0.223781169503386
1.8830889222576026	0.0004771804783522341	50.836675880630196	0.22378116944122198
1.8841310325800547	0.0005880455004524422	50.735179831277435	0.22407149625306738
1.885267388751418	0.0005197517515421288	50.79913657419054	0.22378116893051012
1.8863070093213548	0.0005212273150920925	50.79524309290486	0.22407149671569557
1.8872370186022822	0.0004855285988869136	50.81899329389467	0.2240714925443032
1.8883057641297336	0.00047892367448491374	50.82232539365058	0.22378117517426127
1.8891815543295332	0.0004455548685819595	50.8558102309173	0.2237811689626284
1.8902132052292897	0.00048153920223435693	50.819994207817004	0.22407148663236479
1.8910018090143996	0.00045780877768267095	50.8482553871992	0.22437294474335284
1.8918976786585358	0.00037501871517977393	50.954082918229304	0.22407149174704677
1.8928278552981772	0.00051212077284104	50.80653026225276	0.2244432147456853
1.8937413474705123	0.00044090132140121846	50.853389122460854	0.2240714987776653
1.8947182472243593	0.0005145621833119652	50.79290586709542	0.22378116896911765
1.8955931874560163	0.0004097569580883752	50.90841500436584	0.2237811758104437
1.8964198963030539	0.00037710930778657377	50.9546399616972	0.22378116757604868
1.8972688897143	0.0004810680821555918	50.84882960558358	0.22378117273631892
1.8981387115470376	0.00041331400186612435	50.90483196283833	0.22437294312334805
1.8990833459004937	0.0005344911090100735	50.79765829857577	0.2240714943768865
1.9002550049786628	0.0006041245554664332	50.72710498959593	0.22501145692966443
1.9012515218479993	0.000403139786663537	50.908303536867145	0.22407149773961244
1.9021291378271945	0.0004671960952778544	50.821334127617675	0.2243729556827112
1.903121368540598	0.0005334670530857161	50.74735744284895	0.224372947393093
1.9041465586327684	0.000553732410539923	50.75401706414891	0.22407149440000382
1.9052799364020307	0.00048333438192445943	50.83657553249799	0.22378117794593574
1.9061624416944172	0.00042003032980663453	50.88637182736495	0.2240714971256816
1.9071960304853373	0.000594546002014992	50.714231121479926	0.22437294711726358
1.90839770683765	0.0005522137550522889	50.76294547695398	0.2237811693612297
1.9092262055047629	0.0004093420235600066	50.91998941902411	0.22378117581119536
1.9099990771239996	0.0004221274308921115	50.92609802879056	0.22407149898132803
1.9109234269512485	0.0004385671403984366	50.89728707965193	0.22378116463551964
1.9119278226598881	0.0005368525351888224	50.77880491063907	0.2243729484597794
1.9129784742225517	0.00046972932864627404	50.817832106603234	0.2243729410665011
1.9140367907991327	0.0006260564717430012	50.69463718823557	0.22385547584326262
1.9150861747823855	0.0004471033898280556	50.834132336894825	0.22378116690608107
1.9160632327990816	0.0004968637829599825	50.8003031253521	0.22378116858800198
1.9170089721225851	0.0005103461960577075	50.79754225047575	0.2237811693448665
1.9179665560223023	0.00040939945690351986	50.89198539457303	0.22378117255785512
1.918864032422384	0.0004791686234934096	50.81689865876804	0.2240715015863918
1.919825088427967	0.00044539668631003065	50.84420330498075	0.22378117255967192
1.920780256155612	0.0005505010473456822	50.742142527190964	0.22378117008542972
1.9218059763228856	0.0004803172676015188	50.794370375104364	0.22407149655290784
1.9228180339128866	0.0005160607458965512	50.76953420615908	0.2237811676261672
1.9239536309328944	0.0006368484222667513	50.68173692854154	0.22378116831581268
1.9250116779615443	0.00043700102881571795	50.83889569269742	0.22407149896518275
1.9258798387232323	0.00047024932330348506	50.81018106603061	0.22378116932598222
1.926991379817057	0.0005074126438874306	50.7601106455215	0.2240714973458263
1.9279827959782354	0.0005161337919417926	50.75063800220285	0.22407149592149495
1.9289793457697884	0.0004896960436064624	50.79108063617637	0.2237811685047712
1.9298064212236987	0.0003787155201321671	50.9060213931579	0.22407149916750393
1.9308073874319134	0.0005863937289550594	50.70361040381376	0.22468607243446861
1.9317779002046405	0.00046941425731634307	50.814180670718784	0.22378116877626136
1.932967248182135	0.0006518427159863412	50.656110365450274	0.22378116654789879
1.9340413372912484	0.0004407943724001355	50.81948195434839	0.22357748930356044
1.9349694225688063	0.000540703768474357	50.714361223240694	0.22407149373644902
1.9360567581852224	0.000551471974196264	50.71966111345431	0.2238554747609423
1.937291268776061	0.0005698482728588812	50.696419733235395	0.2240714959245669
1.9382932383884368	0.00048292322258663896	50.77740111409067	0.22378116727119907
1.9391761922140072	0.00040131782888173717	50.85550619798449	0.22378116791746505
1.940123399747399	0.0005199161459587384	50.74304851558792	0.22378116974484358
1.941147614603413	0.0005402536818455218	50.73827365220254	0.2237811674817661
1.9422889119156395	0.0005931972772076052	50.72037716214348	0.22407149430192588
1.9433986177607676	0.0005344814508509411	50.78281416741511	0.2240714952211893
1.9444234689640156	0.0004589154126837376	50.82538896924178	0.22378116871431986
1.9453937156810404	0.0005521979342870511	50.718239742549926	0.22378116853005728
1.946549952150355	0.0005649268698957262	50.70796364421767	0.22378116833267578
1.9477219973854765	0.0005457057723955214	50.725040604245734	0.22407149586947706
1.9486307522152817	0.000425055125748817	50.842511122079586	0.22378115993063516
1.9495246844650405	0.0004964446523039981	50.773309596675055	0.22407149642904867
1.9506406904355011	0.0005672486607796185	50.707203050741704	0.22407149380938782
1.9517222717752842	0.0005728522408423378	50.687314014230125	0.22407149789756853
1.9529212666991742	0.0006149927631385157	50.64997707257004	0.22378116773441104
1.9543157295258027	0.0007321391453707012	50.573025130365	0.22378116795350608
1.9557590129281528	0.0007395553730893538	50.5617739841465	0.224071498028991
1.9569688765188733	0.00041292956401357595	50.819259217787575	0.2237811718522543
1.9579437967642845	0.0006142599785969536	50.64110590387977	0.22407149542910082
1.9591878201515547	0.0006216962574642433	50.640086738518	0.22378116954276325
1.9605176599751197	0.0007246222711809234	50.56709289736719	0.22407149562429607
1.9618525773153022	0.0006098983911498425	50.64694630141429	0.22378116663575168
1.9632448860710943	0.0006847933805143416	50.59907364580461	0.2237811691704364
1.9644125299656308	0.000563735690122967	50.695025196277534	0.22378116966301861
1.965717435237452	0.0007409024376659811	50.59177996026484	0.2237811650670784
1.967033103362147	0.0006212880894767837	50.66588383266838	0.2237811678832393
1.9682671530680906	0.0006544121802059588	50.61694189663062	0.2243729452422126
1.9696929254431788	0.0007156432202777926	50.562961658466264	0.22468607186116846
1.9710726631678646	0.0007189639550776268	50.574693723696164	0.2240714964364042
1.9726954031202322	0.0007185105007094751	50.580619171635945	0.22378116742349988
1.9739234877368523	0.0006242831827566272	50.630163345422446	0.22407149583650365
1.9752511129420856	0.0007414267935379602	50.538776548647334	0.22407149491947853
1.9766287877528783	0.0006331016457974142	50.60756755957828	0.22378116893347397
1.9778535211721584	0.0005817819975815384	50.63116852749845	0.22437294794612395
1.9790572465156129	0.000566449585233315	50.66196926870971	0.22378116746601592
1.9802390337508324	0.0006234814010932935	50.618410429964	0.2243729465434084
1.981450367248406	0.0006080980852740724	50.63232568184462	0.2237811710220661
1.9827846029885814	0.0006660941618314395	50.57610119029168	0.22407149577358784
1.9843360482558414	0.000837240175574438	50.476486986271055	0.2237811705166906
1.9855717123457004	0.000539631932921614	50.66605766327033	0.22378117099846942
1.9870949310972725	0.000875044029988314	50.42294519618002	0.22570149674715248
1.9885183142957383	0.0007040819158890346	50.532384834129026	0.2246860717693599
1.9898888674729287	0.0006895500716106128	50.550692862471244	0.22407149472503762
1.9916946416790138	0.0010065750484086996	50.384839631133325	0.2240714906263655
1.9937148150997177	0.0010470106096055862	50.35537840660372	0.22468607482972244
1.9955259226239677	0.0008000898572681315	50.48962704754298	0.22378116604787124
1.9971747575762229	0.0008196957198174925	50.48200238109169	0.22378116643025808
1.9986222092202262	0.0006244009634825473	50.59802862634048	0.2240714956557049
1.9998294539431454	0.0007063876974645479	50.545994748844606	0.2237811667999797
2.0014964649561358	0.0006640668109458665	50.57158262767374	0.22378116762737285
2.0027144699249586	0.0006829984335865945	50.56112929483626	0.22378116645771667
2.0041301355389476	0.0006921737657353789	50.55716416896271	0.22378116701829334
2.0055215773530377	0.0007297252884012429	50.53062781994693	0.22378116718012794
2.0071545753539333	0.000921467076748967	50.42465443738031	0.2237811694231407
2.0089802896335924	0.0009222125495192141	50.420739294799375	0.2237811666124731
2.0106003582517777	0.0006411034197782937	50.57627466091366	0.22378117118926605
2.0120292581902888	0.0007834842581545005	50.48628813306	0.2240714966875441
2.013176512606867	0.0004795060689458007	50.69621130510379	0.22468607633879445
2.014412840920447	0.0006805315367138281	50.557649463595126	0.22407149697130566
2.0157405023314645	0.0005841264463915712	50.60876067448246	0.22437294827648238
2.0172451207600366	0.0008605922919719881	50.44180420247939	0.22378116828566713
2.0186012491120096	0.0005853025362577519	50.60000523867616	0.2243729479304258
2.019743291062841	0.0005927618029563175	50.59105663475237	0.22437294438300273
2.0209331807259114	0.0005736948552551673	50.6018255251121	0.22468607068953256
2.022050223601634	0.0005533294088349583	50.6328673513009	0.22407149705684493
2.0230523179369646	0.0004652531613474551	50.70500033862608	0.22378116792440006
2.0239481712763205	0.00044202018292804565	50.71876578098193	0.22378116998192224
2.024988369657497	0.000565400163024304	50.61128724165581	0.2237811668075924
2.026203389846918	0.0006677211182602492	50.530580803819426	0.2243729510546902
2.027429751455911	0.0005352239746493819	50.62368608904572	0.22437294580381445
2.028527291204515	0.0005671789189977642	50.60597249208324	0.223781168090871
2.029555615198586	0.0004910766210311591	50.66577612778366	0.22378116880013776
2.03054543501427	0.0004631450029389588	50.68212580220951	0.22468607034097818
2.031437656463489	0.000437868461590859	50.73289213762712	0.22378116848557922
2.032244530506374	0.00032779177703211066	50.87144417356485	0.2237811715986519
2.0329956164616676	0.00044599606116901	50.74685571837551	0.2237811668297451
2.0338489569653704	0.000409801237680871	50.792662518300034	0.22378117018336682
2.03468903479002	0.0005239375389053887	50.687011400771084	0.2240714969713802
2.0358271666749044	0.0005553169797725345	50.64724867532532	0.22378116940567636
2.0368893012323976	0.0005270552439324586	50.645832231342304	0.22407149520326342
2.0379833513527115	0.0004960161428033961	50.665577101664994	0.22407149529485837
2.0389675581837086	0.0004642912339865827	50.69542890459564	0.2237811671568153
2.0398712918082853	0.0004776409990190221	50.668209222752225	0.22437294577922
2.040750291784153	0.0004214361552763896	50.70690887674261	0.22468607539522004
2.0415305568762596	0.0003821767863673238	50.76213646535778	0.22378116994206654
2.042429927022508	0.0005156302994408028	50.63282098121543	0.22378116944688486
2.0434268372931563	0.0005276996941307329	50.62169848529601	0.22378116861305736
2.044399743114014	0.00045002016015452785	50.68317322937832	0.2240714965215439
2.045404396492761	0.0005045728597074321	50.64225659443728	0.22378116814843715
2.0463653659405043	0.00044845804684176587	50.704227100205706	0.22378116597157383
2.047234147734799	0.000410030438127557	50.73754198918405	0.22437294685457837
2.048050625782076	0.0004406338022161123	50.70161951828551	0.22407149440232002
2.049040337927661	0.0004751376302963358	50.66316052467518	0.22378116953866709
2.0499000601808888	0.00048538849891701383	50.646343013323545	0.22407149665855608
2.050898597197177	0.00045124452897300483	50.67940195743959	0.22437294806699642
2.0519588894818774	0.0005828671269316578	50.585089287285825	0.22437295031751955
2.0529490053464534	0.00046023134240511253	50.71305892042311	0.22378116821195118
2.053810274271617	0.00038261225375263604	50.77183759215852	0.224372946281044
2.0546172610336377	0.0003625301221505237	50.78874387319203	0.22378116838729847
2.055342637632046	0.00047105520659886655	50.67164810834658	0.22378116953418822
2.0564876834716	0.0005823316333352967	50.586199054859186	0.22378116963893607
2.0574647903876437	0.00042751924127992395	50.71491488933636	0.22437294766186852
2.0586856038155643	0.0006840297788311353	50.52524431505387	0.22378116579506913
2.0595848316536185	0.0003301357430072681	50.840211603274085	0.22378116843787166
2.060431233146857	0.000515629182984049	50.62658836132369	0.22407149458090025
2.061437659234281	0.0004999061413487147	50.623717549875664	0.22437294635081353
2.0624182018629544	0.0004738624494562205	50.6606977223992	0.22378116909435813
2.0633296338809823	0.0004376072774915348	50.69238474249989	0.22407149739289636
2.06434651229004	0.0005664765539860719	50.58216297552343	0.22378116762838118
2.0653124164566754	0.000368561780805874	50.766242617755466	0.2237811704695202
2.066229476882106	0.0006295893153901727	50.537027275481044	0.2237811699046227
2.0675513072702474	0.0005918599597096445	50.56913336864383	0.22378117226356334
2.068573546424118	0.00042744201030235456	50.694220511596576	0.22407149490449554
2.069457901480986	0.0004867472978581571	50.626754963904126	0.2240714947423116
2.070279067897688	0.00037816268267118366	50.75545028746884	0.22378116855274732
2.071126215328738	0.0005110788638391807	50.639339511076905	0.2237811687782481
2.072211843447364	0.0005248622275230472	50.623190141929115	0.22437294569860441
2.0732523478693388	0.00048074564624838784	50.651549337974956	0.224071494592888
2.0740531464346543	0.0003784190174684672	50.74716394657646	0.22407149448433675
2.0750338108156887	0.0005527065876768231	50.586155344865546	0.22407149388165315
2.076031584111907	0.00041489579835356515	50.71835142786397	0.22378116802398182
2.0768106256429095	0.0004185347846710315	50.708494132451435	0.2237811673170351
2.077792961007221	0.0005487690089735653	50.58410831785647	0.22378117091630184
2.078793147866294	0.0004859939415408052	50.63049012916588	0.2240714947359786
2.0798598020514616	0.000515700272215573	50.60990162114655	0.22378116828487726
2.080788374705135	0.0006309806657134993	50.51874110298595	0.22407149677340094
2.082057166055548	0.0005104996532057039	50.59168304562813	0.22534970993058398
2.083106340611954	0.00043713238682562764	50.66913351620824	0.2243729472344377
2.0839245446876027	0.0004397586993101705	50.66184144442875	0.22437294821777987
2.084884915288658	0.000498152663194479	50.61425412782852	0.2240714973868289
2.0858028168610234	0.0004374316264825793	50.67314407562433	0.22407149341638252
2.086633099851419	0.0004575904638315762	50.65757957126104	0.22378117057058267
2.0876772749853454	0.0005039359512984701	50.60165857481625	0.22437294492530005
2.088583328420909	0.0004551136940951783	50.65277615208706	0.22378116837953413
2.089603256541959	0.0005051103584018169	50.59859645593867	0.2240714938788044
2.0904186672109093	0.0003882096626310483	50.70563446917207	0.22437294655555334
2.0913461513215843	0.0004403603503676031	50.6495554822112	0.22437294952254347
2.0923257904066723	0.0005543904157685799	50.56703874215423	0.22378116848703591
2.093157213987756	0.0003266800091286596	50.80959479108662	0.22378116803729736
2.0939786236012363	0.00042800998102051165	50.69894763482797	0.22378116974999115
2.0948026872923804	0.000395663281430646	50.71803673909969	0.2237811693457001
2.0956663165549045	0.00045698334846409346	50.63995560414062	0.22378116618220553
2.096606959801661	0.0005384840217355414	50.57780389386295	0.22437294810174432
2.097538884867846	0.0004399753026196976	50.69485793096861	0.22378116917809135
2.098416277269685	0.00045243091529480206	50.664288369868515	0.2243729450756728
2.0995606485557428	0.00057392778483634	50.546747425279946	0.22378116983248084
2.1006646788953303	0.0005820118196278791	50.519961732009556	0.22407149277608185
2.1015771836075543	0.0003796041611352836	50.710766709011054	0.22378116956011943
2.1024646410627255	0.0004726070499184978	50.61648506866041	0.22378117070276565
2.103360183265775	0.00047287031007568585	50.62034672179036	0.22378116860568686
2.1042728074917854	0.00037396407891476487	50.72343932210838	0.22378116846845425
2.1052918869472035	0.0005228972446993485	50.56429898687843	0.22407149359886544
2.1062250392313357	0.0005414336309023359	50.5500671631438	0.22378116612620844
2.107252628386706	0.0004882633081080744	50.593275698473434	0.22407149647001298
2.1085263721048992	0.0007300463695134377	50.416851573097354	0.22444320747978216
2.109720830769822	0.0004741206134314977	50.59992842953495	0.22437294623686166
2.110694793080007	0.0005439970381101651	50.5408383997222	0.2243729455048174
2.111870374485278	0.0006314652665915271	50.48517234371363	0.2237811718127392
2.1129823015254288	0.0005677526443272504	50.52480670325899	0.22407149236623447
2.114217662958682	0.0005958944671507763	50.504097617232496	0.22407149793268683
2.1155128656856976	0.0007396432822604313	50.40457985409811	0.2240714903562232
2.116788228882803	0.0005156325129591028	50.56034842274532	0.22407149336865578
2.1179705741870594	0.0006150836236054873	50.483270223284016	0.22378116646555332
2.11911631407221	0.0005152612702399545	50.55467584532256	0.22378116947511295
2.120099603571132	0.0005315498588363423	50.534595626816284	0.22407149564248546
2.121240539098865	0.0005997875884483912	50.476700508686996	0.2243729479235953
2.1222750868450553	0.00040101205973304573	50.66367936050322	0.2237811662044813
2.1233843461256496	0.0007330509195620628	50.397378123890995	0.22437294568226177
2.1248048165172264	0.000720847094250811	50.41474521300306	0.22407149856756592
2.1262996565756094	0.0006276451720693547	50.47359985439578	0.22378117140905643
2.1275110218668156	0.0006582641944675613	50.44885715759055	0.22378116819542454
2.128782789979602	0.0006485628503465052	50.45368884607866	0.22378117008789458
2.129953910707277	0.0006154061448887636	50.470072860635796	0.22407149459938117
2.1314164763501156	0.0007474442508439652	50.382731511117	0.22407149588239128
2.133029718252458	0.0008686567313529212	50.3074330233564	0.22407149368200843
2.134700666071248	0.0007333748868625735	50.37899596962143	0.22407149226818335
2.13637820065484	0.0009808136027400424	50.245709428177236	0.22437294666094787
2.1383034589579175	0.0009042000675173596	50.28499874828371	0.22407149740857296
2.139788264215394	0.0006042808969902141	50.45640792449848	0.22437294840555633
2.1413700064781733	0.0008272045617065857	50.33761004327228	0.22378116627450076
2.142649343076776	0.0006948416449828903	50.41136854858852	0.2240714994565647
2.14422672195322	0.0007170885325497587	50.399528539792065	0.2240714947997199
2.1456981791492002	0.0008866907689435528	50.30042555440713	0.22407149376311167
2.14724814726164	0.0006211925876980744	50.44795038819762	0.22407149827137737
2.148522942610125	0.0007754223576599113	50.32964708016944	0.22501145502951708
2.150417418957124	0.000975879476638374	50.244578437024984	0.22407149370964713
2.1520184873599857	0.0007802633050975745	50.34082512728615	0.2243729486004242
2.1538809281247606	0.000976935599057667	50.255771756014695	0.2240714899945988
2.156053223241514	0.0011550074380822534	50.19361117067278	0.22378116888702462
2.158100600212638	0.0010201889724190567	50.246242660690925	0.22378116541951323
2.160346684733958	0.0011624468497480338	50.178123423222544	0.22437294712986458
2.162561068233098	0.0009306238380318272	50.27492616153698	0.2240714884293826
2.164457022332972	0.001065537552564227	50.215988203373975	0.22407149496514195
2.1670887004809964	0.0014649403842127413	50.07130951677717	0.22378117441579357
2.1697986447210793	0.0011621857378125964	50.15095725538427	0.22534971501422407
2.1720302416375548	0.001216064533390174	49.96988469921223	0.22974426720378605
2.17487399885112	0.0016060581253867859	50.04677862690638	0.22407149772581983
2.177699951048572	0.001200292004153049	50.17677571011877	0.22407150153608063
2.179878972111545	0.0012126051962500553	50.169972437258274	0.22407148685438313
2.1825318096422865	0.0013024491814614388	50.14285273470435	0.22378116653052682
2.185561070031893	0.0014745601906033408	49.924167872026906	0.22906140012164747
2.1878457020684348	0.0011128446107613508	50.24079653148084	0.22407149528012987
2.1905557059929883	0.001331558497238431	50.000678181625844	0.22906140772869493
2.193101396007887	0.0015041691790786099	50.10421526679245	0.2237811679336494
2.196351700818629	0.001612762888749968	50.02947221651498	0.2243729421755689
2.1995639861092444	0.0014806304561299866	49.88076916682417	0.22841561892343723
2.202067419844904	0.0013210323677667719	49.998899984274615	0.22691780283952895
2.2048653352035172	0.0014290532841704571	49.92219094970622	0.22841563005256546
2.2075928071798887	0.0011632615728356978	50.009323184841854	0.22906141554816
2.210140151705684	0.0013357143567343688	49.94616818997092	0.22841562958845008
2.212763662379095	0.0014545723664818944	49.89875623835159	0.22841562496564013
2.215965413837541	0.0014791981378082198	49.88666302477298	0.22841561720112055
2.2187424980999286	0.0015165493871719458	49.85859438167575	0.2284156299376998
2.221569144536841	0.001402767257466381	49.84930550669881	0.22974425372160417
2.225098269105798	0.002087588841188583	49.66375309326007	0.22906140762050153
2.2288806511688373	0.0016353327627452415	49.76280137531994	0.2297442733158779
2.2409474213579936	0.005271002925065088	49.41150311750703	0.23409608849382862
2.2505670176315267	0.00368239844240273	49.573669663516185	0.23354521956224472
2.2578232694308165	0.003621383565791194	49.59285158195158	0.2342395156220504
2.26509324377258	0.004273747830430009	49.48004718051145	0.235849973504061
2.2743248575961803	0.005578296338001247	49.393114646483355	0.2348343949452189
2.2879120406074813	0.0067582316272414445	49.24651806358181	0.2354109024050236
2.299580838910766	0.00526341061278015	49.3249536831654	0.23562884505021645
2.312336218779005	0.008944309684265711	49.06807765526923	0.2354108927828114
2.329244687216412	0.008602525863981171	49.05700728843459	0.23541090144792948
3.0074398226069743	0.005930125373110936	48.28667546577077	0.23492181862014727
3.018859447110917	0.005148402350406653	48.320701360388725	0.23549161211680206
3.030206865960155	0.005871940545114786	48.25604200487811	0.235491601148256
3.0412443053146077	0.00620167230844518	48.220962654814954	0.2356415949593393
3.0560151316394255	0.009567762126094984	48.00776138546496	0.23564158483623046
3.0739815143638407	0.006746762484304599	48.13748998539287	0.23579311095660327
3.08929540035054	0.007046836142178806	48.13124384941415	0.2347826922335559
3.100656216203384	0.006552883856926502	48.13469438980306	0.23579312528899393
3.113877363192096	0.0057509858842684685	48.17918879631937	0.2353431305251631
3.123893089299081	0.005126921876563223	48.21371631541079	0.2353431258746302
3.137522871052279	0.006688369873176081	48.08069824956264	0.2357931451565278
3.147988252105134	0.004943483140316119	48.21580728941474	0.23519613786194526
3.1583761491589986	0.005646271676478467	48.1457975106559	0.23564160254805105
3.1676607716873524	0.0036548634456662994	48.32782842818199	0.23549160786044804
3.1788447458091986	0.007992650641587565	47.96238760442272	0.2361008500915757
3.1971415222122177	0.010077963586387496	48.094148599524964	0.22664349606765846
3.4329230057065963	0.005710925085820182	47.91469300425417	0.23965238257666663
3.4444658872864076	0.005042734221207289	47.90406056561865	0.24246425444965633
3.4628990381003733	0.014499394497677572	47.66020206307391	0.23187857095681316
3.6134376295322395	0.004407462015582914	47.72048156936088	0.24215874686075012
3.6260001437990517	0.0074466060027439576	47.47444141737596	0.24263436920719725
3.638859967449744	0.005421916677886877	47.71079363972535	0.23666604896563714
3.7258998734615987	0.0035799053597191633	47.76236416417709	0.24301647642798888
3.732438255087756	0.0026468871265441095	47.78972088650597	0.242238664964142
3.737226284863477	0.002281629736496633	47.846150120214325	0.2427016521148361
3.7425660701055246	0.0037957813770660136	47.624660613809695	0.24270164299527877
3.7496717771083516	0.0024972394630275617	47.8024630180879	0.2425460795667704
3.7540074493848183	0.0020796109603021503	47.87954003118018	0.24239177339071463
3.759641737151672	0.0033756241854525195	47.73813550484994	0.23839018864963282
3.832011812766537	0.0036492038867864942	47.57465749775403	0.2427368836209946
3.8399171072214338	0.004417605955283891	47.48270578131638	0.24244683834012556
3.850856479241678	0.00545389576217387	47.525205768598724	0.23519959510006322
3.9232405982289795	0.00912169067535675	47.37230511339918	0.23051523535282376
3.9905898543972955	0.006277276909520494	47.483027250938946	0.2294027798552779
4.050402950322819	0.004542468220341534	47.40250529205715	0.23618853699887352
4.124726579706458	0.03254561447464917	47.063794731177566	0.23537861281472283
4.193774892862993	0.02775123409903511	46.97048037043477	0.2386548761263525
4.26364997821917	0.017962775213906698	46.86946330019913	0.24407128194945962
4.288206663484005	0.005666301072000805	46.92653031893583	0.24479392186941634
4.335464699009423	0.02001493826823897	46.63463473661383	0.24120827960516208
4.3786014292532505	0.01825425396475513	46.661667839759104	0.24068163185165234
4.462845529575614	0.04546459644254596	46.46280543581929	0.24259541086446765
4.587152867921278	0.050322523099278475	46.39080998573276	0.23830680295062573
4.643263416698193	0.014364112535524949	46.305383971959024	0.2661404799441464