-0.6097287303479598	0.43326291213746865	51.55935508311192	0.10658093173526977
-0.27928602553551984	0.028920831131897133	52.02046684917469	0.09605198433788589
-0.2165600951884469	0.03337517686955278	51.83614792500171	0.11850623054234283
-0.15446781225342798	0.028928858216313507	51.832396934820814	0.11492220807774485
-0.07534684011447276	0.04822145568294624	51.508273480703245	0.12337153679160498
-0.008443104548086056	0.020668387022183436	51.59337666253217	0.10863646386859406
0.05846677402134459	0.04429316511601345	51.09432354507414	0.14484417117822018
0.1046448506501439	0.003982526173724244	51.5957882585181	0.11612159689151495
0.1202897441170418	0.011524842526609208	51.352249633366725	0.11053705749628095
0.18445620188454975	0.04970940290478327	50.72287767586823	0.1301424637664245
0.24613990583526768	0.014375851828999843	50.987759992481	0.10689542438924186
0.3224123029142917	0.05788985052237481	50.87058335328745	0.11356107962511439
0.577631203329426	0.16082498963979538	51.86958572243834	0.11017791063865766
0.7250782964037307	0.010498273387709199	51.10561556935746	0.10247502338466884
0.7400861856134507	0.004609855455861934	51.10289195816771	0.10545025397191728
0.7483056514416271	0.003618743735581798	51.137858258962375	0.10706062053576373
0.755483495037019	0.0035594261411885063	51.177324115773274	0.10023615486031195
0.7642921222792083	0.005231938345171028	50.960933838388435	0.13019209639937118
0.774631929734499	0.005108845981533479	51.04236464135381	0.11673872927959962
0.7962244780242553	0.016203506475293786	50.873403137985875	0.10938041188612846
1.108826219170242	0.21496797849682292	51.441958881137424	0.15839949154704464
1.2842530017509244	0.0007900812263310062	51.17345162081333	0.11216840970045303
1.2866168009363617	0.0015715852308398677	50.988730179267975	0.11182317976120527
1.2889678039365982	0.0007815503108580815	51.0588146579223	0.11436906515876907
1.2907876030469934	0.0010377097031875984	50.84216438214941	0.15195483179350305
1.2928580793040527	0.0010327742504869658	50.99383406461786	0.11252767512059396
1.295945402414415	0.0020509169480495562	50.72954875188348	0.12889662705770918
1.2990109331149116	0.0010182456128561832	50.92826672302082	0.10859237077474027
1.3018021198061236	0.001770514180916041	50.88593415602684	0.12074072978909661
1.3043240889780505	0.0007543982201820492	51.28822121156161	0.11496560031359915
1.3080797939041062	0.002991609760687564	51.25574200111787	0.1247721990008538
1.3120504004349662	0.000988127714353772	51.85597766336151	0.11028949508317346
1.3140221731258217	0.0009836516110302157	51.59439135445056	0.12330224948571587
1.3159850337056311	0.0009792158781118732	51.47660313998845	0.10439894940268359
1.3184261997975653	0.001460590730021821	51.05961446579307	0.11376142331286378
1.3215793388362724	0.0016916954863361222	50.58898173139618	0.14336451452599494
1.3249496185928016	0.001678618135321795	50.508959445425056	0.11285152999623935
1.3282939450563926	0.0016657414176186101	50.7829077753404	0.10385880988057859
1.3363102484525926	0.006307496309480248	51.02789038513593	0.11213953536850978
1.3487454990042396	0.006129453497694196	51.12943931417139	0.14911512662031826
1.355949947913717	0.001116409557510431	51.32115753456517	0.11592843647169487
1.3575101155874938	0.00044496245682961176	51.56763077197131	0.10583088696078667
1.3586210994275378	0.0006657384563396877	51.414686337908584	0.11614244725507009
1.359507844620085	0.00022146017805655776	51.72396927599207	0.09916534711333294
1.359950539508224	0.00022123454926781017	51.41933808408892	0.18823276928414032
1.3603927835980627	0.00022100937976286583	51.70154219274714	0.1072453905722712
1.3610553058338863	0.0004413449678675296	51.55876095210958	0.09905291513840153
1.3617168189221522	0.0002203366136362605	51.83626373820996	0.09188648556404087
1.3621572689638732	0.00022011326731263017	51.5474806369548	0.19629917691868332
1.3625972727652726	0.00021989037332477554	51.88709301385943	0.10929413078956585
1.3636953350714316	0.0008773404349669029	51.8490180501233	0.09278339378069317
1.364790628383173	0.00021878264122608776	52.108264016220595	0.10365001464879549
1.3654464808637237	0.000436904989250482	51.91643999235292	0.11521733111996943
1.3667552219636276	0.0008711807264364965	51.753479646379354	0.11206905205200404
1.373240414632884	0.005578743870965159	51.28175494952118	0.11167805504232328
1.3842569869269215	0.005439009913893648	51.22323974536249	0.11224096453363697
1.3904878556484468	0.0008248512275469488	51.60609946249327	0.10896623993709227
1.4074732081239654	0.015864276413128424	50.55723256054507	0.15905419247087665
1.4240101237303158	0.0009544723897752782	50.77715484536158	0.11699032938511318
1.430828519629702	0.005825546371209089	50.094956724927044	0.13290065617139826
1.4369860492980944	0.0003705505274119579	50.656092464149395	0.11114938742471972
1.4375415197314783	0.0001850384448000505	50.867541315333064	0.10375983384364731
1.4379114386805003	0.00018488090173500823	50.803525898754714	0.1158191070579637
1.43846572781368	0.00036929017828963017	50.95764157346922	0.1095823047918546
1.4390193098608772	0.00018440987757196048	51.58140811431649	0.10059181726044086
1.4393879732942763	0.0001842534023367903	51.788007173519674	0.10563460589335369
1.4397563240424682	0.0001840971924208279	52.05682218005227	0.1054563563954259
1.440124362087232	0.0001839412473820112	52.39875325181715	0.08190589232674655
1.4404920890540212	0.00018378556608363117	52.261323981221956	0.13679703727705922
1.4408595049214625	0.0001836301480885752	52.556123542050905	0.09049116031106832
1.4412266096686954	0.00018347499296042597	52.11944439421253	0.09485698776456582
1.4415934049143857	0.00018332009957161725	51.732145442844896	0.09692250862827366
1.4419598900886739	0.00018316546772084588	51.27255073120582	0.10592179013660417
1.4423260668057278	0.00018301109628658405	50.96489858082915	0.09167339877297898
1.4426919350398457	0.00018285698484098278	50.56376561217317	0.10109337105969582
1.4430574947658508	0.00018270313295685946	50.367478835047145	0.0910239782642902
1.4434227475912076	0.00018254953952165893	50.70709490667686	0.09138598990110881
1.4437876934876646	0.00018239620411298886	51.00288376767522	0.09489718828445955
1.4441523324274972	0.000182243126309107	51.18648442164818	0.09751191062583997
1.444516666011522	0.00018209030500633018	50.93890360241467	0.10852052267877237
1.445062593676632	0.0003637231062445121	50.64206104495864	0.09035440204233534
1.445607835947634	0.00018163337525853204	51.14387925030755	0.08654385231277456
1.4459709510498173	0.0001814815744414855	51.2047766951573	0.12083281321875741
1.446333762263428	0.0001813300273744649	51.68586658550652	0.07409587684942855
1.4466962711761433	0.00018117873297123326	51.454097836021575	0.1073372210130876
1.4470584772127475	0.00018102769105021014	51.40328138786985	0.10664313298407331
1.447420381956584	0.00018087690053088763	51.52761257650229	0.08684863404455109
1.4477819853703238	0.00018072636101025454	51.467698782293425	0.1107975341542387
1.4481432874171782	0.00018057607208589362	51.54796411892256	0.10990839015581501
1.4485042896740339	0.00018042603268581054	51.64244525892264	0.10042688598220163
1.449045230765609	0.00036040288123052004	51.58423061825437	0.10057089179248237
1.4495854989191317	0.00017997740698837123	51.720717052041095	0.11623953925331339
1.450304812553978	0.0005390386817459457	51.54968004326078	0.09596975725486015
1.4510229364167555	0.00017938269851203693	51.6119310973686	0.08439595774409901
1.4513815539017683	0.00017923463487752914	51.337309357026285	0.11286127137586176
1.451739875503678	0.00017908681546679233	51.19373032991209	0.11117230983427787
1.452097901177047	0.0001789392398957954	50.87137620565859	0.12608655628244467
1.452455632475515	0.00017879190712296236	50.649805408131925	0.1146350095235585
1.4528130693507975	0.00017864481676859348	50.43513447208746	0.11384148891535266
1.4537053759483112	0.0007131125912710324	49.66203468573464	0.11070131065237761
1.4551292644808036	0.000710778391424958	50.57354928073693	0.10171391955650311
1.4561941252943906	0.0003545188727678603	51.31419876510625	0.11465028972314066
1.4569025849906432	0.0003539410215733798	51.55245403710805	0.10610314790728557
1.4576098908665327	0.0003533650510608681	51.43666235064642	0.15458550785367525
1.4581396150080046	0.00017646715106236417	51.82786110349829	0.11401354525928035
1.459021055885277	0.0007044374313767355	51.58130705262171	0.11401246218133182
1.460427650282893	0.0007021595878398553	51.701444969882346	0.11367354086011613
1.4621795112737936	0.0010489993727023678	51.72518782745337	0.12981864416103372
1.4635759298354085	0.0003485439552320978	51.97804034307241	0.10614729325559477
1.4646203047391948	0.0006954135938606377	51.715512571440094	0.1066945444453117
1.465835576662042	0.000520102770787766	51.82106861320834	0.08516406783732967
1.4665284941533279	0.0001730912025618068	51.9783508347996	0.08833470690838302
1.4672203075112376	0.0005184470845372282	51.70309529948722	0.0834511236272013
1.4679110205912116	0.00017254106278223616	51.86643650170225	0.08463057643546232
1.468255965876483	0.0001724040737146625	51.62267645787659	0.11423798809104849
1.4686006368875146	0.00017226730220325042	51.69673851573797	0.08524574659752199
1.4689450350856945	0.00017213074732350814	51.545293552795414	0.09278774871451044
1.469289160390375	0.0001719944087641603	51.483505622591714	0.09758176358713308
1.469633012721505	0.0001718582862142732	51.55245464417747	0.090990508893946
1.4699765935349467	0.00017172237875618263	51.395263449940636	0.11475000081541513
1.4703199027481961	0.000171586686082519	51.58093613720054	0.0901018026879136
1.470662940279348	0.00017145120788624441	51.50936853958409	0.11885716203428852
1.4710057075787795	0.00017131594325645066	51.8512221545228	0.07552589274993149
1.4713482045621529	0.0001711808918896238	51.4504070502905	0.08771480352118308
1.4716904311457348	0.00017104605348257026	51.054930725345216	0.07210045118925822
1.472032388774454	0.00017091142713106854	50.822206671619384	0.06562337105927198
1.4723740773621656	0.00017077701253540874	50.987854736081054	0.07184520882178183
1.4727154968233258	0.0001706428093961943	51.135298843697406	0.06180060004322598
1.473056648597461	0.00017050881681581823	50.32205503171359	0.0689822709550592
1.4733975320888792	0.00017037503469752264	51.012809541364895	0.060037006869812344
1.4737381487335257	0.00017024146214807286	51.696124053811914	0.060007146225375604
1.4740784984422877	0.00017010809887399347	51.23275634340746	0.06803155749756074
1.4744185811266588	0.0001699749445821052	50.99263368125797	0.06806762831961635
1.4747583982172439	0.00016984199838567505	50.80410987922712	0.06763184903540913
1.4750979496231795	0.00016970925999490395	51.20898951467508	0.064561527246063
1.4754372352542147	0.00016957672912027832	51.6992863689811	0.06750211266423753
1.475776256535649	0.00016944440488150106	51.355615899305704	0.08745614469438188
1.476115013374895	0.00016931228699240038	51.111855106532865	0.07098163683773513
1.4764535056799715	0.0001691803751670837	51.279903685066856	0.08499945652894422
1.4767917348709194	0.00016904866853162083	51.85817338350078	0.08370136458893458
1.4771297003500294	0.0001689171669992237	51.934535427040124	0.07809141958085139
1.4774674035338555	0.00016878586970017108	51.69551826135081	0.07669972682158155
1.4778048443269747	0.00016865477635423704	51.31266734567415	0.07923443679538497
1.478142022634578	0.00016852388668145855	50.99961970603619	0.0706892471705013
1.4784789398680198	0.00016839319981837398	51.24856016700421	0.0686529145276427
1.4788155959302067	0.00016826271548826347	51.60859899005776	0.0731283863400396
1.4791519907246602	0.00016813243341466146	51.599524214068104	0.082023557961822
1.4794881256575723	0.00016800235274030183	51.58401387432795	0.06966015493040573
1.479824000630199	0.00016787247319192635	51.53021013339177	0.07222376348996923
1.4801596155444159	0.0001677427944965213	51.402505256195504	0.09000240022988906
1.4804949718012865	0.00016761331580295418	51.46715240967353	0.0844983021511013
1.4808300693004413	0.0001674840368413826	51.50310996505271	0.09295239027758444
1.481164907942124	0.00016735495734220303	51.73038474427014	0.07638657124935713
1.4814994891223134	0.00016722607646035153	51.777981486520915	0.08322314616793797
1.4818338122410386	0.00016709739412096484	51.75996888643448	0.09650624337417697
1.4821678786909058	0.00016696890948299136	52.018404558027434	0.07736957005098824
1.4825016883688722	0.00016684062228218872	51.782066048055505	0.08287086633190169
1.4828352411725152	0.00016671253225453847	51.29550537088885	0.11437451960693373
1.4831685384894124	0.00016658463856495664	51.109726962829306	0.11422531127910104
1.4835015802149445	0.00016645694095250384	51.391470393149376	0.08732203507446555
1.4838343662451177	0.0001663294391564554	51.46061259750525	0.09932214852051907
1.4841668979625127	0.00016620213234763595	51.55891829080904	0.10976928883085468
1.4844991752609586	0.0001660750202683656	51.717683589613024	0.0925340862720471
1.4848311980349027	0.00016594810266117404	51.650806803638496	0.10288336660667913
1.4851629676619726	0.00016582137870273247	51.611560860789126	0.1089793693558529
1.4858257470452716	0.0004967055321433871	51.50874937342151	0.08287808312917669
1.48648751649809	0.00016531641276996213	51.54088094553867	0.10246101114634264
1.4868180237076276	0.0001651906513721297	51.23163513714974	0.20947440074545387
1.4871482795855033	0.00016506508117015485	51.52625151873789	0.11710722589488462
1.4874782840221143	0.0001649397019150424	51.50082783801763	0.12688806214315543
1.4878080383820376	0.0001648145127987724	51.587881499203434	0.11018139673849549
1.488137542553558	0.0001646895135752744	51.550540079876306	0.12452184280008867
1.4884667964255902	0.00016456470399865757	51.61208910731587	0.11438024751276803
1.4887958013578775	0.00016444008326653908	51.65152188862334	0.10751582844536171
1.4891245572372407	0.00016431565113592076	51.69092657859893	0.09780963931761602
1.489453063951125	0.00016419140736397922	51.717906317706785	0.10781139497650698
1.4897813228544792	0.00016406735115391037	51.63175073576079	0.1379244641546584
1.4901093333440825	0.00016394348245019145	51.88224136362655	0.09495611504121491
1.4904370967717044	0.0001638198004597075	51.80067604076441	0.11464991762451676
1.490764613021758	0.0001636963049444981	51.440162913604055	0.21708277050158972
1.4910918819792869	0.00016357299566676506	51.81965885842243	0.105499929653145
1.4917456817785932	0.000489980799860631	51.67071993098729	0.08855129630501463
1.492398498645582	0.00016308161015770236	52.01906681952806	0.08333543203734858
1.4928874681282962	0.0003257962018049321	51.59968361326035	0.13581883681783397
1.493375887702362	0.00016271500417437427	51.980261879074384	0.09581386942927546
1.4938637583610828	0.00032506463734918365	51.727149835392304	0.11162848368467486
1.4945134016126729	0.00032457875002912676	51.61748953192195	0.11608881443822189
1.4953240913988575	0.0004859601446918305	51.652032996190165	0.09001994739327986
1.4959715554113195	0.0001617453983909153	51.500024557692356	0.110282506533489
1.4966180555946333	0.0004845143994240954	51.07297591099459	0.08465787974086067
1.4972635949742918	0.0001612649158901331	51.00848035272747	0.09563485095858881
1.4975860047941998	0.00016114524110699468	51.041333313316045	0.08320113749459375
1.49790817592222	0.00016102574363565322	51.08174976871963	0.07049979849211223
1.4982301077527915	0.0001609064234376785	51.566603641729024	0.07094943849700763
1.4985518015991457	0.00016078727976407523	52.117278399301235	0.07990289165990888
1.4988732573344006	0.0001606683124005476	51.98749609335582	0.07884091818794493
1.4991944748323094	0.00016054952113290892	51.61007823231539	0.07648328102361983
1.4995154554016246	0.00016043090521722023	51.217467339065124	0.08842967354948664
1.4998361989141855	0.00016031246444186414	50.9502830695619	0.08876739915753112
1.5001567052424711	0.00016019419859532525	51.00547156180328	0.08560510579174674
1.500476975690782	0.00016007610693867335	51.256007586876656	0.07264908787972113
1.500797010129699	0.00015995818926293486	51.13619846453028	0.08882530902365354
1.5011168084304363	0.00015984044535923507	51.176401796496904	0.082950819435946
1.5014363718928796	0.00015972287449360166	51.26650156161595	0.08844708899160132
1.5017556999106987	0.00015960547663448286	51.42295013400718	0.09047865831237324
1.5020747937808496	0.00015948825105118592	51.46785861251129	0.08684691075746548
1.5023936533718427	0.00015937119753907467	51.52669157084183	0.08031681625170142
1.5027122785528264	0.00015925431589360132	51.5318685957091	0.07670693836962715
1.5030306706163867	0.00015913760538895316	51.80197507477792	0.05987864275680479
1.5033488294298143	0.00015902106582305346	51.91090871284272	0.06124805286530866
1.5036667548610372	0.00015890469699390825	51.17833525340192	0.06344199817794072
1.503984448198302	0.00015878849818053826	51.401583763323	0.07351235682745377
1.504301909307693	0.00015867246918339507	51.410038313633315	0.06268889216724981
1.5046191380559373	0.00015855660980300645	50.98404675695114	0.068504817587845
1.5049361357269655	0.00015844091932318166	51.23276630824499	0.06822512817798262
1.505252902185676	0.0001583253975468681	51.49618638448655	0.0652292903742268
1.505569437297603	0.00015821004427708668	51.182045688936576	0.0639210949178052
1.505885742342398	0.00015809485880238715	51.725563840592216	0.06401369305095136
1.5062018167129645	0.00015797984109944976	51.765479355008296	0.06466023422634375
1.5065176616861142	0.00015786499045996046	51.0125700387067	0.058315339999231074
1.5068332771247932	0.00015775030669096184	50.95475283279367	0.0671025658994213
1.5071486628925868	0.00015763578959956015	51.45097881613906	0.06362181312174227
1.5074638202620716	0.00015752143848210835	51.65180246310921	0.06569085127036173
1.5077787490950416	0.000157407253148066	51.72173674592383	0.06564729949765714
1.508093449253935	0.00015729323340695023	51.35296841434528	0.06218143013416403
1.5084079220071167	0.00015717937855973808	50.90677698028779	0.0634259317996012
1.5087221672152482	0.00015706568841827517	50.73761030249586	0.06677176669167664
1.509036184739628	0.00015695216279446248	50.66767085807268	0.07443442736064054
1.5093499758444446	0.0001568388009938549	51.06296193341706	0.0805710040500787
1.509663539922156	0.00015672560299921423	51.53048575918199	0.06384032982572249
1.509976878234178	0.00015661256811912435	51.157029705475324	0.06859488611171434
1.5102899906393072	0.00015649969616934666	51.316311270516735	0.06961310973556992
1.510602876996983	0.0001563869869656885	51.60247816651584	0.07247339558191848
1.5109155385644861	0.00015627443982124136	51.388165350830484	0.07507520101035635
1.5112279751995155	0.00015616205455407778	50.99484575953355	0.08127416392375211
1.5115401867604106	0.0001560498309823112	50.82830533058915	0.09095556714265349
1.5118521745003457	0.0001559377684234989	50.84297865587744	0.08790611693431175
1.5121639382759327	0.0001558258666979965	51.29074886184819	0.07936140315271115
1.512475477944431	0.00015571412562619512	51.65438775774675	0.10707767204009938
1.5127867947549283	0.0001556025445300771	52.28084635101722	0.0922054005887492
1.5130978885629698	0.0001554911232322523	52.82956903586124	0.09412391941810518
1.5134087592247403	0.00015537986155536403	52.69847099890562	0.11155625519488753
1.5137194079852763	0.00015526875882577594	52.68757582520189	0.08256122678516867
1.5140298342366558	0.00015515781503352852	52.26057044572602	0.12718907092611556
1.5143400392212276	0.00015504702950788464	52.267010524257714	0.08920056257770334
1.5146500227927784	0.00015493640207515387	51.88031955503238	0.11979979186269218
1.514959784805738	0.0001548259325616708	51.744365294874285	0.1106405771513306
1.5152693264984436	0.00015471562030101337	51.551994148944345	0.11114153426777916
1.5155786477236461	0.00015460546512167524	51.3801340413745	0.10574197576642075
1.5158877483347428	0.00015449546685216962	51.01029067590852	0.20515315648426474
1.5161966295660805	0.0001543856248303507	51.39589274447972	0.110417532414807
1.516505291269392	0.00015427593888686856	51.423171515248896	0.10374069606837008
1.5171219567263963	0.00046217110236988486	51.068717861246576	0.13913184051903563
1.5177377481119467	0.00015383874958666035	51.561513060960564	0.10172359139971648
1.5181990193304726	0.00030735088339001594	51.27302858114305	0.15656114069995528
1.518659801145108	0.0001535124801554487	51.77513290930667	0.0962826887910542
1.519120094593257	0.00030669972773461347	51.540620557767944	0.1254454987509212
1.5195799007090285	0.00015318759173456507	51.79369756078242	0.11223603176826252
1.5203451641107544	0.000611671599976961	51.48065387354081	0.11590899055628517
1.5212617036153744	0.00030519104158816944	51.604784995615134	0.11244133634063874
1.5220240117503867	0.0004569837238925762	51.43553190349757	0.12213763939293429
1.52263289622504	0.00015211449261067465	51.75748038930529	0.11372741593582554
1.5230890003592894	0.00030390964600572135	51.49873442733107	0.1471589968478339
1.5236963945826583	0.00030348490208764874	51.66546622071154	0.10547424946572798
1.5249086407925192	0.000907916897534699	51.40637888416861	0.11450710501090586
1.5262683852639298	0.00045253936053459346	51.69856221925272	0.09398482656942801
1.5268713521839163	0.00015063716623297046	51.86631627265183	0.11651360875605928
1.5288252336635506	0.0017995317012693595	51.38525894074993	0.10329096435022071
1.5325581689217418	0.0019328078141873652	51.29056263358984	0.11116760338744038
1.5352261525707984	0.0007388347967756296	51.42616956313498	0.11385205104096713
1.5369957458487273	0.0010301626112691783	51.33678028151877	0.11339679451647819
1.5409511630996116	0.0029166366041491637	51.068612706672255	0.10850577880458087
1.5507562058912618	0.006843661507246078	50.64940334870215	0.1072291966425425
1.5709527871506475	0.01320147435800506	49.67078299803284	0.21636500266138822
1.5842216761196066	0.0002640047914046034	50.51108576561305	0.11616120553660017
1.712053160048953	0.00039337822887688446	50.913973454364324	0.11627549577536425
1.7145048407790187	0.0020536098717511687	50.585230478757126	0.13330443041326054
1.7170399916246522	0.00048610882119369243	51.12981987008505	0.10565062729589668
1.717817070087607	0.00029114388574624686	51.27546797010816	0.10621502548046066
1.718205088562369	0.00009696129356763374	51.57695301933581	0.11532749013468462
1.7183989679708973	0.00009691801739550003	51.72971179814745	0.09769121140730251
1.7186896246058492	0.00019370635117044543	51.43988574675549	0.16981020392866228
1.7190768646784393	0.00019353370925876572	51.81842155448257	0.11072767348434416
1.7194637597747497	0.00019336137480927332	51.973987281952574	0.11525233364586969
1.7197537048958194	0.00009661616266526105	52.04908647345823	0.10661505730046156
1.7200434567157812	0.0001931034479282867	51.73426367695921	0.10907974399647238
1.720525947237933	0.0002893335507873582	51.410249477126676	0.09798099283379644
1.7209115540815765	0.00009635892256405121	51.566600530092316	0.10438444523690428
1.721104229283487	0.0000963161823086801	51.59398357551954	0.12868513195633574
1.7212968187558313	0.00009627348001520915	51.93287421962241	0.09062353396057742
1.721489323148316	0.00009623081550599091	51.99096544771495	0.1013711334635212
1.721777919696246	0.00019233377925746502	51.926366334214286	0.10426219201700702
1.7220663245938916	0.00009610304862667552	52.13008832224191	0.09987975930598923
1.7223545379525154	0.00019207858472508857	51.57924448691321	0.1028926623308018
1.7226425604553122	0.00009597562057292289	51.35081808998013	0.10942675372677149
1.72283446910628	0.0000959332196588277	51.35239945600532	0.08795845363151375
1.7230262932787337	0.0000958908561295522	50.963583463561854	0.12610415161954222
1.7232180327614903	0.00009584852999871814	51.0283898432163	0.11432433929670716
1.7234096873437716	0.00009580624127981183	51.6359405178654	0.09131511589200138
1.723601257671403	0.00009576398979738919	51.958480330342	0.12347518743619207
1.7237927435332816	0.00009572177556516676	52.50697296369326	0.11290685297134752
1.7239841447187132	0.00009567959859672563	53.02063409380453	0.1051680240134394
1.7242710888537012	0.00019123280538810376	53.45260164360215	0.09547294757096554
1.7245578432412882	0.00009555329028009462	52.98753718154098	0.11135040585714623
1.724748907889462	0.00009551126156189936	52.70182168447296	0.10115410064026828
1.7251307849137252	0.00009542731500745569	52.04478469602168	0.08830862352382066
1.7254169725546729	0.00019072890370253835	51.36720678482979	0.11109247456778953
1.725702971730338	0.00009530167146331037	52.041386336170156	0.09088655812921693
1.7259887826887796	0.00019047794736044545	52.06694278774349	0.15234280354136548
1.7263695716594474	0.00019031100968135194	52.81916923179129	0.10245079463201132
1.7267500269055185	0.00019014436442134052	53.16930253960623	0.13403036109009916
1.7270351497069885	0.00009500978595239018	53.07307540495924	0.11684686971539604
1.727320085725547	0.00018989494296072732	52.74030290323154	0.10467631585218726
1.7276997095662099	0.0001897290252417076	52.28992882120906	0.1125565973407665
1.7280790020025496	0.00018956339714392806	52.000314841757685	0.09552067853101223
1.7283632540657086	0.00009471968286722088	51.96017745408567	0.10923212115770733
1.7286473202034363	0.0001893154965264327	51.60561034507599	0.12991482750567582
1.7290257863034217	0.000189150589325912	51.521836111233895	0.11255850514810156
1.729592867557842	0.00037780753317194276	51.32495283450444	0.09967580443665879
1.7300648705011985	0.00009434928620431266	51.689458115544326	0.11213068971857079
1.7303478260335508	0.0001885756698221026	51.605555607175724	0.11002057751839518
1.7309131849875181	0.00037666068832672907	51.649938479571894	0.09793848166491521
1.7315718413855268	0.0002820674047628385	52.07436621573877	0.0951891764625511
1.7319477685244729	0.00009394111722237985	52.518886077238506	0.11552853500083549
1.7322295004861492	0.0001877603925438269	52.50541792826079	0.12854539867783601
1.732604859075753	0.00018759818226677194	52.85000153268623	0.11310898342869691
1.7333546042534076	0.0005618238034331834	52.55411629647952	0.09963316748921605
1.734196523303396	0.000280367856152785	51.61741518157814	0.09524242764083711
1.7345701863322034	0.0000933755779798885	51.447594070117496	0.11503811647254476
1.734756897447336	0.00009333544274469358	51.434913223874815	0.11546364402556841
1.734943528048408	0.00009329534205672559	51.4651242920299	0.11300743114686249
1.7352233240754849	0.000186470511003972	51.20104245012456	0.14985123410720197
1.7356892503048718	0.0002794058493381771	51.1490797959361	0.09030933790812692
1.7360616316666704	0.00009305545944363865	51.512039041449185	0.09399405636593214
1.736340708369839	0.00018599136282707374	51.830816190689305	0.10884772937409228
1.7366196058540762	0.000092935980135919	52.520588235695065	0.10840926898413336
1.7368054381500613	0.00009289622183173637	52.31538164899076	0.13028670173828588
1.7369911906866715	0.00009285649758963048	52.138241039273254	0.10533118988681897
1.7371768640854555	0.0000928168072476114	51.84665766708559	0.10640574598183183
1.737362458137436	0.00009277715082137043	51.69643634704989	0.08867255957414401
1.7375479726340215	0.00009273752832647114	51.579903563626054	0.07929575386644713
1.7378260962935643	0.00018535631582251608	50.98084936680665	0.10180101243422315
1.7381040416797306	0.00009261886352396277	51.15969031676222	0.10088195014398105
1.738289240013016	0.00009257937602619168	51.22301214094907	0.09815635112052906
1.7384743594049268	0.00009253992218458781	51.24422176392847	0.10884253520635293
1.7386593996470594	0.00009250050201485629	51.19105175619798	0.1544298653126588
1.7388443613580604	0.00009246111535657834	51.48259148155663	0.11143538647179471
1.739029244053799	0.00009242176228427116	51.71339659076002	0.10202370693326525
1.7392140483522807	0.00009238244263786199	51.80183454581282	0.12332464503658985
1.7393987740448762	0.00009234315643329803	52.040867427030264	0.10722999559557374
1.7395834209233398	0.0000923039036863997	51.9252701538472	0.1094896702221934
1.7397679896047182	0.00009226468423761115	52.01069370294232	0.08919505765109288
1.7399524798804782	0.00009222549810294748	52.03170975416944	0.08673884958747735
1.7401368915424689	0.00009218634529829701	52.083249785319744	0.1229155241631296
1.7403212252067812	0.00009214722566461861	52.47161326693802	0.09258190312679244
1.7405054806649785	0.00009210813921799403	52.423277193452606	0.14425859392841142
1.7406896577090052	0.00009206908597437934	52.590726001459956	0.09039101772366119
1.7408737569539998	0.00009203006577524488	52.37005852111303	0.12982493264796785
1.741057777917467	0.0000919910786948097	52.46552861519103	0.09135014674866074
1.741241721213912	0.00009195212457488398	52.36534068521436	0.09076046270787838
1.741425586635059	0.00009191320343165973	52.13206003105803	0.07695380471594387
1.7416093739730125	0.00009187431528120335	51.65218133477528	0.09134505929885184
1.7417930838413307	0.00009183545996583275	51.331302924251716	0.08538032883572316
1.7419767160318345	0.00009179663750180483	51.62190410438048	0.08277425725436785
1.7421602703367258	0.00009175784790525123	52.15250892952805	0.06843118756313904
1.7423437473686167	0.00009171909101899507	52.310452971683304	0.07601025196626883
1.7425271469194268	0.00009168036685935752	51.913663330955295	0.0702659572304175
1.742710468781455	0.00009164167544253442	51.85628626033759	0.0606187973410567
1.7428937135663727	0.00009160301661185178	52.31914394018549	0.06242669025557855
1.7430768810661963	0.00009156439038369405	51.949791278590226	0.060957705353346534
1.7432599710733223	0.00009152579677432087	51.0357293732028	0.059596174897101804
1.7434429841984838	0.00009148723562755859	52.128495211785975	0.05927815081439684
1.7436259199612574	0.00009144870701724218	51.61080470722992	0.056222876885998425
1.7438087789717527	0.00009141021078753019	51.5432758661127	0.055467029838475505
1.743991561022151	0.00009137174695491088	51.68366593315726	0.055167068938341196
1.744174265905011	0.00009133331553574836	52.34933049857428	0.055059053115135474
1.7443568942295085	0.00009129491637469746	52.436147269881204	0.056294215484342325
1.7445394457879237	0.00009125654948830789	52.12927013775116	0.053809591530962896
1.7447219203729152	0.00009121821489300508	51.35662865017806	0.05505105451705358
1.7449043185927253	0.0000911799124339382	51.34375678213244	0.05461291025131133
1.7450866402397367	0.00009114164212771712	51.80752826810385	0.05545013296327662
1.7452688851067037	0.00009110340399082851	51.65418360637314	0.053139684829196725
1.7454510538009445	0.00009106519786891277	52.03538030553876	0.05731332508337798
1.745633145843657	0.00009102702383549983	52.05171324981045	0.05790068615360399
1.7458151618415418	0.00009098888173655645	51.876036248881476	0.05703950780816711
1.7459971015871454	0.0000909507715887922	52.215327566246806	0.05686627156606078
1.7461789648733892	0.00009091269340879333	52.671018974130256	0.05932981401954077
1.7463607523060507	0.00009087464704301426	52.25335088291148	0.05699119782138876
1.746542463677778	0.00009083663250822313	52.107680380385936	0.05721268535606507
1.746724098781591	0.00009079864982106518	52.4498065993147	0.057833514088879004
1.7469056582223483	0.00009076069882848005	52.32138237924139	0.06621376496758304
1.7470871417927971	0.00009072277954729384	51.93433260403795	0.06659551875177387
1.7472685492860593	0.00009068489199420982	52.644610056036996	0.0695153402498257
1.7474498813060757	0.00009064703601665071	53.1196126185343	0.06311023097651061
1.7476311376456952	0.00009060921163149962	52.179911560923905	0.07117846596051629
1.7478123180981395	0.00009057141885551753	51.66913991654294	0.06622306283986684
1.747993423266435	0.00009053365753660768	52.30018159512297	0.0630631893460925
1.7481744526738336	0.00009049592774790811	52.67461688007198	0.06893631159398463
1.748355406922755	0.00009045822933764124	52.06992935945008	0.06513313265233346
1.748536285806217	0.00009042056232278392	52.34003790320414	0.06326284478358776
1.7487170891176094	0.00009038292672019132	52.33820901202936	0.059775613584437906
1.7488978174584422	0.00009034532237856266	52.57350773155693	0.07469091900676986
1.7490784706218356	0.0000903077493149302	52.12230375693006	0.06331194303548536
1.7492590484012813	0.00009027020754620436	51.33562056637041	0.07139554032801902
1.7494395513973813	0.00009023269692155933	51.58290482014078	0.07054345921219903
1.7496199794033598	0.00009019521745808161	51.67630078727673	0.07152033035374258
1.7498003322128088	0.00009015776917273688	52.429352792971834	0.08012082299234571
1.749980610425428	0.00009012035191517124	52.501533832677296	0.07822838167375706
1.7501608135660751	0.00009008296575821207	52.31129503568857	0.07373777359685396
1.7503409422338494	0.00009004561055181911	52.352448476879445	0.07254164357468827
1.7505209962221446	0.0000900082863131686	52.32554262035876	0.08632613028192306
1.7507009753247236	0.00008997099305931612	52.4146062269011	0.07208124188744928
1.750880880139787	0.00008993373064068995	52.02227046454168	0.1262339712881733
1.7510607104608318	0.00008989649907451915	52.40557160338405	0.08373973610442786
1.7512404660817233	0.00008985929837791234	52.678612995954474	0.08265957971732209
1.7514201475997655	0.00008982212840176418	52.65576111799017	0.08449047684084182
1.7515997548085596	0.00008978498916335593	52.52167865077165	0.0790693936032506
1.7517792875020735	0.00008974788067984843	52.50299710773688	0.0816670595888155
1.7519587462767177	0.00008971080280260061	52.604425726203694	0.08003016560766237
1.7521381309261979	0.00008967375554894503	52.23931035294977	0.09775419754206305
1.752317441244585	0.00008963673893609454	51.84702935274894	0.09605610480070025
1.7524966778273987	0.00008959975281586987	51.924443438905314	0.07603697930219995
1.7526758402015306	0.00008956279726069985	51.98779232446564	0.07797486131789085
1.752854928961909	0.00008952587212271204	51.81783766471406	0.07799735159352585
1.7530339439024132	0.00008948897741932334	51.36539497482036	0.086578350602721
1.7532128848172854	0.00008945211316783133	51.259992280098416	0.09929401711505755
1.7533917523005693	0.00008941527922082182	51.4472317034311	0.08843356096016794
1.7535705461462479	0.00008937847559576161	51.93002298763642	0.08625526609487005
1.7537492661486684	0.00008934170230999793	52.50463338724412	0.08861645026782212
1.7539279129009904	0.00008930495921657322	52.935942933222584	0.08273535565281441
1.7541064861973024	0.00008926824633300289	52.80840631989686	0.0929936137630297
1.7542849858320555	0.00008923156367668397	52.69404619377614	0.09970870556669101
1.7544634123975293	0.00008919491110111256	52.59721052044312	0.09378838632293474
1.7546417654222044	0.00008915828867840215	52.44092074491648	0.11074047787651839
1.7548200454977754	0.00008912169626235034	52.53990488716262	0.08932253180795091
1.7549982524185048	0.00008908513387055318	52.49669366324012	0.1072319870386857
1.7551763859790195	0.0000890486015204885	52.60476164772407	0.09569897151033939
1.7553544467701372	0.0000890120990664044	52.34149092457824	0.15798817382077396
1.755532434586227	0.00008897562652594436	52.74998577435886	0.08084645416906744
1.7557103492220205	0.00008893918391663382	52.63593143739941	0.08871571870912827
1.7558881912674618	0.00008890277109316935	52.10642829886831	0.1101719433393857
1.7560659605170263	0.00008886638807324123	51.63919514439348	0.11819855121067609
1.7562436567655515	0.00008883003487442183	51.29674593990586	0.11008374754994314
1.7564212806021107	0.00008879371135185409	51.74901151412617	0.09751689538666553
1.7565988318212857	0.00008875741752327438	52.47613658768166	0.09411692634259845
1.7567763102180185	0.00008872115340630169	52.89372084601913	0.10983631474949246
1.7570423921611122	0.00017733362541047938	52.104192976201176	0.10321720205047624
1.757308311181915	0.00008861253852955882	51.777802850994014	0.08498438324783969
1.7574855002032068	0.00008857639262606721	51.23376008422805	0.16944248445481
1.7576626166982643	0.00008854027625286828	51.273713951355965	0.10181590347820818
1.7578396612538538	0.00008850418926628491	51.14192566854777	0.11734790949119112
1.7580166336648413	0.00008846813168417376	51.480350871232616	0.09527671664674331
1.7581935337264536	0.00008843210352427437	51.60827258574624	0.11704610523248624
1.7583703620245927	0.00008839610464334878	51.83850998283314	0.1238908337795296
1.7585471183542352	0.00008836013505929715	52.15490730343238	0.1077400713496231
1.7587238025107113	0.0000883241947899037	51.96984974515148	0.10929839367663431
1.7589004150790677	0.00008828828369236682	51.68154899589193	0.10597315011798215
1.759076955591374	0.00008825240183807678	51.2266220650113	0.14630551453724658
1.759253424632106	0.00008821654908452192	51.04921218750949	0.11347596204045479
1.7594298219964168	0.00008818072544967475	50.928277611450554	0.11562555423832983
1.7596061474798164	0.0000881449309513918	51.24141513982337	0.11383631610547783
1.7597824016659274	0.00008810916544759472	51.61360643221954	0.09778465092841092
1.7599585843500103	0.00008807342895629844	51.84706722476532	0.11408697288480318
1.760310735181716	0.00026400612876977686	51.94994172890031	0.09093749519680099
1.7606626007006962	0.00008793077251734327	51.67995920281611	0.10831702505771934
1.760838426743291	0.00008789518056029448	51.50431798793097	0.10277365179191295
1.7610141816307412	0.00008785961740487718	51.32554411690812	0.147184438228315
1.7611898651588789	0.00008782408306907429	52.18181793824979	0.10845526393295837
1.7614532575308621	0.00017554167074714915	53.083188236024604	0.10702420793587665
1.7618041990985311	0.0001753998775911637	53.58542934636824	0.11026968440741651
1.7621548571782375	0.00017525831336882275	52.494240754544315	0.14646538757850514
1.7625052324884503	0.000175116977420914	51.720178415763016	0.09874340361287573
1.7627678285596846	0.00008750556249037508	51.99083947840623	0.0900331328555753
1.7629428045251645	0.00008747031385867305	52.0852436623656	0.10146201684371188
1.7631177097611574	0.00008743509366541625	52.05392563809219	0.15243364874292284
1.7632925448456607	0.00008739990177136486	52.40158429456498	0.10534922308650839
1.7634673093142939	0.00008736473824717879	52.30863666739615	0.14039058928352033
1.7636420037444973	0.00008732960295389732	52.40161951453711	0.08648004635037042
1.7638166279323313	0.0000872944959098291	52.1281865271543	0.10167520179182894
1.763991181674207	0.00008725941713316933	51.92444809319182	0.1073318734181403
1.764165665546732	0.00008722436648537425	51.63113776244367	0.13335686764482715
1.7643400793460766	0.0000871893439847904	51.80091242542625	0.10890290104413498
1.7645144228687615	0.00008715434964965097	52.012146860318936	0.10976639108515834
1.7646886966905635	0.0000871193833418274	52.4323745407992	0.08321784616996193
1.7648629006077636	0.00008708444507970353	52.50837204913941	0.10198591475193956
1.7650370344169917	0.00008704953488154997	52.60596306469659	0.1297566633939754
1.765211098693198	0.00008701465260965149	52.86984355679806	0.09733283279288296
1.7653850932327733	0.0000869797982824286	52.37478367936983	0.13986809927256244
1.7655590178324574	0.00008694497191818908	52.34148304168034	0.09151751782678742
1.765732873066375	0.00008691017337962898	52.00269862422064	0.1194447618429434
1.7659066584721188	0.00008687540273699672	52.390849272721155	0.09714810272227879
1.7660803746232636	0.00008684065985326192	52.7590195571388	0.0890159168498559
1.7662540213163895	0.0000868059447469042	52.90860110791149	0.11053926095219854
1.7664275983484155	0.00008677125743629276	53.05641078802887	0.09576955024318924
1.7666011062920992	0.00008673659778480464	53.03747952742978	0.09830571354078636
1.7667745449441212	0.00008670196581095694	52.921179991108175	0.123856870010351
1.766947914101523	0.00008666736153315215	52.99187791456083	0.10629781784677676
1.767121214336239	0.00008663278481517457	52.94391567367073	0.11401550417349304
1.767381034965481	0.0001731619429261597	52.742482730299	0.10671096725319217
1.767813724137492	0.00025948426044917794	51.91598102414651	0.09275725713468556
1.7681595655127453	0.00008642590260325054	51.46731405723659	0.1066599356977051
1.7683323827642705	0.00008639151829427866	51.283242368115175	0.10411333599839401
1.7685914801548637	0.00017267998604476073	51.79060607420338	0.10907424140267567
1.7688504228045656	0.00008628852922592025	52.60926778053857	0.1159559476018475
1.7691092114119562	0.00017247425338575367	53.26201263267793	0.09231138719660706
1.7694540229276234	0.00017233737044417702	53.61215927973108	0.09646516600935252
1.7697124522168357	0.00008611742533089385	53.32839117029167	0.11507163060012786
1.7700567853068963	0.00008604917365329013	52.893445884170525	0.11457789771882465
1.7702288494003477	0.00008601508839304528	52.752933884574695	0.09516151898474315
1.7704008456065825	0.00008598103007465815	52.44923755128787	0.12810706676250863
1.7705727737231136	0.00008594699871688735	52.764448374494926	0.08621797513009256
1.7707446335477854	0.00008591299433838406	52.74695474873526	0.10724470496408298
1.7710022962195735	0.00017172407623174582	52.67946158978083	0.11209076183881835
1.7712598058575115	0.00008581114235378834	52.78297741164894	0.09332856637646911
1.7714313943327697	0.00008577724532002806	52.58742270027839	0.10375808381930667
1.7716029150406984	0.00008574337505563979	52.307506211372036	0.1525744893905026
1.7717743677793694	0.0000857095315793365	52.71256925193953	0.08812258407002328
1.771945753113199	0.00008567571475860795	52.8164250368899	0.11168770063911568
1.772202704112297	0.000171250079165037	53.010122157924634	0.10602629197654391
1.7725450693437503	0.00017111513163122096	53.4421385676309	0.11143711110647361
1.7729726466387352	0.0002564201190352142	53.423336841596175	0.13191744710113706
1.7733144056390238	0.00008540613797852263	53.098202554403066	0.10492731457236956
1.7735705485129367	0.00017071156215740714	52.38164242600546	0.11540524565096653
1.7739118375575837	0.00017057746167518657	51.76333435566525	0.10325520603404888
1.7742528584848323	0.0001704435717595836	51.352060905816444	0.11362244178503583
1.7745084485012526	0.00008517164610063785	51.65778770029105	0.1112706715304043
1.7747638884405559	0.0001702431304720202	51.69954667137992	0.10573841012091256
1.775274317715788	0.0003400863201851594	51.8106455351171	0.11018347712294765
1.7759539583316721	0.00033955452500057735	52.38247353056414	0.10090696693118917
1.77646299157934	0.000169578384441162	52.89546470219061	0.10344028816736964
1.7768867308118956	0.00025411951236349237	53.12610238207265	0.10977944026642551
1.7772254248227024	0.00008464046966153891	53.63766591802613	0.11183138642934033
1.7774792719138097	0.000169182022758965	53.58412103327457	0.13051884790164872
1.7778175042714253	0.00016905031360822065	53.96000115036284	0.1061848717647691
1.7781554734156892	0.00016891880937057097	53.75887418633215	0.1446202771790993
1.7784087776291844	0.00008441015772008322	53.930556687648206	0.10499412902553545
1.7786619343136771	0.00016872193625454884	53.65695811452668	0.09379409824637608
1.779083534466403	0.0002528373382467507	53.2066131894348	0.11060139735722668
1.7795889149978623	0.00025254328719280614	52.811864370720905	0.12949579869900224
1.7800096167020638	0.0001681991777276257	52.6999392942854	0.11181594469824012
1.7803458847699343	0.0001680689938922106	52.419541468772536	0.12595581355289975
1.7807658541057978	0.00025185982078307996	52.18611266827647	0.09805759699370908
1.781101537365302	0.00008388840788426905	52.15401130169571	0.1135206065738643
1.7813531298344794	0.00016767964861430067	51.828767959544564	0.11835424769971757
1.7816045763875183	0.00008379129701953951	51.937632562778106	0.10317112462990827
1.7817721267469233	0.000083758976659283	52.13401340348455	0.09191369889350179
1.782023331022185	0.00016742108573249032	52.18565163853795	0.09553875198205951
1.7822743900800586	0.0000836621650547081	52.53397713867794	0.09559025941063319
1.782525304088347	0.000167227686255338	52.29028947853605	0.11272893934333154
1.782859630673176	0.0001670990013435792	52.28391267305577	0.09655481159060636
1.7831937002106155	0.00016697051428271923	52.07215969202548	0.11739966120819814
1.7835275128471038	0.0001668422247123303	52.06484954399551	0.1055849843377179
1.7841943695743896	0.0004997587080068383	51.97505529328001	0.1001069487604097
1.7848602037513603	0.0001663310316872941	52.3272308291057	0.11326516413598144
1.785275832442378	0.00024925788845721905	52.32908313320176	0.12033206247632686
1.7857740623409466	0.0002489720995978955	52.477290189623666	0.11717647956154088
1.786354609085413	0.00033151934190697594	52.32659152513364	0.19642321056324666
1.787017142075753	0.0003310139819295842	52.82956256169883	0.1007381007982447
1.7883391837696863	0.0009900236098081847	52.97050761087311	0.10050248067019568
1.7898216859748373	0.0004933249196087608	53.08987502792538	0.1163709721901975
1.7919541831546404	0.0016363616843898948	52.708085193264154	0.10625199271377936
1.7971592242310672	0.0035571071015705323	52.17953572389655	0.09857310885339936
1.8078593289130116	0.00709882826603766	51.10619974447248	0.1155154759455348
1.8978887019483315	0.0009780197643721642	50.67699913437561	0.10652382311788655
1.8988888725788868	0.0006173410951943932	50.98330093882301	0.10477714228614407
1.902092500900396	0.0025811180206926037	50.10440485727336	0.10660805622322275
1.9077019978524072	0.002918890136935549	49.85946430604391	0.11085957240539791
1.918145848636441	0.0075343144832193945	49.73768280981249	0.10451647403622465
1.9399675341035967	0.0011419461395775921	49.61578912362266	0.0695976942467692
1.9420254273498263	0.0009396427505991106	49.69123717331651	0.07044465346237397
1.9437218641040892	0.0007369576545234102	49.821304920151086	0.06869043874275012
1.9454691596907998	0.0009350941217761432	49.68757048229099	0.07044464262671894
1.9471092963523762	0.0007770232810977012	49.771876010097735	0.06959768795439214
1.9486377544115983	0.0007842751114602792	49.75041247112486	0.0713258696156731
1.950209162109382	0.0007317143377133841	49.7952690669743	0.06918652477062616
1.9516984504107748	0.0007377050746014064	49.77868767024005	0.07044465067947513
1.9531403137124164	0.000718324975429603	49.789010430803785	0.07044464520396568
1.954509884499409	0.0007048088349374143	49.80542608054195	0.06918652994193789
1.9559592850068759	0.0007907939116859645	49.74048684152242	0.07088087318315657
1.9576804735475974	0.0007499586354464268	49.76778173290334	0.07001699414825573
1.9590302545660623	0.0007699071888584286	49.75770957864603	0.06959768661692209
1.960728244759443	0.0008487243756419683	49.70942441280249	0.07001699900792417
1.9622897497138911	0.0007351320893841036	49.776315892645556	0.06918652528768475
1.9637547764343202	0.0007643314057190211	49.756952054061394	0.06959769081763854
1.965349366931561	0.0008767887913765604	49.698584600927035	0.07001699485371128
1.9672141936874925	0.0008784969889446475	49.69974264543834	0.07044464238659903
1.9690846512158173	0.0009631459538647384	49.656802586264476	0.07088085882296957
1.9707980608922693	0.00078862115288134	49.75168637562556	0.07044464832476345
1.9726100014670118	0.000991792536224833	49.65486544970448	0.0700169937672809
1.9744574126784378	0.0008948707535040086	49.69506515486055	0.0704446559906392
1.9767623628829951	0.0013579220582683074	49.51906279282509	0.0695976938036795
1.978978026629906	0.0009507613381449747	49.66874914607258	0.07001699966842503
1.9809760063256783	0.0010072844939116833	49.64914881404496	0.06918652126430846
1.98309394050086	0.0010919533577722245	49.611047509973	0.07001699501811649
1.9851884878384536	0.0009870746224733286	49.66862030340432	0.06978988129882513
1.9869258250710322	0.0008316816229620886	49.73990913598955	0.0695976859477534
1.9888096637349886	0.0010399772076227296	49.6424560945556	0.07001699285655325
1.9909570986345995	0.0009714631612616522	49.67645870304241	0.07001699882067101
1.9929162960716562	0.0011113171018950294	49.623495416334904	0.06959769134923349
1.9950384444142641	0.0010853966178587993	49.627601571248945	0.07044465309967056
1.9973950512555505	0.0012107989957684203	49.58166571051535	0.06959768493456742
1.9998580836355817	0.001149456926085096	49.589743266847265	0.0713258696076136
2.0020929407787875	0.0012519869606856292	49.55734690366084	0.07088085979579194
2.0045295476072575	0.0011509504621534585	49.59473072285314	0.07088087090276966
2.006922636274417	0.0012954969931712125	49.55512632799468	0.06959769795577823
2.009662077652292	0.0013641707689764694	49.52113239305421	0.0713258725900938
2.0127880217864527	0.0018956498244210667	49.39548380542845	0.069597704303355
2.016028400200873	0.0009706937347143707	49.517501201574696	0.07001698551901406
2.017471661511661	0.0006242940584197363	49.49128064877981	0.06918653110195314
2.018759713868015	0.0006430720790784938	49.47898579124098	0.06918653219178124
2.0199374853391063	0.0006304399646467974	49.53179553486093	0.06723452625639689
2.02128098906418	0.0006803644498950991	49.451369609811096	0.06918652540470792
2.02255299830783	0.0006050043326464961	49.52367642808569	0.06817348593203164
2.0237685211067644	0.0006620854663851345	49.444283405321364	0.07013505267422941
2.0253273781857195	0.0008353977391819526	49.3432969766002	0.06918653187187086
2.026740114999488	0.0006015819002143407	49.49824357102085	0.06830907661289139
2.0280200135520987	0.0006865170425495685	49.41597716584909	0.06918654192997944
2.0294003536749026	0.0007198578146647503	49.38871868506399	0.06965561558104835
2.0307196656850213	0.0005949142460147935	49.492529099074254	0.06859430965695908
2.0320891121436238	0.0007460082731669998	49.38524043115923	0.06918653041446413
2.033538700026451	0.0006719847541614142	49.43043176636301	0.0696556313468113
2.0348665644984245	0.0006968241493321901	49.38758278268581	0.06918652861133309
2.0361670685516944	0.0005874987757447966	49.41185161710681	0.06751257070974782
2.037342804515305	0.0006021857209322888	49.34989902700634	0.06966547355954618
2.0386081070749418	0.0006386854018968472	49.31469615173697	0.07015523249324984
2.039807317521791	0.0005906865481322142	49.409451253000846	0.06686878480603647
2.041019364115449	0.0005844294512229365	49.35183734724538	0.06918652634445288
2.0422119439539212	0.0005862754790219444	49.345227912351625	0.06918653138988652
2.043350812680744	0.0005847400781729387	49.367001489256715	0.0680307166061519
2.04464677081524	0.0006447269601528603	49.292679540846066	0.06966550128146236
2.045927475724651	0.000653086406422885	49.28246032510661	0.07015522688677353
2.047065749580777	0.0005695285166227682	49.37600146304552	0.0681822240564702
2.0482441307077317	0.0005702527028509635	49.407755279309185	0.06649194916927055
2.0495572392810315	0.0006193937478085916	49.31109592223295	0.06918653706366433
2.0506657588618573	0.000599776397708648	49.32459012156549	0.06918653784159248
2.051793946261452	0.0005644861216804732	49.34660063785323	0.07015524231396311
2.05292369674221	0.0005630196059030964	49.380382265306864	0.06846424127987022
2.054195915714779	0.0006072218797757395	49.32591944766767	0.06966550233163725
2.055366286703924	0.0007037308186254896	49.264587883401745	0.06966550263595074
2.056847058915708	0.0006590997281277277	49.294579286167775	0.07015523114735013
2.058003665675933	0.0006152233575210314	49.33993323768491	0.06918651821175369
2.0592721644336773	0.0005780601383342513	49.37584861489541	0.06918653562372631
2.0604487949025034	0.0006117693098278266	49.35945854869278	0.06918650538995817
2.0616706132137175	0.0005715789528571995	49.397968493463765	0.06918651272727382
2.0627815716206195	0.0005712150609205238	49.405340205730056	0.06918651817353552
2.0639225017668505	0.0005784644421787304	49.23877483830947	0.07882870390136715
2.0651825774044084	0.0006367570583650482	49.36072662480743	0.06918652295336607
2.0663976924995104	0.0006643348198996737	49.337499264590996	0.06918650173665258
2.0676744681249057	0.0005442178059016695	49.24953895397365	0.07882869481911779
2.06880263292296	0.0005676755227220167	49.22259304102555	0.07850507365107773
2.0699429732641597	0.0005597162072892305	49.22345369096672	0.07850506417024847
2.071067419458815	0.0006486245624418839	49.25009237126426	0.07307351779497513
2.0722769297657817	0.0005813877205426962	49.19723170529892	0.07850505696628156
2.073613564260939	0.0005742542519010298	49.19478880462397	0.0794451693934596
2.074656021905291	0.0005888796598605612	49.1851556206342	0.0794451678087958
2.075796012147588	0.0005394552763457726	49.229374522165045	0.07850507319032134
2.0768077743594167	0.0005477538330312475	49.227317628022504	0.07882869788423917
2.0779633126056045	0.0005441809123621952	49.236416585218485	0.07792260282442438
2.0791221198648233	0.0005955256642129278	49.18861359081108	0.07850508547646617
2.0801914813611053	0.000586688008818706	49.19588395547853	0.07850505901733772
2.0814431028677465	0.0006238595680144799	49.169737809682275	0.07850508064151902
2.082628287772629	0.0005477935308278564	49.25486296586246	0.07681851480719788
2.083735032312823	0.0005641599154857299	49.20618367752527	0.07850509302012781
2.0850598301772987	0.0006895117276227621	49.2809014554704	0.06918651786025788
2.0862497415101684	0.0006523090445941071	49.13223551443952	0.07792258196941504
2.087593825916439	0.0005415659624216169	49.18711034688332	0.07944518995550418
2.088681806908372	0.000616646147049744	49.12169080270853	0.07944519263287134
2.0899566085238894	0.0005973307647343478	49.20299624773724	0.07436655798021145
2.0910880022210754	0.000619402291867105	49.107220512716594	0.07850507864650179
2.092310703192685	0.000517278196358234	49.18961532329317	0.07882871933929642
2.09380363156831	0.0009207599147171042	48.94531971750822	0.07850507149961043
2.095273133525071	0.0006043058653570295	49.131808879582294	0.07944514824099169
2.096510501358741	0.000580268540148141	49.16284390527898	0.07850505465377475
2.09761485254503	0.0006061156083934794	49.15138459320545	0.07850509529595329
2.0989020770601283	0.0007011746809830186	49.09652808718739	0.07850509886301218
2.100211650390688	0.0005884203902851107	49.175538482961734	0.07944515370186973
2.101535337216195	0.0007029528220919986	49.1130336783737	0.07850508626061828
2.1030229262337925	0.0007305298206318764	49.09729617160938	0.07944517449801147
2.1044038382953008	0.0007212373781372385	49.11297597706283	0.07850507041872898
2.105766470762354	0.0006574080484669463	49.161122322444555	0.07850506445398106
2.1072218467047366	0.0008145570119289515	49.068183987328	0.07850507186523921
2.1087157630198394	0.0006608494573688843	49.15955788799466	0.07850505885780151
2.110023654468404	0.0007326155227787649	49.115563707813436	0.07850507371418931
2.1116510398967505	0.0008141294817019906	49.07079702447125	0.07850507374725396
2.113246971967775	0.000793573344302971	49.08248453487132	0.07850506768134559
2.114963472321675	0.0008905852528462341	49.03307619703082	0.07850507714131799
2.1167894117021495	0.0009236394224662866	49.01832004728518	0.0785050738645408
2.1184090499713504	0.0007475429509091033	49.110330984564186	0.07850507366370618
2.119940017092566	0.0007497182514995185	49.10636444630728	0.07850506987691823
2.121300832214151	0.0006611374472442464	49.157013837533796	0.07850507837145812
2.123069839372994	0.0011422674703764249	48.91524711491776	0.07850506862427711
2.1253350964448128	0.001040444588588812	48.94563601247484	0.07850507214018476
2.1272541538258385	0.0008336004288016975	49.04047044860333	0.07792258997210993
2.129407472662566	0.0012160027308732995	48.861734613221756	0.07850507400570013
2.1312674572749275	0.0008877371162895076	48.9879962302194	0.07944517615729521
2.1332668115400444	0.0011921948212859378	48.86091436028614	0.0785050829237203
2.1357466420931326	0.0011066267977406028	48.881469556390506	0.0794451802919209
2.1380114430910147	0.0011764750716690285	48.85519963131787	0.07850506587400916
2.1403103537888035	0.0011262414605438958	48.870517692237996	0.07850506508368334
2.1424128320081053	0.0010386588552386148	48.902737675863996	0.07850507662984647
2.144545145054092	0.0010353881837358516	48.90161623647702	0.07850507167443271
2.1465278311019933	0.0009664811145647993	48.929185990344806	0.07850507051311884
2.1485914972749645	0.0011553591935435103	48.849088323755055	0.07850507682866201
2.1511162167064923	0.0011406107650137724	48.85157870812403	0.0785050759023734
2.1535783113002553	0.0014908680271142956	48.71481749146763	0.08141715460821385
2.1564438283216942	0.0010842869540615841	48.86715918311785	0.07850507370156491
2.158928710176211	0.0015033662539481257	48.71057288108461	0.08041543913034545
2.161870977313867	0.0014329982945067066	48.72149342179199	0.08141715367289785
2.1641723279227616	0.0012448594528049553	48.79242665807002	0.07850506549436079
2.166763681325995	0.0011356269908333817	48.79934060155915	0.08245168266979534
2.1698437786496902	0.001588581311947829	48.66696356128003	0.07850506756033167
2.172345387398065	0.0013076950820769023	48.73686943668455	0.07944516890025685
2.1758834371834967	0.001984075313177512	48.54945744640756	0.07850507239551888
2.179364396509939	0.0016019161823565677	48.62466667603537	0.07944517946446626
2.182737833915026	0.001779165910388324	48.561586075977786	0.08041544699248299
2.18613974176145	0.0015366799787621048	48.63020758945343	0.07850507822449124
2.1895233976990016	0.0018359282673150862	48.55808168616598	0.07850506176527372
2.1934850289438796	0.002276911422427981	48.44652943567618	0.08245166792080529
2.1978255877274813	0.001935328580924722	48.547189063808716	0.07850507631467961
2.201648838449178	0.0018873089768939627	48.557862366534685	0.07944516790650145
2.205595001052354	0.002082513796307562	48.53627736298785	0.07792260372820767
2.2093319788211057	0.0017783242671906986	48.60050663246382	0.07850506296322105
2.21337050778933	0.0024369999912613217	48.44885047957012	0.07850507244364519
2.217571466901066	0.0018408619025973296	48.55339752380003	0.07850507889302327
2.22141728144342	0.0018352850210955863	48.533089942406804	0.07944516956682024
2.225668089424563	0.0021625059215488614	48.45038842670921	0.07850505660309143
2.230264063193853	0.0023388046765225453	48.39754308296129	0.07850509407212791
2.2351423117095033	0.0027454330573284135	48.28412539169062	0.08245164736981565
2.2409771633716273	0.0026869725256265906	48.12297211653603	0.0927174226223231
2.2458062597949637	0.0025220236221673064	48.33936338851845	0.07850507009283639
2.2505011334867087	0.002460037594649731	48.354285692633965	0.07850505330165289
2.2550275013525547	0.0020922744347819677	48.42263422141893	0.07944515969300801
2.259801216870644	0.0026948898017085283	48.1377383770046	0.09271743923785535
2.2655511812038807	0.0028587833050587744	48.3019172230776	0.07850504625635069
2.2706543804845625	0.0021752563501378293	48.219507807564725	0.0966597077806666
2.2751863264507834	0.002519745938298598	48.22839062155134	0.08722148756153789
2.280967032161512	0.003257964892013524	48.02249726875335	0.09464297610183058
2.2878095663753357	0.002999372305263465	48.04676502694578	0.0927174223093388
2.293849700713914	0.003632870333585786	47.9542347947708	0.09087760071778439
2.301613645765911	0.003121885778157943	47.99684275123464	0.09087757213226058
2.307957619386154	0.0036613890595468975	47.89090995943785	0.09464298205544268
2.3147371907628496	0.003361009552084568	47.916721149408595	0.09271743809839439
2.33726466793979	0.011688706589434267	47.68507620292685	0.10778441341557443
2.3603165284676164	0.013855853098506178	47.54963057355198	0.10778442028205627
2.390416706442866	0.01551386871796505	47.48097194912701	0.10778440039758824
2.4205949917587484	0.013266084770816092	47.55511936200551	0.10511876748466356
2.4510722641866973	0.017988695993425865	47.41674483853941	0.1035496936234361
2.486718071949255	0.01967832199588446	47.29229645371021	0.10727994480927266
2.5297435229746785	0.01876014848279609	47.2811949306479	0.10727997173013838
2.560446555505328	0.015731912492421264	47.389771673731175	0.10398719568318986
2.5868557002102706	0.010691503518538526	47.52707268265492	0.10442949073250939
2.617880161388368	0.01990876488166756	47.1600945623061	0.10881121833468763
2.6533943467244976	0.01270087760295997	47.294570505511665	0.10778437292597984
2.6846505708343273	0.019041406196876307	47.11149954608529	0.108294821781221
2.722862289002167	0.018640069500198874	47.14420959651188	0.10653400590338112
2.748851287161497	0.010194754931180964	47.36459242840199	0.10727997466710032
2.775524634169297	0.012250498279883233	47.23100434300116	0.10829483527283565
2.796409159126056	0.013705982641412822	47.13316090729808	0.10881129026986894
2.8207240061803303	0.009119733101030317	47.269473735174124	0.10778442818472606
2.8449365703118863	0.01543390571501104	47.30779607484974	0.0831932612850199
3.4117515813848223	0.00233859250358701	46.983417551450685	0.09450665887363172
3.4947075375570877	0.0014235744820517877	47.159975479373806	0.10356403327851389
3.4979555148800214	0.0017157032989344521	47.096290999595595	0.10085727277621817
3.5011395852566753	0.0016029957143736367	47.06886037917153	0.10560071713451674
3.505166289394739	0.0021837822890499363	46.92765163263752	0.1065656361599832
3.5091337981712742	0.0019671885875133023	46.99524076201013	0.10356399883323825
3.5123119475027735	0.001074053247031177	47.247868338055426	0.10512638527534575
3.5154590438253304	0.0017448939373720465	47.01872428843848	0.10780112132160294
3.5185722902957624	0.0016361970290691562	47.10136556128196	0.10268852828320031
3.5213134304690787	0.0012433146556598987	47.18263981641729	0.10780113333768904
3.52383734055262	0.0013312217098212953	47.120324617516545	0.10560069236860238
3.5268832525617158	0.0016051456591644185	47.08414069734535	0.10400894638491574
3.5299072777043294	0.0014064620112479369	47.149664260872406	0.10465745984554221
3.533189811926906	0.0017681386707822265	47.026061414231314	0.1072882069288781
3.5365171189310907	0.00212403304417386	46.95407118540973	0.10560067072466287
3.5415034415598887	0.002008501624271299	46.9795802861852	0.10780111534373629
3.544414386191336	0.001541641224107938	47.109090821860065	0.10560067868474558
3.54729050000098	0.0009909757026576854	47.276702685159066	0.10780116801405494
3.5494111278568226	0.0014343687625571133	47.09922453711924	0.10728823288746185
3.5526265518005675	0.0014237882177977738	47.05228514774534	0.10728824101091838
3.5553495188268918	0.0015033087399568942	47.04456229689402	0.10678135970692555
3.5582106932026734	0.0013177594467559386	47.13190317550469	0.10512639354746475
3.5613695084886796	0.0017442562422997823	46.99326787254467	0.10465746544903975
3.5642273629995516	0.0012996292238929275	47.1384201386335	0.1016724583253743
3.567202598202603	0.0016349464641768827	46.991111016186224	0.10560067915211571
3.571015863898275	0.001961835206274133	46.897614080163606	0.10728824124321701
3.5742589128238733	0.0012699200240324714	47.11219474383952	0.10465744942520054
3.5764864989618608	0.0013476758548588597	47.083704864088595	0.10465745642122001
3.580089412747606	0.002088352751665253	46.86405873481306	0.10832015838053577
3.583964987696957	0.001986985094802918	46.8933288621274	0.10832019985604713
3.5873146068205615	0.0010680212077987688	47.15025652775213	0.10832017821871731
3.5897558423934997	0.0012254370002713862	47.089691726020945	0.10780112601478667
3.5926886604153294	0.001704065197060665	46.960899103184765	0.10512640365016997
3.595219537186062	0.000887429719999602	47.21257249314155	0.10780113592517898
3.5974545355895424	0.0013644045707229854	47.05365463078349	0.10465748353541052
3.600120662868701	0.0014358445188368861	46.988410396823724	0.10991520894869977
3.6028934469546834	0.0014266748575719962	47.02316927156008	0.10560068434683759
3.6056566188145056	0.001260129932509377	47.10830332526064	0.10268850258381265
3.609953849333653	0.0029631277278527567	46.917608308891886	0.08714515755745555
3.7990984431064327	0.0189920752055481	46.57718720265785	0.12195316190693394
3.8132758125913813	0.0011230590069397548	46.77289196471255	0.10528595584928557
3.816003095524667	0.0017953645287005057	46.72911818728893	0.10678137750256055
3.819930169278934	0.0017791840860698028	46.76003146531564	0.10527169338173767
3.8246152247817915	0.0025687846194458004	46.63786966976734	0.10325874668760335
3.8285242377407607	0.0016028890391484901	46.78955523726695	0.10711203033801639
3.8308476610238773	0.000984734056375399	46.76158188365321	0.106781364840346
3.8333394674702252	0.0014453596830220948	46.68967962008408	0.10814327023265233
3.8364462457487556	0.0017127927220481065	46.73696191139132	0.1071120322602096
3.8399600464712926	0.0016071642785437266	46.76942882168909	0.10678136334045689
3.8428711693345794	0.001687658482897929	46.73923323805428	0.10778124114714027
3.8456858110400858	0.0010422996136669352	46.940439556803796	0.10678139738664288
3.8481889732292873	0.0013066540389690886	46.838440838658954	0.10744531251720564
3.8504809523597525	0.001075668979895684	46.90542120068184	0.10711201639457965
3.8537665198220323	0.0018682466790245877	46.66972141802481	0.10621056976992922
3.8564722622345307	0.0011051318128646416	46.88472480284128	0.10778121715159708
3.859222083568738	0.0013177983816628329	46.81471529363342	0.10711204896908019
3.862407469514135	0.0019622609784697167	46.64813309070801	0.10711204484215273
3.865951057223977	0.0019895613074167396	46.6388760049222	0.10744531393897604
3.870411349553201	0.0025685086867987526	46.82231737858166	0.08485077136911379
4.015824494446159	0.0007044560339494034	46.68539741399227	0.10678137044616237
4.017511672901705	0.0011288703416060483	46.47412832074559	0.1074329161622625
4.019985328377844	0.0008190823977889234	46.611742795157014	0.1071058801571595
4.021369355072933	0.0008769609059750698	46.572614287884406	0.1080946698062037
4.023303493027624	0.0008730640293215235	46.61797278173261	0.10296733873261486
4.024791149787179	0.0008700785029754217	46.574344863128715	0.10743292550673496
4.026736922434303	0.0008960538929896593	46.5653678926722	0.10678136125947064
4.028376760831021	0.0007736556797942962	46.64488136941817	0.10776251461835915
4.029823442860113	0.0007414176154432078	46.6822990651537	0.10710588687369524
4.031442828383044	0.0007682129973724634	46.70464584153768	0.10526022146769255
4.033590696571585	0.001587605509705962	46.63415513847346	0.08493181855477525
4.129040843131094	0.01480907727744034	46.724579710117254	0.19025198026181023
4.15013109759734	0.0026090625739469526	46.230881166465636	0.08874984616627417
4.22392349396579	0.0055936733409831085	46.21246004665365	0.12008228027189853
4.235078536898417	0.004917627552330939	46.14478353661597	0.10616250980517078
4.382332602378954	0.004017143257743171	46.011603982429556	0.09544010386839473
4.420202931430358	0.0013116254779772304	46.290496135876445	0.10905356633308491
4.424025452454771	0.002572565443147515	46.21956498711731	0.09357486365198575
4.437155783836131	0.0011260751023288475	46.10993778898876	0.10758533172049438
4.440118191042584	0.001960105783744561	45.829554862285846	0.11277171617109902
4.471717455773012	0.0011364276796378893	45.91831656315816	0.1231828442558378
4.473769021034954	0.0008002865266161043	46.21639354528614	0.10508174532084934
4.475131720339586	0.0007658680333034059	46.21699147515411	0.10486904587591772
4.476998634946899	0.0008896806837384643	45.97875389598305	0.12132889215269611
4.478615468539646	0.0009813059391530086	46.04200874670219	0.10908071576376396
4.518870522731094	0.0008367626976509308	46.11734577819106	0.12091312379699932
4.520896625706477	0.0013115275163504837	45.91031126199674	0.12344043245352579
4.523293878280603	0.0009901300871062	46.01968863810524	0.12247789349263578
4.525331441027477	0.0013644995349363428	46.02233399852413	0.10501917611669886
4.5605079074429025	0.0006903539798611683	46.1695466144064	0.10699211292451102
4.561890740228998	0.0007404249435002811	46.13194561345804	0.10784579669781881
4.563363926028602	0.0006684683844491518	46.04601116600338	0.12160841305311915
4.564747283460189	0.0007442235068406067	45.99334388010429	0.12160842774002863
4.566253671513838	0.0008796272529623817	45.91222681951737	0.1222879684425474
4.568711158605256	0.0013291131564996338	45.90155112020799	0.10341782311831377
4.599074576758367	0.0007356405918655196	45.97319997837472	0.12163550764175148
4.600889456209485	0.000891826823148846	45.90424193812585	0.12304173078999368
4.602663991726242	0.001046801170780694	45.91895375332292	0.11918051178471867
4.604483517411813	0.000687051538886459	46.13205737865978	0.12128997069484078
4.605679058517541	0.0006064091412751668	46.164475765228794	0.12198345185827528
4.606820043973293	0.0005576860885672094	46.183530266800624	0.12198347020920833
4.608291380878503	0.0009784843430326279	46.14365228862109	0.09878104609690927
4.635046010585308	0.0007507719450133134	46.01566382598234	0.11780185396558121
4.637105875023579	0.001047571600098262	45.85724889034228	0.12134416757886521
4.63912678386599	0.0011010399047696575	45.84631471611874	0.12285420798704388
4.641174497333434	0.001045056951960729	45.89150973888202	0.1213441709678262
4.64344168308082	0.0010251753796771878	45.90877861205052	0.12115858368112872
4.645238076428237	0.0010209063772956652	45.891796811353956	0.12228265331210145
4.6683573696453795	0.0013974890139675045	45.72989817952748	0.12152259095346185
4.671355270898172	0.001442040525145834	45.70498792541402	0.12115385587795086
4.673360551854294	0.0008760628495423765	45.91399898617522	0.12152253509250804
4.6757419313757556	0.0019502752792723193	45.74744338205431	0.10217333119338151
4.753490656726552	0.0008965662209794582	45.730562186403766	0.12154660853127232
4.755655532664518	0.0010649543423114148	45.651623622388044	0.12211970402748275
4.757352526644823	0.000816428250344804	45.788806598420365	0.12154661485406894
4.759480584645907	0.0012048355503414827	45.64482706317039	0.12211971541705474
4.761918860410285	0.001571775194464751	45.69737387658998	0.10565602121694012
4.778347782861161	0.0006826448441025823	45.88108670414299	0.12134816990114634
4.779978002484889	0.000922599700201794	45.73642460972005	0.12172340329054436
4.781873902940799	0.0009763170837646634	45.69535113617994	0.12172343505612479
4.78399714501108	0.0010290122631184562	45.68536583627789	0.11763665936110392
4.786438810965768	0.0016101528091920733	45.70568951789011	0.0955980058698492
4.802658284078477	0.0011058257236385833	45.595789537288816	0.12482533130107482
4.805371261769457	0.0011983901721914453	45.5672672902172	0.12267167268599516
4.8074259659626595	0.0015737905093828619	45.55258699792728	0.1104984172491375
4.958134462520045	0.0024450758631599156	45.264417097483026	0.10608803375217506
4.972222670772037	0.001107332396140022	45.43036253978199	0.12173373508650279
4.975434666741155	0.0017680680089440775	45.459541316139166	0.09772240464486867
5.087340955949307	0.005206448137985988	45.21866958526164	0.12203053646986363
5.180017669474706	0.001364097728977589	45.34324294521903	0.10112666229331244
5.189908226712101	0.0013703079901346256	45.181078998730165	0.12040258726857019
5.199172117652646	0.0013895802258523347	45.12256533361724	0.12023922106150065
5.20825954597456	0.0013116442529246307	45.11367863697505	0.1235408709471025
5.217658364084446	0.0012393030461292733	45.16062649826529	0.11889503573342837
5.283393556350507	0.001085075942054995	45.17528075691551	0.12191796467819138
5.295522940200716	0.004806410692400055	45.064434776516805	0.11374741951842024
5.330750604660096	0.014628756248223726	45.11048372372355	0.09204622267513021
5.408951586560109	0.017944335647917843	44.84124122357229	0.08956322292760555
5.4711333355254155	0.005604975640229144	44.911362817018855	0.09874761303951658
5.500790118931311	0.014795062407728475	44.91786486750019	0.1045891613143063
5.538009578671394	0.015399600215482947	44.67176875848378	0.11544666414222944
5.585820214084041	0.027369138081326592	44.5181956466207	0.12325167753531681
5.7050190694591745	0.03171940559867304	44.40600546065116	0.1289996520759902
5.772574743598936	0.033670148169866215	44.37094227736895	0.10837658203950817
5.955596085301181	0.07643952592041087	43.94094261567109	0.15266306726957898
6.174182420553423	0.04701789272170505	44.06403705807506	0.14204306250130544