-1.1471204325850284	0.43274892544355364	52.27083367849309	0.20999976130359801
-0.7501087521009466	0.08673498785402105	52.39125810035046	0.21082945701250136
-0.5385411266656157	0.11418785519207511	52.138098059423	0.2229603814932274
-0.41944607728778255	0.01736020550410719	52.557858758456675	0.2110213446023437
-0.3754571423776505	0.026146567107710635	52.326416252963774	0.2335533049666882
-0.32608039915751585	0.023336618867184925	52.486453332301025	0.20643492758258739
-0.19425392884734638	0.09647160191913515	52.11917018806573	0.20525456197780248
-0.08783604985632198	0.018876506405105832	52.29368669319968	0.21094942913929426
-0.05163466448295928	0.01736681725533358	52.18316216190959	0.21481466371606014
-0.018220097394672452	0.016080726564986283	52.146615948499	0.21022997244142452
0.02127845485214097	0.023072877494725533	51.79473446339933	0.2298877549070255
0.05554816832639031	0.011630291821022489	51.9536282454102	0.21082984544613412
0.08369196819633451	0.016350764789647986	51.7261702976728	0.22218016383725053
0.11690708322055632	0.01682985780582926	51.66596092403725	0.21157342536665644
0.13664740118570373	0.0032164005252769364	52.09853852965699	0.21106787133699506
0.15859801322471068	0.0061157469583886835	52.11605969307556	0.20300558285739428
0.1706604310012234	0.005948220922013343	52.037662133547755	0.22026445287904559
0.1794923458158375	0.002914239093062699	52.3944245322092	0.20242702771585788
0.1881482266544553	0.005713461359490142	52.26382779413799	0.20675974035395492
0.20495901472472822	0.010993057565146349	51.923481665049074	0.20506153951885234
0.22378295634763468	0.007895067072879486	51.732675131905225	0.20340176343015423
0.23418416056284563	0.002569409733490908	51.80675556633438	0.20797771986532665
0.24434207298040378	0.007530030014570969	51.71885637450999	0.2082677183046554
0.25671420936544453	0.004879028015552679	52.05436487188887	0.1995211955921406
0.2627705700150026	0.0012028651981989156	52.34852007116976	0.20551160276062402
0.2663642544192285	0.0023859056803318076	52.128738315536005	0.2263975196417784
0.2711100418681395	0.002359975441888485	52.380849562437504	0.20285503835319227
0.27580452942639	0.0023346027681289726	52.2836321507487	0.20761239376358817
0.28160216416353545	0.0034554659709962556	52.00540876640227	0.21991503195979625
0.2884586859782794	0.00340134040875675	51.970320175423446	0.21132723454032945
0.2985446778746643	0.00664651673222704	51.67690743704526	0.21049198958963244
0.3116383301966209	0.006449119882181866	51.492680307752266	0.2176595926934176
0.3201531378962569	0.00210796981470208	51.90943889744122	0.20532072980800622
0.3253913451479382	0.003124046139866016	51.838340552928244	0.2138216738195818
0.3315949192336076	0.0030797386643198646	51.91911623154778	0.21148060255015302
0.3467269040804183	0.011897120814988796	51.85580433282664	0.20386511389166578
0.36421567917582165	0.005713774560434801	52.07452836231462	0.20631412927446427
0.37270286814769016	0.002801598630623661	52.26086937024673	0.20848374261635377
0.3810273702055925	0.005496818663018519	52.12220239441645	0.21446765479882987
0.3918841667245808	0.005361108707775992	52.182740187345644	0.20622680668537308
0.4007286735620783	0.003502021819585247	52.17513607854986	0.20459737986492196
0.4111096747216113	0.006838610081255152	51.817214254608245	0.2139540656657798
0.42124832043274896	0.0033404055823350732	51.88243333841485	0.20763497957931515
0.4311556666997881	0.006530130345972682	51.37677391871501	0.25392391497448413
0.44084203387872234	0.003193048295203771	51.82830175588916	0.20400039929557623
0.447967615589559	0.00392635820962163	51.556453344410954	0.24477008483580248
0.45652082281842	0.004619744503887304	51.7637501162928	0.2078324673357526
0.46187735533115226	0.000760519185768157	52.10534225716569	0.20905070833662295
0.4649088273604268	0.002265687231991584	51.654626139601795	0.27301338761566596
0.46941672452310523	0.0022422914456245785	51.966174733554475	0.20618979183199684
0.47902621929606715	0.007310739523865142	51.66644831203408	0.22023258497398263
0.48985616659741515	0.0035653434153782824	52.012672152962125	0.2047789829915154
0.49692894741034765	0.003507749624559884	51.93127442151223	0.2250398347620795
0.503888385738689	0.0034519869759348475	52.07634410970359	0.21060211430377165
0.5107380582272175	0.0033979694972973576	52.35673105930871	0.20293024195975556
0.5174813732918501	0.003345616527667862	52.410566259812654	0.20998532619334692
0.5260940090059297	0.005247875313189474	52.5215009862436	0.21165551839084462
0.5319581000295949	0.0006471864706990614	53.15039285619834	0.2087730418093457
0.5440837793726593	0.0037762001130328396	53.039206450282855	0.2118085211960454
0.5521894314317509	0.00432410407718804	53.0614439165818	0.20722913693334516
0.5631686003011903	0.00662539254579935	52.93313840205352	0.20602523763268665
0.5768053400897023	0.007004278982755773	52.85253119910425	0.21025584652876564
0.5871866864570944	0.003419417215050432	52.98588015604501	0.20811367671304465
0.6006533910396689	0.009945042512345445	52.56208613196275	0.23219233614483928
0.6153204731827585	0.00480739232907676	52.81737598761592	0.21020207799915125
0.6263953057644168	0.006248466851047172	52.45692020703784	0.27018232384377566
0.6387158145560784	0.006073694748587779	52.74979036717334	0.21012830990551346
0.650696423305193	0.005908433510455091	52.65081703028654	0.22700011438572593
0.6609150159176701	0.0043282767663346666	52.85415829155045	0.2073792625424472
0.676502266547398	0.011135161110367584	52.57468125207781	0.215435158258987
0.6982203846199183	0.010592010118684842	52.636300197403465	0.21000508686271158
0.7189039571235446	0.010099382352822454	52.62979759395114	0.21185220336651922
0.7325732156686354	0.0036699219133414897	52.856334690587296	0.20971927264496149
0.7644067843771122	0.02728432675360927	52.29427273470945	0.22480596997676144
0.7993422980119352	0.008391826061344023	52.562375176312514	0.2111859620256865
0.875479606081096	0.06279451307562257	51.969220982788556	0.2103896648381456
1.395065267949839	0.006316083285277929	49.973343085642085	0.21169497702564227
1.4166687667903561	0.014438961733398531	49.827722738549056	0.20711306655462844
1.4772460656986097	0.008410684267615206	49.530657096823916	0.20004398938949133
1.496096813162219	0.010634807783571166	49.396402160161536	0.2009364992754274
1.5148336265737772	0.008411823736261743	49.48831955571707	0.20004398717323385
1.566985470973544	0.02245460358169862	49.13102183628283	0.20542130255752827
1.616627183967052	0.03338156206241641	48.902840142628754	0.20654578040591043
1.6788989796646732	0.0375992813595946	48.779909258671715	0.2065457989342807
1.8241388791624211	0.08280551864505532	48.25831994464671	0.2067325042840497
1.992781027669463	0.07721829801173817	47.90138030579925	0.2075290738419868
2.137032393476933	0.06546604953964404	47.86694118277572	0.20693733008435763
2.222371394731607	0.0380649088994095	48.07162292525891	0.2065536495694259
2.2901221522307953	0.026194953045775623	48.20085849477377	0.20674440862957347
2.342915041938909	0.026331144556117462	48.11070247039913	0.2057777889769088
2.3913526444100732	0.019065978237597685	48.113555889860926	0.20713237630597164
2.4238477112255965	0.015610161015058478	48.17469709146399	0.2050864091727698
2.454213687060363	0.016496736985735252	48.1023527587472	0.2063649686201561
2.489109297906768	0.01701417411527155	48.07737172765572	0.205086400544492
2.517681729052381	0.0117385337564816	48.2077783163726	0.20560220265445386
2.540544311902628	0.009545514146608506	48.260032616808616	0.20636496888560593
2.5721657002970972	0.022557082301984374	47.89409500264827	0.20440171208798563
3.136858505586709	0.006650011839160946	47.8038357564072	0.20690104167636458
3.1490233105372276	0.00783799254317932	47.72155995803853	0.20671747550678812
3.164233266094889	0.00558157032879962	47.85362291950304	0.20690100749351753
3.1769364090799144	0.007074445893304244	47.7638077555621	0.20541227963790706
3.1910959872768623	0.006225021286721451	47.78796650944874	0.206535880450225
3.2027401774928133	0.00657975903254777	47.75269424586295	0.20671748615421823
3.216006249056782	0.006633692545676205	47.72965042481536	0.20671749084830893
3.227077147810738	0.004420312946516207	47.893135173095295	0.2063561729165807
3.2365457585287416	0.006327262169221543	47.72123682414428	0.20708650564866862
3.2484149833055853	0.004052504744384078	47.90060320093362	0.20765499340957952
3.25763871460348	0.004730291794645324	47.83523221657161	0.2061783587118708
3.2660282481585727	0.004190415797176118	47.875545743019444	0.20671749943655257
3.4643765169234557	0.007488905593920565	47.37770817822542	0.21549293301596922
3.4764706660125615	0.004932306161926984	47.55644790249467	0.21384186752364318
3.4896809297968963	0.007467451119000532	47.33979573117655	0.21530345338071086
3.5012947379536072	0.00374403559891171	47.626055723379444	0.21437893857610513
3.512745112787564	0.008861919532093702	47.49047085194836	0.2006925540248118
3.6569185161029	0.004015975839904136	47.40604577109541	0.2139128348789945
3.665962684578826	0.004648343307153585	47.330700600165144	0.21428871523195298
3.675574714993232	0.005041982367698549	47.340976705174434	0.21096923282813543
3.7838201849230524	0.0035435673818074646	47.36831140376715	0.2142798660203669
3.793325498279878	0.004266848511096404	47.278469040551734	0.21453035832423922
3.8837562343111696	0.007236388053054756	47.0344387577342	0.21269405631156024
3.9724322348737218	0.03647252700266204	47.104472429185236	0.20698366547185743
4.304817501432645	0.022665233164665132	46.49445866467886	0.21327939350940808