-1.1027003007358382	0.4328516341786674	50.83720102172888	0.16173883278435727
-0.7355487760811428	0.06195356215083919	51.06805374361435	0.1644149025631658
-0.6362908961564433	0.03943650226543223	51.1677858246196	0.15862069055407477
-0.5474411075528054	0.048210302845775786	51.06337613371879	0.16230191350363735
-0.4805517130074567	0.020664289113883565	51.21011031060577	0.1626190743710359
-0.41661658881289654	0.04161617206895855	51.03585236761114	0.16278756987011117
-0.3404680302310682	0.03492316307691975	50.98649245577192	0.17370883326263348
-0.2757004908654305	0.03008472406800802	51.08764120553947	0.16111311215089047
-0.21186539037790558	0.033392997234831266	51.090263121254225	0.16328777804292777
-0.1497422188116534	0.028942245958224134	51.21288778941878	0.15798777437922887
-0.11573524932811569	0.005947202778928403	51.56055321093962	0.16395451709623746
-0.07327607946980141	0.035056369152114006	51.16097203331485	0.1746683414617843
-0.008279095780981294	0.030183524447548668	51.4057094544923	0.1536166085027855
0.0482447295212064	0.026500015287560495	51.47205783232685	0.16195461553944587
0.07969348739146054	0.005688205383290167	51.896852940945024	0.1557377990918975
0.12978079931843234	0.04223832728828854	51.3789130448634	0.19443880107047554
0.1777207427843157	0.007564788028442514	52.01456577078445	0.1645767459993345
0.23570323305177088	0.010590933853622551	52.08460971953778	0.16449367546740928
0.25130597072959393	0.005108595568253694	52.13379860243028	0.16398618937639214
0.32187746558789143	0.060793628199647017	51.22618598925063	0.15147666349341027
0.3853910791708667	0.006565298286628454	51.14205041588604	0.16283030184114966
0.46331214994267234	0.06584376220798809	50.07479588629387	0.14702756822256915
0.5432700233435225	0.018257256188642608	49.50780003329528	0.1601174547529295
0.5948534060235074	0.03242515962013322	49.54262329287578	0.17838302818194746
0.6419954418362078	0.015583798158124653	50.08544026486227	0.16080311152715088
0.6578073324606545	0.0005008874717776604	50.98963286423963	0.1584274898241888
0.6627875434761047	0.004456587806161341	50.52400273759553	0.15792707218166485
0.6686893771081691	0.0014654782570612198	50.78498533719376	0.1648612000232897
0.6720954347529536	0.0019387064637450863	50.80945503369122	0.15846924282943595
0.6749938011868811	0.0009629055638931476	50.992148163155015	0.1589631179715145
0.6788284447275829	0.0028633227728083665	50.802466318921695	0.15773898065729589
0.6831023298117446	0.0014176415272382987	50.92829587269382	0.1647437714498947
0.68592839801781	0.0014084465112947564	50.89428691685077	0.1796853865789326
0.6887361950871772	0.0013993700069194885	51.066242164942935	0.15545703092607185
0.6956772806226376	0.005508729750688769	50.80044840609099	0.16105140734372117
0.7029608346749833	0.0018057044084946886	51.143034573989596	0.1596356116728893
0.7083444411397387	0.00356691736020239	51.04313151017161	0.16359621833618412
0.7154203187327383	0.003509273120906982	51.201849232137	0.15594053973680005
0.722382756023363	0.0034534624057773033	51.10094254569892	0.18960183179366516
0.7275322987569647	0.0017063778077058911	51.42919022819085	0.16362390105073982
0.7376517485240471	0.008335386626352893	51.08627043411324	0.17301910174592833
0.7499782316244269	0.004051065545692681	51.33657811163127	0.16370298187664928
0.7705488205298655	0.016227363757926657	51.216651891334884	0.15265370530215924
0.7894497833198929	0.0029592912182563515	51.62769336516693	0.1579433494844064
0.8125013750505522	0.01964419125020423	51.28925990775108	0.16535462051216365
0.8501130437022094	0.018014511298900943	51.36483792355001	0.15559500794704348
0.8847254156336878	0.016634513853624196	51.127726918940404	0.17378633809846977
0.9167817141936506	0.015450901165918745	51.09992835670679	0.16051968535656735
0.9340903446179866	0.002121031625408082	51.41394954855665	0.162144731919139
0.9393608134450245	0.003143170460267323	51.13523872604251	0.19790661915531743
0.9450853975120029	0.002585009266070012	51.311866349934974	0.16313711397040703
0.9484329744988044	0.0007695481206611095	51.58393882054039	0.1580391189808319
0.9502248850270377	0.0010218393149003223	51.512575124851466	0.15991316947477718
0.9537866769202344	0.000506746573098355	51.673952436477734	0.15779027650054558
0.9547989891208127	0.0005055667553572651	51.618038319979426	0.1643760177463951
0.9563130473746041	0.0010076145860563781	51.526938485163825	0.15440440518170023
0.9578218452043551	0.000502060035143793	51.59586419804595	0.15382926113892917
0.9588248064260857	0.0005009019137118979	51.53807066260869	0.15865924486384628
0.9598254567413941	0.0004997491229511366	51.46985997947159	0.16065273613631514
0.9610730355762936	0.0007474733631771854	51.36365706769627	0.15868711473966385
0.9625654152669635	0.0007449092052877124	51.05863210674619	0.21087012888794857
0.964052684203926	0.000742362579602958	51.23431888601268	0.16168082727802213
0.9662740810369287	0.0014771502456696975	51.02947450723335	0.1661542516470201
0.9689737813323321	0.0012233302775342069	51.11534984448841	0.16495999314179116
0.9704393022496433	0.0002438418246368925	51.57119681069335	0.15498451143912334
0.9709267125469941	0.00024356831356853027	51.62247723079202	0.15188844376987437
0.9714135757100769	0.00024329541579947822	51.57349520191292	0.15778580133221268
0.9718998944135809	0.0002430231284586587	51.579172953936336	0.15686982870024532
0.9723856691512401	0.00024275144990459484	51.477706089913035	0.15094066366726636
0.9728709004159378	0.0002424803785013341	51.31740305453679	0.15494799422724903
0.9733555908652408	0.00024220991141069026	51.06263533832441	0.17032780774808845
0.9738397402620663	0.000241940047417442	51.04310429601504	0.15218698837812103
0.9743233512526716	0.0002416707837050481	51.04061237936445	0.14267726840927675
0.9748064243145765	0.0002414021186727502	50.93155600122574	0.1409736556966538
0.9752889599245101	0.0002411340507251198	51.049444011191	0.13912343359537255
0.975770960711927	0.00024086657707766433	51.10761229850762	0.14306638619433304
0.9762524271448126	0.00024059969615349304	51.30766202305997	0.13877433478178577
0.9767333596903992	0.000240333406380931	51.304451484100014	0.14737860098466066
0.9772137609615238	0.00024006770500704225	51.3684343598411	0.15613616540163425
0.9776936314167864	0.00023980259047838887	51.53354685399107	0.15120628377061657
0.9781729715140542	0.00023953806124664488	51.5593767348807	0.14781943032764677
0.9786517838497449	0.00023927411458994069	51.55627091389463	0.1480546614823972
0.9791300681608962	0.00023901074936990592	51.42431949702679	0.16368134597136913
0.9796078270330791	0.00023874796288511882	51.613440970865	0.14313734461268318
0.9800850609095483	0.00023848575362034338	51.561041695907775	0.14449792026690714
0.9805617702328792	0.00023822412006527658	51.454509296273	0.14787922930493316
0.9810379575725258	0.00023796305954877747	51.38866555812749	0.14540209339344462
0.9815136233627187	0.00023770257057800803	51.282860844099915	0.14727165809164972
0.9819887680370384	0.00023744265166496007	51.117283493899876	0.1499830345660629
0.9824633941490023	0.00023718330016831262	50.999334690404304	0.15665811575955468
0.9829375021239487	0.00023692451461724398	50.989614264582606	0.1482722047356458
0.9834110923865992	0.00023666629354565923	50.89363432076455	0.157928649616774
0.9838841674747071	0.00023640863434160758	50.96104153087963	0.15378403656695205
0.9843567278048552	0.00023615153555590606	51.175219518995014	0.13773798607292062
0.9848287737930298	0.000235894995744005	51.158003259312224	0.1406524840931355
0.985300307961403	0.00023563901232287498	51.264416734396036	0.1371385749714631
0.9857713300164251	0.00023538358424481472	51.29812682137839	0.1444765869951794
0.9862418424699749	0.00023512870894583496	51.54048167343291	0.1419956691820633
0.9867118457243175	0.0002348743850120115	51.807415748648715	0.1384797824602068
0.9871813401811703	0.0002346206110338911	51.81689658072211	0.14027848331013612
0.9876503283371131	0.00023436738447568705	51.659978790776975	0.14883316725423842
0.9881188105859883	0.00023411470394415424	51.80396010415237	0.14051866539814328
0.9885867873211222	0.00023386256805042334	51.60965940797878	0.14585833627809827
0.9890542610239589	0.00023361097428649044	51.56824842574071	0.1387317469468235
0.9895212320800472	0.00023335992127943868	51.48116383115536	0.13636325180591494
0.9899877008744363	0.00023310940766064066	51.185693162432216	0.1469028256095243
0.9904536698736089	0.00023285943094945627	51.56051866759488	0.14050128009858462
0.990919138761701	0.00023260999016425814	51.80430229623561	0.1499230571101374
0.9913841099953079	0.00023236108284242378	52.2708787090505	0.1406970374255448
0.991848583946413	0.00023211270764416752	52.31551796458002	0.14293649667869637
0.9923125609865461	0.0002318648632338436	51.801918426040054	0.1402473591800692
0.9927760435576077	0.0002316175471755223	51.29583736180415	0.1375887917580764
0.9932390320236005	0.00023137075814885343	51.37212490378052	0.1389412428392971
0.993701526748099	0.0002311244948375409	51.5049301976128	0.1474862736761864
0.9941635301584669	0.00023087875483195343	51.875236238075345	0.1380589347227843
0.9946250426108413	0.0002306335368308533	51.516216234875756	0.16255669214068608
0.9950860644609595	0.00023038883953697042	51.610890397356705	0.13688795171830132
0.9955465981218009	0.00023014466056658732	51.391990512522554	0.13975777713029253
0.9960066439417562	0.00022990099863725837	51.539365404766556	0.1358291545654582
0.9964662022688308	0.0002296578524704281	51.45528109225778	0.14861917368678967
0.9969252755017831	0.00022941521970790802	51.59083185888973	0.1495615376796912
0.9973838632983719	0.00022917309944614484	51.8577505679604	0.13720592098384515
0.9978419680479563	0.0002289314893437635	51.74636949067308	0.1452204196765815
0.9982995900862529	0.00022869038814895556	51.87943999094805	0.13631802218840486
0.998756729748636	0.00022844979461366708	51.83741008312115	0.13795843814422032
0.9992133894104919	0.00022820970642143637	51.78432856732007	0.13597675103422635
0.9996695694000789	0.00022797012233843347	51.46729800990141	0.14579851604827693
1.0001252700453405	0.00022773104113450274	51.32328778211873	0.14264022547075184
1.0005804937078335	0.0002274924605177364	50.849014892050626	0.18477157567383803
1.0010352407084708	0.00022725437927198437	50.899777106211495	0.14675105736706476
1.0014895113678635	0.00022701679618469968	50.77783635876572	0.147598769576712
1.0019433080338942	0.00022677970898816828	50.815428035773046	0.1414043033331235
1.0023966303450762	0.000226543116835817	50.72201801780122	0.15112289783477564
1.0028494806402537	0.00022630701747586835	50.94092609805565	0.13598156901630495
1.0033018592283192	0.00022607140972100332	50.78930589855635	0.14822611248405973
1.003753766417904	0.00022583629238738013	50.93764777849066	0.13944991938346527
1.0042052045344114	0.00022560166324683912	50.905232827289765	0.1440237721794994
1.0046561738796624	0.0002253675211289831	50.95014860188236	0.13991839570857564
1.0051066747552344	0.00022513386486681993	51.414183466431695	0.1364572409618216
1.005556709473233	0.00022490069225546938	51.734433549963235	0.14591066326523022
1.0060062783285053	0.000224668002141181	52.277890564828844	0.13846440582760336
1.0064553816156798	0.00022443579337353705	52.588236566097564	0.14061356515035073
1.0069040216336975	0.00022420406377060605	52.74618518937651	0.13911279904474175
1.007352198670536	0.0002239728121950117	52.64240709821684	0.13804117536093277
1.0077999130139679	0.0002237420375126457	52.100877943682335	0.13931731639355246
1.008247166949913	0.0002235117375641942	51.46511569289561	0.1493145642285868
1.0086939600941385	0.00022328191157050973	51.58542826927575	0.137838575304246
1.009140294723958	0.00022305255738717952	51.411094990831536	0.1599985924131547
1.0095861711161063	0.00022282367390353625	51.510479827680626	0.15722119542311241
1.010031589547149	0.00022259526001206686	51.580124678043084	0.15616595539203726
1.0104765522815997	0.0002223673135904466	51.56480196836615	0.16090571396477352
1.0109210595895757	0.00022213983354368942	51.58090502924798	0.15408642530763783
1.0113651117410467	0.0002219128187798959	51.44048071956509	0.17420544229086224
1.0118087109878542	0.00022168626719852006	51.54982690071034	0.15018753763443463
1.0122518575935961	0.0002214601777200022	51.392428389719115	0.16274109665799733
1.012915730159052	0.00044224381438510854	51.23408248792826	0.1620732526172127
1.0135785894622846	0.0002207846684752989	51.316121225974236	0.15929222315571545
1.0144608316734316	0.0006610098402424813	51.15985741113009	0.14563227794218392
1.0153412850787813	0.00021989037332477554	51.33396834288668	0.15945848435538537
1.0157808435431575	0.00021966793029993596	51.286177359898566	0.17630200012447514
1.0162199569170682	0.00021944593720136203	51.47652354654445	0.15201300248256283
1.016877796604811	0.00043822757414349394	51.42152735930199	0.15014010838696276
1.0179719859312155	0.000655687297850519	51.34926209911454	0.16546229493405226
1.0188453567114064	0.00021812334291637729	51.72294172808353	0.1601973959277144
1.0192813846738087	0.00021790445883437752	51.793957235337004	0.15767305570103088
1.0203695423706787	0.0008694366645622247	51.633470997301146	0.15503005233139422
1.021671743350264	0.0004334168126483863	51.91494259088873	0.15351142244540444
1.022537712862642	0.0004325534542216493	51.78793068029267	0.18035483330770527
1.0231860592018718	0.00021595409439217992	52.090131417635874	0.16389775914106997
1.0238334384425878	0.00043126484627845866	51.977730414731575	0.15945271859379898
1.0244798541063376	0.00021531170874239923	52.169127178759055	0.15972269917627152
1.0259844271021588	0.0012874024312994452	51.8818618981481	0.15423631355948536
1.0276975804825335	0.00042744468066376783	52.039336431587785	0.16463029533632506
1.0285516293625876	0.00042660492802225255	51.99041184902058	0.15932115893020257
1.0302547054857065	0.001274805846576712	51.65397215076899	0.15867303580848996
1.0321627167925866	0.0006346087262547965	51.63755808185261	0.16285151946065096
1.0334300832688363	0.0006327594984518802	51.53464478799683	0.16316515395232828
1.0357440259748092	0.0016783922392361798	51.20162254402141	0.15539730178540156
1.0378369650012842	0.0004175808099812629	51.44499946473779	0.16388861350802544
1.039504084540003	0.0012479427649663853	51.29613070638354	0.1519129973565092
1.0413719759095668	0.0006212934577579232	51.442580613961766	0.15343344659168173
1.0426127886364673	0.0006195209079403176	51.440510323603796	0.15434132055170716
1.0436440979381816	0.0004120343273416065	51.49069783026218	0.16026659589747158
1.0444673858850138	0.0004112539776439654	51.47724581097628	0.16047317763570626
1.0450838291750744	0.00020533532621792397	51.6931663229915	0.15154248996065162
1.0456993984119571	0.00041008897995663935	51.48184726886968	0.16001524868055003
1.046927926290191	0.0008178611271810444	51.36947923387251	0.1608443572027583
1.0485605758372545	0.0008147923019329685	51.33363984937879	0.17120658312309303
1.050592794459873	0.0012164827575569862	51.40240375534427	0.15750538304429332
1.0520097105910393	0.00020208672745998976	51.989611534185144	0.15348725307820446
1.0526155477309644	0.00040361002943695867	51.80506048874142	0.16283510719230834
1.0536234025896678	0.0006040117036482863	51.69746324069523	0.1907576889710035
1.0544280059680173	0.0002009645688685972	52.16564174987441	0.16265359337617993
1.0548297488495777	0.00020077875312025185	52.22706533711714	0.15752581644211652
1.0558324842139286	0.0008012628525119539	51.98247864788425	0.1640053959627621
1.05703271835403	0.00039952575327016133	52.172575099850086	0.1565771071745667
1.058030386069606	0.0005979135152609621	52.05063813648193	0.15217796105409082
1.0592245698124585	0.0005962716849902777	51.618628369507974	0.23901655172554387
1.0606136465387284	0.0007924901016061083	51.78447420200534	0.1636810034669797
1.0618007578194186	0.00039516342372518853	51.93069407933633	0.15903519279793638
1.0629846329174097	0.0007881753714476473	51.679135339554506	0.16457836967645612
1.0649506148098848	0.0011769232361439797	51.48559983247308	0.16806934679434032
1.067298105389936	0.0011705787790077414	51.576402405885744	0.15737046484159437
1.0700209027929644	0.0015510170997962583	51.48434715553834	0.16655398840560262
1.0723412190030168	0.0007713762692307216	51.63898825605908	0.16500557899068705
1.0754158149526254	0.0022978037442716493	51.46836960686915	0.16342900731249962
1.078848915492029	0.0011398555983324892	51.664265986608946	0.16122298779333327
1.082255089921047	0.002261901339718512	51.58156681214841	0.15832737523222065
1.0865689052716707	0.0020529164823797222	51.66837130923526	0.15130774295845764
1.0891738799959128	0.0005565380684664673	51.88729939175789	0.15729994016378712
1.093052276987129	0.0033095407266139653	51.550964042193904	0.150277131318948
1.0974427306554828	0.0010920839423330085	51.680339749555976	0.16477652103713888
1.1030488249460246	0.0044919890137372145	51.30378706473188	0.17257818442294764
1.1119411419434524	0.0044009493304524045	51.36353269568363	0.1579783210197357
1.120655033151543	0.004313526567104397	51.335214204597875	0.1602284216584817
1.1334065651741416	0.008377432569420872	51.274280117042686	0.15114924723283593
1.1457943480775334	0.004070925571636916	51.41919518792511	0.15416540319040525
1.1715572989589993	0.02117723661903735	51.10899193985844	0.15289175849942285
1.2119716330064736	0.019295451938684545	50.9567948622111	0.15165025980939195
1.231252166617094	0.00040125142687461626	51.55495960536733	0.16529017062032877
1.2450851656313393	0.0019764927352238313	50.27438347848788	0.1651707378863812
1.2503691177266387	0.002965732975243225	50.40608708744435	0.1648946812122523
1.2558384235130235	0.0026195720236985715	50.54215526318506	0.16082196067661467
1.2604775942911122	0.0019855746933401986	50.64560181984515	0.1608219606766145
1.2643927494941845	0.0021772110559118182	50.572030853354946	0.1608219606766144
1.2684877029347605	0.001938365874736192	50.570440306515735	0.16082196067661442
1.2725803448481248	0.0018660629148874721	50.55693214341597	0.1608219606766144
1.276409898296102	0.0019568661132369617	50.515093371324596	0.16082196067661456
1.2796619965905136	0.0015059552640196924	50.43022311869679	0.16517073788638134
1.284906717758877	0.0035357526265031025	50.42803669304375	0.15744588304179727
1.3338902215390718	0.0016473348208453638	50.276651030295184	0.14048810530786165
1.3368474450428982	0.0014132820091881564	50.343984602279875	0.14057699726288989
1.339982555259183	0.0015098470287707756	50.30897235341081	0.14048809175967975
1.3432864135154339	0.0017334990860354894	50.41989243669657	0.13550140773067232
1.3461138246530235	0.0013654799199341028	50.3412790451673	0.14091939686960342
1.3491320087538186	0.0016287572420895032	50.26522055120683	0.1404880951124311
1.3523621872572682	0.0016343980711976311	50.26024393715963	0.14091938790788594
1.355734239693576	0.0015866105909040494	50.27733639211245	0.14091939894209474
1.358576799082929	0.0012520291156919107	50.36538726355747	0.1418268155374372
1.3617080271538016	0.0018843611421881217	50.19677573149087	0.14057700198729225
1.364974156502866	0.0014598216454300825	50.29199613406722	0.14091939005199863
1.3680646408638961	0.0018496607255060508	50.19187557297331	0.14048809581733276
1.3724204174855763	0.001973736394921047	50.160264186739376	0.14048809472413715
1.3762207589788011	0.002073884870847621	50.135167762935495	0.14048809480427832
1.380211241711606	0.001755933192414144	50.189240924588	0.14182680274404216
1.3838925464465848	0.002268151177009322	50.083493542176406	0.14091940129693936
1.3888289073151516	0.0023541770171517304	50.06049985714728	0.14091939650468105
1.3938017903998552	0.002492958231659932	50.035333129855545	0.14048809402688503
1.3984135676075584	0.0025257881509426353	50.02023552710257	0.14091940055094734
1.4034854728417425	0.0023480240243759446	50.05227860630397	0.14048809654220445
1.408058401838467	0.002545980851562539	50.01072824640778	0.14091939766887618
1.4139821781095403	0.002551005883874446	50.01278848059725	0.14048809458980038
1.418311724632825	0.0021648864597441455	50.08070073504093	0.14048809499104567
1.422693222814877	0.0020936646859361454	50.0921250576975	0.14048809659925143
1.4267411301866546	0.0024686239583548444	50.0096886925225	0.14091939879152934
1.4316378774126717	0.002135300876407519	50.067873613879776	0.14091940104840892
1.435933538250164	0.002498320332747945	50.00240979548764	0.14048809513052432
1.4418044890224269	0.002891013562965433	49.93682520811739	0.14048809684040905
1.4469464542702704	0.002696229985951948	49.960247813175606	0.14091939673464562
1.4529203155197816	0.002603197814162666	49.9729000659815	0.1404880959916376
1.4580124435344328	0.002900163212972768	49.91321567970884	0.14091939397422393
1.4652049463285102	0.003980271816461955	49.76790656853757	0.14091939102749249
1.4724146197191605	0.00386292846253986	49.773289496736496	0.14091939007086246
1.4800122229819062	0.0034357666517347415	49.81332432600609	0.14048810284941893
1.4861202598009098	0.0029043455098380754	49.872990877764394	0.14091939577620602
1.492308589185642	0.003466334343281963	49.79457788385977	0.14048809759393974
1.4993813236910403	0.0031253938223109123	49.8376539420274	0.140488098793752
1.5068551021510412	0.00421013500244997	49.7044620726325	0.14048809617036687
1.5150626023757656	0.004388763299135261	49.67575309723665	0.14048809326549586
1.5235820673940053	0.0036689842999304612	49.74204874514939	0.14048810081886565
1.5304190399578674	0.0031415375703299575	49.79457207547833	0.14091939578147486
1.5368490510408885	0.0037538157763074872	49.70937648121293	0.14091939597234432
1.5444908895203433	0.004123985105320768	49.65741072815084	0.14136542493942247
1.554682759958987	0.005492313420531847	49.524919961106264	0.14136542128697666
1.5636839389319168	0.003941034003276154	49.65826684481317	0.14136541624472163
1.5721272753707427	0.004463078820362579	49.61290321264856	0.14016343517301375
1.581363307960808	0.004313916595214253	49.61745220453088	0.1418268066683723
1.5911463725171102	0.004870428586510396	49.61826339408984	0.14091940096524053
1.5999019593322532	0.0048061304548938566	49.478164373756584	0.1477585509983206
1.6104524163832616	0.005495153528995266	49.35380335675975	0.14868828792680722
1.6212296853823158	0.005425854348477294	49.30686038678517	0.14775854792176796
1.6310486707030734	0.004376293077909835	49.398131604296154	0.14775855124457823
1.639042685909064	0.004743644154052029	49.383590335643476	0.1477585512968765
1.6495625957293703	0.004299578926505754	49.417221105729084	0.1506905005874091
1.6591476410441928	0.004668866666431426	49.35361187828783	0.15176916521729658
1.6688407830432213	0.005533914518494872	49.282462903262456	0.14868827960104045
1.6787902650748951	0.005321475953296546	49.28642284325332	0.15069050129993264
1.6904633102947582	0.006009669993815056	49.26600785874672	0.14775854271092512
1.7018172218840144	0.004391510558056424	49.389299608372944	0.14966461991470648
1.7101753095392351	0.004591956039200321	49.34601116949181	0.15069050815748
1.7200193485753972	0.004717997399822451	49.315217791812266	0.1506904918190001
1.7287017245360814	0.005146848774557663	49.27752434924585	0.14775856868846837
1.7396269043581536	0.004968166240725487	49.254894936440856	0.14775854208950157
1.7526578299438609	0.00872063529021395	48.94503110247886	0.15176917737094767
1.768397237403859	0.006276621978610601	49.12521333694516	0.15069051557713503
1.7795461611551682	0.0059434591386139275	49.185067886337706	0.14868829384687904
1.7902055940261894	0.004833720718235827	49.27742299311124	0.14775854316798853
1.8322089884588064	0.021012843335250633	49.002703905381956	0.15554377353336737
1.8806711959773734	0.02255327600512446	48.86986528547618	0.15920895228357146
1.9169982486154082	0.01728604194210859	49.018647119810936	0.15554377652294352
1.9525827534027598	0.01751858476236202	48.95314511090221	0.15891091804424326
1.98394799292974	0.016297979952990885	48.95796224590776	0.15832566628240233
2.0179829137434004	0.01507004693444415	48.93475668896088	0.1583256558521136
2.0461646002561573	0.016690674801016464	48.86185814883335	0.1571400196282561
2.079847988596663	0.01306921582734542	48.92749364609633	0.15530225499837272
2.1064556280403655	0.014527231847037862	48.803596552755955	0.1571400308779661
2.1359791796145573	0.014616392360129574	48.751517305363045	0.15661112770637936
2.1655883762015447	0.012677981670293697	48.85354727609848	0.15272959840688374
2.1847747993992512	0.010264143596475062	48.85142108357845	0.15740913109492416
2.2023395234404437	0.00716897829147684	48.97233544077428	0.15891090639181393
2.220841632382476	0.009446172807331527	48.838395675562914	0.15861648637661024
2.2375105165145577	0.009090483902954291	48.83631255955061	0.1583256612330362
2.2583205875812706	0.011815679676824791	48.73904069565644	0.1555437845830358
2.2856741423953664	0.016271875978480958	48.526754657528144	0.15861652463106388
2.3169129724806536	0.013766371799962557	48.56505586170426	0.1598161652839506
2.3401636991199073	0.008481541601540363	48.838661216373	0.15500262803429113
2.358226987956674	0.008761780807707086	48.7831197486191	0.15740912872102544
2.372630544203885	0.007265245373549564	48.823653512823206	0.15832567447762197
2.384642459022535	0.005889132857453574	48.893898991487475	0.15861649239991416
2.4032533072729017	0.012412702136131415	48.603909286991055	0.15628473318839922
2.4302410480459895	0.013255503718715807	48.5492734241625	0.15951068125208234
2.4481912425934644	0.005596165240380236	48.94424675978741	0.15861650846466951
2.4615374094890874	0.00789366241830584	48.82671659493366	0.15687403335109798
2.4790407500258285	0.00995126128519523	48.691040758336875	0.15951066240018347
2.5113377079935333	0.021554557106844435	48.566788145241865	0.1451007850500234
3.0828723385446075	0.003775492535412786	47.90494049126778	0.15903486469353323
3.0900923088959753	0.003481196438624049	47.95745993991778	0.1585313856748763
3.0960304653848145	0.0025181939475202885	48.08921816927774	0.15853140069568328
3.103381194680386	0.004726670280239093	47.93876708695847	0.1501038104470995
3.193842659310269	0.0027413999874021312	47.921365911152954	0.15661111800900376
3.1984823115083	0.0020794458689336625	48.02972529739921	0.156818538923772
3.205081927246789	0.0036508895776980136	47.748768204321394	0.1594318847628053
3.210859393125218	0.0028118138214648838	47.8666450461049	0.15872495491750907
3.217192888144096	0.0031174850963923903	47.82505316889088	0.15849386563436568
3.2224435749608618	0.002395587173364106	47.961285531879426	0.15702787788189376
3.2323624133214928	0.006689960443146158	47.98084212489474	0.15983104326943467
3.2408117243285868	0.0028704673112499974	47.85287017502214	0.15919392426064125
3.2459482400065762	0.002512497212582633	47.88861945281014	0.15826500134547114
3.250487888109514	0.0020853579081757433	47.94295383368609	0.15826498892058147
3.255448189436871	0.0022995318991680044	47.90099271702867	0.1587249570924545
3.2598967504321936	0.002747056421260725	47.83292733137132	0.15872495627566652
3.2659634035369938	0.0030958630311076958	47.93269221275914	0.14989063351603596
3.4342723739431507	0.0020487424990170314	47.83207905919359	0.16007150152931351
3.4609757123071216	0.004248317365995404	47.35233058196205	0.1687485629316991
3.5089845797220485	0.0034941132764731483	47.37388735868078	0.16977880606810014
3.5301370327799746	0.06408142948171046	47.290841069645225	0.1452982955740103
3.7691786752118266	0.01058836382112328	46.982109338577736	0.1628884655076488
3.86821025168711	0.010018741825255148	46.97714589785848	0.151033696121059
3.9543285827656693	0.010421508125196896	46.68892926295986	0.1535728539149628
4.0583540355180014	0.04068465983285193	46.69003410667474	0.14676907782681498
4.248280573813569	0.09827023330749396	46.341443830175514	0.1486775510907143
4.579958116792368	0.03604240121608667	45.94703563268059	0.21754023403094971