-1.933053476625143	0.4136140458657998	51.1491967231903	0.14792366890534966
-1.469942608984683	0.1423916133755411	51.148623035464034	0.13768012648593347
-1.2509510021471375	0.08599888172866241	50.97952890681088	0.14629199668565962
-1.106053417415954	0.06160205771223835	51.09081103444136	0.12217443211633681
-0.9975938981984502	0.04798833700194272	50.817259459720276	0.13391132317223461
-0.91088016301365	0.039302661855087045	50.6410444058452	0.12984510635273072
-0.8386320033191024	0.03327927106952713	50.382620070847054	0.13350109840795982
-0.7767059833654955	0.028856774469055508	50.31296180931295	0.130419893731692
-0.7225180757052896	0.025471814164090084	50.437146401140836	0.130116348615125
-0.6743475277970752	0.022797610512999486	50.61101450669482	0.12480726325519254
-0.6309903856566834	0.02063156571459849	50.63022911593073	0.12228837381570157
-0.5915715940885125	0.018841409816837597	50.09943487034436	0.1374952866347779
-0.555434773862526	0.01733710485148573	49.81559577103758	0.13182623689012746
-0.5220752177950936	0.016055248048118642	49.737126289697066	0.12747978768768511
-0.4910963805545076	0.014949896376756769	49.69969814502194	0.17027287687795603
-0.4621808972568091	0.01398693958883527	50.29275968481764	0.12378971183524252
-0.43507102431363176	0.013140528308599644	50.38640305152563	0.13167880212998082
-0.40955449068165883	0.012390712851590963	50.33754641346816	0.12792396645294726
-0.38545428790144687	0.011721848115539025	50.26997062406252	0.13384020204846034
-0.36262145054374745	0.011121497086325071	50.18105797157624	0.1349454105935982
-0.34092934848834194	0.010579646343671825	50.207235147036506	0.13141417106753203
-0.3102965812948368	0.019718250465690385	50.189102299081966	0.13397196662374816
-0.28168287991547336	0.009230488419610541	50.518442877369	0.13268570173177988
-0.263603486535131	0.00885411764964374	50.46023669792725	0.15404687351637755
-0.24624676849275992	0.008507237754742722	50.60115384121322	0.13019481184808934
-0.229557117688695	0.008186512316493522	50.29006107189523	0.16075715007428196
-0.21348517428184724	0.007889091190800088	50.35452453790565	0.14247495739640714
-0.19798686377053484	0.0076125238385397935	50.460187856414045	0.1438665612963295
-0.18302260258000577	0.007354690550270386	50.674885332344246	0.13490008071212034
-0.16855682877725725	0.007113750524522287	50.80697790024878	0.1427475880565796
-0.15455741967979958	0.00688809647982279	50.74982130316647	0.14228518135236098
-0.14099520249303923	0.006676317845573732	50.72360779988867	0.12615614264186795
-0.12784371443419718	0.006477173289869381	50.305441584576585	0.17645081816339975
-0.11507882607481051	0.006289565263626177	50.632103489166596	0.1274335093929146
-0.10267842018061449	0.00611251899940929	50.54337807511276	0.13893393924424285
-0.0906222937048124	0.005945167507721491	50.73333530807456	0.12666312578022138
-0.07889181106647183	0.00578673524463275	50.620874365285026	0.1604307273731698
-0.06746985859053808	0.005636527892393293	50.87404579754866	0.13207418576408203
-0.056340638052774145	0.005493921376153434	50.94356712650036	0.14447600896173649
-0.04548948731647148	0.0053583526090676395	50.776255806244635	0.15071571264355876
-0.034902864173905535	0.005229313346480985	50.81959613989239	0.12903613367869302
-0.024568192951674644	0.005106343131854079	50.698707658130076	0.1296733104895355
-0.014473730060703655	0.004989023296702821	50.90184123357106	0.13600464347179209
-0.004608576570525935	0.004876973305263506	51.21699517794793	0.1434665771061054
0.005037440464170984	0.00476984604207243	51.59710587723163	0.13565102691346143
0.014473872812401256	0.004667323773436985	51.86947717827596	0.13483180018252597
0.023709621348523946	0.004569115963354707	51.778601773712346	0.1453067829541678
0.03275303113858746	0.004474956012877085	51.569041432880915	0.19429815406873355
0.04161197597570071	0.004384598448892398	51.76182855980022	0.1416121736951238
0.05029380564536362	0.0042978177602165865	51.818079341100905	0.13752410191069264
0.05880548848453365	0.004214405435173458	51.757739952822746	0.14372319209799594
0.06715355351232166	0.004134169211742758	51.597801879064384	0.16161956568640787
0.07534416054681137	0.00405693118680591	51.74101907352099	0.1341502784170418
0.08338316313401717	0.003982526173724244	51.55984256413463	0.15597762770520274
0.0912760602517434	0.0039108012165391835	51.670322528045524	0.13197583579264277
0.09902805660091507	0.0038416141755364033	51.29136351935713	0.20307986644157944
0.10664411698529963	0.0037748324944223335	51.60680229421102	0.1294156069508241
0.11412891593559976	0.003710332973609315	51.16835710406335	0.17137017088896514
0.1214868905624989	0.0036480006857818287	51.19031841452398	0.1404143969611443
0.12872228844425498	0.003587728028066283	50.93306378776434	0.15120882154470572
0.13935425837594362	0.0070019263635019945	50.67774703171654	0.13589366525297417
0.14973216467397837	0.003418295766834606	50.557920641141386	0.14450145686515706
0.15651549767538198	0.0033653195169967656	50.331266455210894	0.17259816561750238
0.16319451766054588	0.003313960168531097	50.34532327568779	0.14988994365077152
0.16977237474006623	0.00326414488245974	50.12976349998678	0.1775373443428933
0.17625207816409494	0.0032158051301244108	50.291828579520256	0.133605653328648
0.18263653292940535	0.003168876172273176	49.90973208795837	0.19136517352476162
0.18892848956913993	0.0031232972031281217	50.09754988697881	0.13112385489313194
0.19819873011392686	0.006114670614698411	49.735700657175826	0.14583508722479718
0.20727522998123377	0.0029941018657109694	49.88385113927209	0.13961689718659476
0.2161659044191152	0.005866862273152714	49.909370317990685	0.1588062402825754
0.22774391473438216	0.005712521962639865	50.434289043328604	0.13604342471744893
0.23902126508814514	0.005566093949082129	50.73429826731164	0.1472777398774362
0.2527182217308996	0.008089931323602686	51.21964706670819	0.1350479433082734
0.2633730216109295	0.002631290393937157	51.47838901945959	0.13308884338725427
0.27119601001561316	0.00516863408811437	51.117944777575545	0.1381746107883369
0.27888057198740107	0.0025389914001613984	51.03134407264239	0.14429593538741434
0.28891960643068954	0.007442921698959533	50.682879257639726	0.13263303982855446
0.2987318146363455	0.0024255486354398384	50.61599077608044	0.14025129197538005
0.30355602102909246	0.00239875438049083	50.268770755950584	0.20814277694068323
0.30832722762470627	0.0023725456326510273	50.634940464952045	0.14269491147885194
0.31538716550259277	0.004668578138337941	50.51041561847967	0.14862354704093902
0.32462536657013	0.004570318125050455	50.60380111421685	0.16137421289339812
0.33590344766812835	0.0066797407758565795	50.8655884556055	0.1310600017112331
0.3447196752378003	0.002181836117288336	51.076607049188986	0.14858710515853715
0.3533604853046279	0.006416564604560769	50.88639088226728	0.13341897659642438
0.3618327245489172	0.002097534328681027	50.94436871155769	0.1488249718895969
0.368080178924077	0.004135153338860849	50.729807121134954	0.1536192124194146
0.3762727234807958	0.00405787882413884	50.69324075529671	0.14061693860011745
0.38431358361203133	0.003983439393362447	50.39337967989265	0.17701462964769396
0.3922082684434171	0.003911681887234447	50.44280418269843	0.14764903075900654
0.39996200355709194	0.003842463882124733	50.32718851334232	0.14975213819614966
0.40757972818399485	0.0037756529613627216	50.16389148580072	0.15712851224285196
0.41506613726285785	0.003711125662589447	50.281356336588495	0.14887802920860485
0.4242462401662516	0.005450254929882662	50.27600488761807	0.15275636606806084
0.436780861950732	0.007060263846913951	50.42162608807283	0.14345516745203984
0.44551771515744437	0.0017299123004056892	50.79875491610101	0.15033564201328564
0.4523828192939607	0.005108345199417822	50.805517049262356	0.13445718161176895
0.4591410883029922	0.0016764890205909079	51.06599363222111	0.1379099535323097
0.46579579805843	0.004952987803140179	50.840353790961316	0.15651636318824885
0.47720167315562084	0.006432801050553873	51.00243005026736	0.14354036912867757
0.48516914033585073	0.00157896557503676	51.3586340194601	0.15033804832613906
0.4898803906439017	0.00312385888317169	51.06723301228051	0.18144465229454268
0.4960835962924461	0.003079556675999953	51.22650331546515	0.1371234099889957
0.5037150429546802	0.004538872817065508	50.743526250623226	0.1872228134455005
0.5126992177976395	0.004445942471086078	50.82904182124776	0.13876814555126132
0.5200466177857546	0.002914239093062699	50.736204511386575	0.14589834402209945
0.5272717795217148	0.004299235914419149	50.50870365138128	0.14645037894708882
0.5357862394266291	0.004215769108220113	50.19364043927402	0.19246959748089085
0.5441369757607231	0.004135481485361207	50.16431787558705	0.15113982692461508
0.5523301650174488	0.004058194814193969	49.993262818643316	0.14348369764201194
0.5590416962315288	0.002663974732561732	49.90228924843418	0.14044073617761027
0.5682669291131655	0.006519959185462231	49.40761586449435	0.14837646912971886
0.5873991295648482	0.01247793365883884	48.73787101722802	0.1450331691720985
0.6009124224313356	0.0012095654674718834	49.8122027955838	0.14478978101482307
0.6092979034614763	0.0023728697183002297	49.96232041870267	0.15103137515189027
0.6163587996568927	0.0046692055549588125	50.1754679088684	0.14196843087831498
0.623306733451914	0.002297550490201036	50.58100940117451	0.14901136079120705
0.6301452607625391	0.004523311872395185	50.62993226502766	0.17155078658901218
0.6390989501196946	0.004431011152011107	50.53410999456949	0.15063350323334665
0.6521926023000091	0.008598826506933159	50.13564284682381	0.14030670042827223
0.6649030176346722	0.004175406621082046	49.941243473700816	0.13990983142037
0.6752180605594107	0.006116105830960751	49.370879666184265	0.18817046101642182
0.6872811760503355	0.005948560407494398	49.235018008116604	0.14392905110837095
0.7047699513822436	0.011427549114646466	49.20535585269441	0.13632856966336382
0.7197454927050562	0.003680071871435417	49.5782226581381	0.14420738512925388
0.7279477100398615	0.004514026415218659	49.6768625205899	0.14011081518325727
0.7368832069514488	0.004422100406181789	49.587256780629325	0.18621612019486308
0.7456385575032229	0.004333843742420378	49.864446189120656	0.14978454599585936
0.7626368912504444	0.012502480033956155	49.80194801516901	0.16608862137492855
0.7765801273603823	0.0016143275934771585	50.33902459320309	0.14779233523676907
0.8001440552768606	0.021406998465240853	49.859786586069944	0.13223944463980783
0.8246680924452825	0.0036127982822313064	50.11591578740549	0.14509956312267477
0.8304104385673323	0.0021392060492269696	50.20091331721264	0.14873715681370756
0.8471955041154275	0.014406735820114107	49.88553553453541	0.1320079820370647
0.8750934326352087	0.013510383097591042	49.97389167489551	0.1371909041814043
0.901306931040269	0.01271903509218221	50.08726412332999	0.15105751163343523
0.9191071611415749	0.005232113423018835	50.457976860916176	0.14384176286246533
0.9277409584270115	0.003419417215050432	50.60535856160904	0.14426149969550336
0.943412068322933	0.01209351128940122	50.41506487526654	0.15055837112545958
0.9782566225122351	0.022322244247974497	50.19927788729114	0.1377502959260216
1.0105119630184678	0.01036221310740627	50.00121731974294	0.13895966228584733
1.0316552801487553	0.010767075624865136	49.521846732925624	0.18370185306233383
1.0457792050383006	0.003474182143747785	50.13243110652063	0.14292758309102868
1.057349077803105	0.008034268195406861	50.09061691510114	0.1472007016956847
1.0808068046018056	0.01522364309963629	50.39850395254959	0.13772158536672383
1.1038227187770289	0.007978814675810672	50.86456372771808	0.1401588138939011
1.1139619117291812	0.00222705601475624	51.01679389375738	0.149293361359218
1.1245947842475246	0.008330572601280924	50.69474124868514	0.14403293186677216
1.140944283422334	0.008022788705977607	50.607791487694776	0.1424099997894194
1.1570368111625524	0.008067077559485662	50.274645574753016	0.19137089245968525
1.1663478722035459	0.0013159940356902609	50.78479129208802	0.14824975971289872
1.1881626012216715	0.020024384444627966	49.96846224643076	0.1594377055627137
1.2267573855518845	0.018607917544992286	49.80057915681567	0.1382867214204184
1.256624218771092	0.011491746539182937	49.726296202683855	0.14630488698561103
1.291282496272199	0.022701112082195437	49.39971665911884	0.16735169781411688
1.334464921279087	0.02055250241590761	49.503747881616725	0.13694677258951143
1.3832267356524361	0.02775427367914917	49.25719260386784	0.14956060403511043
1.435640897685483	0.02477587149810125	49.00707682066804	0.1875892047560445
1.475033238425955	0.015031125884186345	49.199527878030295	0.14850028693584338
1.5195436194074352	0.028738520654887717	49.075330830124926	0.13479792219577638
1.6215282386592618	0.06817121652015608	48.76056595559211	0.15808159773183045
1.7040599102289278	0.018790923210227815	49.15652096533389	0.14242006671349558
1.5219481064767066	0.0030068394003475414	49.04310782243661	0.1236220159311796
1.52827421035623	0.0038983127923394815	48.92063444212617	0.12361029171229648
1.53715249631883	0.0037009908118641674	48.9362140506467	0.12361020728213441
1.5441903424346417	0.00408904069932509	48.88893384305345	0.12361017705532618
1.5523965731549483	0.0036816061360432552	48.9296577603464	0.12361014315537044
1.5588554446245357	0.0036154417453608343	48.93441361810336	0.12361012486946855
1.5671274298309419	0.004216049575943069	48.86350870703554	0.12361010995021471
1.6209337849495808	0.004140923209721423	48.83366661002337	0.1236100887439034
1.6302865905051194	0.004903370378747589	48.736388361426776	0.1240206717873065
1.6394145436018621	0.004549556681464475	48.75466700707658	0.12361009657996232
1.647708894694197	0.004048093726667594	48.79111896872128	0.12361009278907545
1.6556932256562225	0.003939698788747214	48.790053397211864	0.12402067922089469
1.6647307472210955	0.004571273536029153	48.71864277293728	0.12381385269007938
1.6731182257260184	0.0038615790204489654	48.77891998275388	0.12361010099401948
1.6811859417339967	0.004426446553563686	48.697672559156686	0.12466021052868728
1.6917541813818735	0.005222798739067202	48.642371572499485	0.1242306407655545
1.7010640378177277	0.004713440968519286	48.69917979031833	0.1236101122943476
1.709656205700545	0.0041290980315816204	48.7391541363449	0.12361010359345267
1.7183494238319788	0.004271090811538563	48.70717176044295	0.12361010367644812
1.7252217282867353	0.0032864619870408614	48.81948287323203	0.12361011390591602
1.7344575556540816	0.005916558043192166	48.565514070468495	0.12361010968133815
1.7466169029148797	0.00586346845215669	48.55938422288451	0.1238138611786457
1.7566107546463834	0.004633505550109127	48.64263532468219	0.12423064997057161
1.7652586496017286	0.004061633707291407	48.69255162122422	0.12381386499760212
1.775764124737539	0.006241001906912606	48.50066296938286	0.12361011749582142
1.788482621865373	0.006119782550146635	48.503918972069435	0.12361010660475817
1.7993252301540545	0.004605445646130906	48.620335259332606	0.12381387751140875
1.8087996892700553	0.0046072380260062645	48.6130029964919	0.12402069835711937
1.8176645122338564	0.004236947695996623	48.636853879501906	0.12381386971395081
1.8265283063406512	0.005464384788786504	48.513106066384026	0.12381387202617523
1.8393278794089372	0.006032207389971737	48.43920996602921	0.12423066741569554
1.847952911561317	0.0038898891551915078	48.61074186109079	0.12444380782149445
1.8584536456576664	0.006038041956041285	48.40546715357558	0.12423066319519811
1.8692480217704253	0.004455263762777624	48.52714401220324	0.12402070820807194
1.8771376881446735	0.00432383095689799	48.54698929011106	0.12381387828548503
1.8883511302329499	0.006534931515832904	48.38110869858167	0.12381386160451316
1.9006887091834948	0.0056301251738990485	48.4443249335042	0.12361010441051369
1.9111487273714158	0.004547307199216036	48.525938851635644	0.12361012312730706
1.9218973590534727	0.0067466360964135615	48.336022172671875	0.1236101235767786
1.9350283710745728	0.005231518351066018	48.25524697405201	0.13181481708807016
1.9451128191290805	0.006285949255814574	48.34358815009659	0.12381388688286965
1.9569657196336108	0.0059035852992449095	48.27121292796646	0.1277783329262272
1.9692994014258773	0.005272179382613484	48.38797465090215	0.12510307968974824
1.9788219200592643	0.005404836158386003	48.37038384110626	0.12361013247862139
1.9889105702441752	0.0043909131942891835	48.43044615959861	0.12381385937355449
1.9981430458853406	0.004572362565565502	48.27751910609298	0.12901888075784157
2.0079302362574283	0.004848342800804098	48.34345772542679	0.12361011878188481
2.01690572334731	0.004526390696798164	48.159474656461384	0.13455050303407579
2.0253081414353353	0.003790952141811971	48.26073494146591	0.13104326431441915
2.033068400151433	0.0037439372220437247	48.412252319118735	0.12423066510073741
2.0405408085063206	0.004577836395585661	48.24920733983738	0.1269738597495358
2.0495625641257003	0.0038422663074806932	48.263872288981894	0.12962868128096683
2.0572771859760848	0.003545179080860478	48.27003185816209	0.13144948746387347
2.064719984440907	0.004604320560464962	48.25867904762647	0.1262233320912083
2.0735228432889	0.003551492604258454	48.22574945217057	0.1322461744672863
2.0804861882670873	0.0036533657662989913	48.20264044506541	0.1322461668141446
2.0886734540443905	0.004894279060280427	48.06894338828131	0.13268699796671826
2.0978470774233364	0.003989786591019336	48.246788171819404	0.12840106762144046
2.1063986801132537	0.004651334125876024	48.10898802752602	0.13181480727589875
2.1145702139339897	0.003928958605240695	48.17686718283215	0.13268698374840535
2.123365191018832	0.005027044167690651	48.06159546091255	0.13224616280678247
2.1525074752727735	0.014903085789808689	47.934006980903746	0.14060347099661047
2.178470134577192	0.012032230178815278	48.03758674982517	0.14052603731994595
2.198915082625892	0.007652870409299171	48.215814553843444	0.14175017564688072
2.217444461102655	0.011000202351312273	48.061024821618055	0.14208505948267938
2.241550630944472	0.015609383955028429	47.853386931659	0.14333388309114525
2.2753523117128003	0.014440561571895341	47.904103086244206	0.1391670148846246
2.296599383081785	0.00763908620433394	48.092939515306036	0.14342473272220194
2.3138098259899555	0.010279544022651285	47.95951019556376	0.1417502108178599
2.3331213473955423	0.011237500951341853	47.91825665756972	0.14029528870941738
2.364490542190706	0.018295130109602303	47.616572735876964	0.14360740460368604
2.3953263930693507	0.013389047407658934	47.71003690619395	0.14369919912671575
2.4231047280582056	0.012559470908672297	47.73874119063133	0.1419170581388124
2.444057814142681	0.008704288453081271	47.879172085979	0.1417501734191006
2.460396637297684	0.008382485294472115	47.90118480899684	0.14044889108295944
2.4817928531685434	0.012967012895387377	47.65010831315759	0.1436074074000433
2.520685094090548	0.02644787971662681	47.607052345281666	0.12542642926619807
3.3398899312791963	0.004287046533010532	46.728887454460995	0.14368347382306557
3.349330744982678	0.003924308388585633	46.75620190648843	0.14404092060728838
3.3569227487181097	0.0041222181157668	46.72989977471714	0.1438615957510003
3.3666296259911306	0.004681251220450531	46.77508111667169	0.14367988183223068
3.3755929020151942	0.005095129192851155	46.83425580682962	0.14350475384058356
3.3853581763146345	0.0042346052098077855	46.70173298074192	0.14377237590914074
3.392218829483054	0.002819716214611154	46.87326511621814	0.14386158934669366
3.399535471177315	0.0039780693834866945	46.71247567195394	0.1437723756719896
3.4056068170018174	0.002852977256948805	46.85053750474675	0.1434185156264652
3.4118251149539174	0.0033983083765226963	46.76352405784361	0.14377238732398362
3.418167648771848	0.002425188671295369	46.8972158784448	0.14386160198199568
3.4243071863335137	0.004440653268795519	46.62567767057595	0.1437723734035236
3.4315971124020357	0.0021273464270753157	46.95514348103772	0.14198941174352728
3.4369349228603454	0.003539201845984488	46.73575058312422	0.14190846196879733
3.4428063687717576	0.0027278797087411308	46.84803460447333	0.14223385953992962
3.448064020094978	0.0023716463057073542	46.894564478906815	0.1435065304061657
3.4538158964050556	0.0027659663682938753	46.85557710811801	0.14182776959266263
3.46042020691289	0.0037719972491902115	46.70350117570026	0.14386158824799383
3.4672414763707193	0.0031975124186654244	46.786038767762996	0.14333078591852455
3.472359017239744	0.0026503533231175716	46.87234528307412	0.14341851120646107
3.478852163862599	0.0033139840366348977	46.75697795375898	0.14324332904809114
3.486750276393967	0.0046348461665111015	46.56736227264159	0.14368346323706951
3.496152494237322	0.005018149827764241	46.495309677428835	0.14368348866477024
3.5048048938164253	0.003121746849898744	46.6975556008719	0.1435065430129222
3.5123945623869	0.004555061282707343	46.52609470810157	0.14386159984046426
3.5214042037405386	0.004825697603416566	46.49812272638579	0.14359486289001777
3.5296699943805043	0.002769351833684861	46.7374776815954	0.14350652580049253
3.535300732185713	0.003703721469561828	46.62977232947795	0.14174732132772777
3.5446894678834258	0.006299451812756897	46.63189299127784	0.12745447387835976
3.7371642721141343	0.008808936289844945	46.008690644883664	0.1543517072599585
3.7587195446160595	0.011703727293827631	45.860647876110086	0.1549766008780935
3.77815326100159	0.007158547356163628	46.06099362362512	0.15470740564888427
3.7911202972656315	0.007486203390666263	46.025069221374494	0.15479686132317347
3.815033506371823	0.016161278483158934	45.9394525627785	0.13404736950437013
3.9423512995137666	0.010293326520576199	45.68007334713732	0.1553864247822412
3.961355747211989	0.008695398610841575	45.733155005005905	0.15488794352543486
3.9858073065262913	0.014490530210031069	45.5754387367219	0.14868773702632102
4.093185171554206	0.024821262958055552	45.20900361619352	0.14959097431027368
4.373638388590794	0.30172079240991906	44.2059221844391	0.15893789139298126