-1.8955494197615705	0.4271749792611009	51.543949861588516	0.2737968454216086
-1.5316600867394587	0.06160205771223835	51.957982379475276	0.2531702672252854
-1.148124820940723	0.02547181861640249	52.04764755198722	0.24649736854609133
-1.0777347886377069	0.04332114401339952	51.79835511919498	0.25263763324433824
-0.9810414604088977	0.05201131661707597	51.751290320963626	0.250403763922151
-0.9167030498780125	0.014949896376756769	51.95321319425639	0.25344425189958336
-0.8740211504001806	0.027101060055877615	51.70530763594306	0.2596348550894723
-0.8351611600051638	0.012390712851590963	52.065928558854445	0.24412785768190776
-0.7994945195611188	0.022827568137089745	51.87107080491579	0.2471767738956122
-0.7665360178118469	0.010579646343671825	51.933257664269675	0.2512678612962666
-0.7359032653095837	0.019718251132716115	51.67893857719741	0.25989890237358
-0.6892101734501871	0.02656235402486706	51.70673945197291	0.24488221784371902
-0.6551637870121999	0.008186512316493522	51.79629599183383	0.25335649869572074
-0.6312735691288647	0.015496681148984073	51.597327036945806	0.2590215261088922
-0.6086292719035107	0.007354690550270386	51.74788531004805	0.25355050751222025
-0.566601879775336	0.03338158983961284	51.35319490110369	0.251882630107099
-0.5282850895041195	0.00611251899940929	51.718605750972145	0.2534056868341635
-0.5103241172339836	0.011729763220300685	51.64456484756933	0.2489039540777008
-0.487476277267919	0.01112862236532421	51.50133295118598	0.2657775518094355
-0.4657705955190505	0.010586093456394503	51.7400821488781	0.2473582319939148
-0.4351198192827108	0.019729448391887724	51.58267584392	0.25023099838943524
-0.39735181112824747	0.018086183590479202	51.606369965077775	0.2522953544460951
-0.3668011850256081	0.012643216427402088	51.8926783483959	0.24072394846804882
-0.35026250877669357	0.00405693118680591	52.0265640218867	0.2529857123790133
-0.3382591330025202	0.007892675747974719	51.8242172241264	0.2574689502033358
-0.32657861272258987	0.0038416141755364033	52.11972831935492	0.2469591054440431
-0.3004870139672809	0.021705680041686742	51.67943268450618	0.25713408094713264
-0.26909117164812296	0.010095958550990295	52.010678182138506	0.25088437800095553
-0.2366781864030449	0.02186308075660206	51.93211407759252	0.24923169866346748
-0.2094407692755424	0.005866862332202395	52.308402844239936	0.24750200505004769
-0.18658540700006782	0.016698281953547247	52.07610262266826	0.2533891326123627
-0.15961029895313938	0.010461776140390613	52.12560797637412	0.25079286407250795
-0.14419450132442113	0.005048468252505573	52.16812670639063	0.25341261830575174
-0.11727944641262333	0.02135291092562336	51.77846457324115	0.24582150265680838
-0.09417937049642311	0.0022496476539596638	52.073828326508846	0.24902698145754798
-0.08307433369553219	0.008771410928074038	51.623003814994505	0.2616947340540573
-0.06587656031680056	0.008430856244946947	51.6521348236529	0.2501441777263844
-0.049333947354387675	0.008115757676526753	51.84190053793977	0.25329441576275274
-0.03339840088008783	0.007823363774468893	52.15469382989109	0.24888413980832225
-0.018026942546050417	0.007551305947181696	52.28030647365642	0.25754169966479373
0.002257956970285524	0.012611746002589236	52.517205382888946	0.2532747137936507
0.016437364312133274	0.0017438043962926756	53.23149599705073	0.2508454893527787
0.02507001958682431	0.0068379371430806885	52.8170728844469	0.2758724297160001
0.040189127094808375	0.008254979703075298	52.76384414937231	0.24785320418181753
0.056393001843283774	0.007952654864836116	52.5112316045406	0.24809229991865148
0.06738639826041648	0.0031015495938922694	52.55964342197878	0.24608488903262923
0.07961870054809017	0.009046231185312491	52.14101625546011	0.24635766858975194
0.09151588614804962	0.0029339265827420455	52.25657201873317	0.2485138384414931
0.10735992238208047	0.004243228944567937	51.98195079834404	0.2521160124390183
0.1157645291267747	0.004161902080831648	51.84932203809731	0.26200998478584386
0.1267234954251798	0.006763658027842322	51.907852031654144	0.24479427062525394
0.13609086192591535	0.002647733475432555	52.02755753506571	0.2493042792974619
0.1413543052819184	0.002615837870401243	51.81588623365415	0.2741553032797854
0.1465547212974947	0.002584701571669248	52.09755187739845	0.24539077636016962
0.1516935996733535	0.002554297795319906	52.03276563213774	0.2519015415900605
0.1567723835098681	0.0025246009697018758	52.08877245745509	0.24668773695555105
0.16054287021423197	0.0012513887960367903	52.28326175979492	0.2440192287938605
0.16551979781148618	0.003711389967522827	52.146521212193704	0.24172757232762826
0.17044033641381706	0.0012231924622204443	52.23041198060967	0.2527265643161423
0.1740944994586593	0.0024258873439139705	51.95164568905054	0.26015574475728326
0.17771816907659732	0.0012028652081277824	52.13476535786695	0.2509167289827277
0.1825031739099744	0.0035690547761176887	51.859372229283935	0.24712448283581195
0.18723603098457653	0.0011767903585397136	52.06606041876309	0.2456213686307664
0.1895832585015793	0.001170447326677756	51.849285796793374	0.2663623395457114
0.19191786467459437	0.0011641723168246746	52.08336285513219	0.24374322079443964
0.19539641350763381	0.002309769885104033	51.93216799870034	0.2516455162648122
0.19884732161179908	0.0011457445785627723	52.18201101171927	0.2503964416352168
0.20113278782483335	0.0011397309572976407	52.355649440678654	0.24324204492067103
0.2034062863720728	0.0011337801421329936	52.2537999128625	0.25860561920046937
0.20566794864160232	0.0011278911368028677	52.222495902081484	0.24821266061394892
0.20903850882261277	0.0022383429047289453	51.96474007300678	0.24559454547677384
0.21459862188402823	0.003314803321725941	51.74778180047588	0.23992141921633336
0.21899602180282607	0.0010938030013716792	51.72597005689013	0.24716882325101122
0.2211781345134286	0.0010883209717365715	51.71940342620634	0.23956265112598477
0.22443088757338137	0.002160400358259643	51.3538943006109	0.24369404068485984
0.2276594561602282	0.0010721996876636762	51.41816425441807	0.24085416836066778
0.22979857988345465	0.0010669315374909507	51.24924000036903	0.24332001575729748
0.2319272189432524	0.0010617149032990604	50.95947552387883	0.26116578355782066
0.23404547246845264	0.001056549040781259	50.927253637595	0.25318306768402166
0.23615344756010548	0.001051433197140125	50.75880172822802	0.28075021106214876
0.23825124038180157	0.0010463666569214638	51.14201693758214	0.2472839708427185
0.24241666630282033	0.0010363786703952375	51.293183286674754	0.25201626206994315
0.2444844941076979	0.001031455838315745	51.45789580578593	0.24824545017186145
0.24654251984038966	0.0010265795595945392	51.5021494347414	0.2528246987438492
0.24859084206736337	0.0010217491626551389	51.83581705773096	0.2415691376896082
0.2506295458153036	0.0010169640171590088	51.92900368343433	0.24311295450518464
0.2526587270139612	0.0010122234761314164	52.052723446986676	0.24613432896640614
0.2546784712186929	0.0010075269257644398	52.26979039567298	0.23900212099608398
0.2566888628106805	0.0010028737634595155	51.93371333503235	0.24880106822185663
0.2586899939434848	0.000998263377057482	51.81731980321364	0.2459731230116974
0.2606819465910807	0.000993695186183345	51.539356781587045	0.2559664530922668
0.26266480161821304	0.0009891686209126114	51.95019442763066	0.2488906520154931
0.2646386476040753	0.0009846831015762497	52.460980738014655	0.23948707625353843
0.2666035631350476	0.0009802380789940453	52.33191081004384	0.2515151655994979
0.26855962574886305	0.0009758330137379664	52.27896518876719	0.24824586665416082
0.2705069206387747	0.0009714673564879968	52.10796251009598	0.2494799610399016
0.2724455203021672	0.0009671405936164321	51.941353404620166	0.2561076254815266
0.27437550777355213	0.0009628521949297609	52.009782615673956	0.2510865932383665
0.27725450074772506	0.0019129808717319727	51.91321192972052	0.2487235665389737
0.2810637088389055	0.0018962754362140486	51.748145360423216	0.2717683378155525
0.2848397951563245	0.0018798592471132441	51.990768068788555	0.2451707587084806
0.2885833335033914	0.0018637248447492167	51.97416628073941	0.2473813389706769
0.2922948788178821	0.0018478650413425416	51.90873671777857	0.24809334586309925
0.29597497194190525	0.0018322728915125173	51.61460367256458	0.25657399379232027
0.2987147199678818	0.0009103751878366821	51.646218693961146	0.25187915594415383
0.30324290806914067	0.0036037297564021167	51.12315322695743	0.24547459130582966
0.31039121491091115	0.0035448993511733857	51.38091888089701	0.2473142783615642
0.31567627490388595	0.001751010915052596	51.66740007012478	0.25058292367368673
0.31916425182507147	0.001737004231289799	51.747953768973716	0.2490346382968751
0.32262443986379385	0.0017232198486466957	51.86470792423215	0.247050032497974
0.3294631915375035	0.00508889149979695	51.74277871528259	0.24730170062806178
0.33703022159573615	0.002500496008698168	52.04057847338521	0.24727550643084345
0.3420026384075219	0.002472030067740915	51.8131748485679	0.2899016656355351
0.34610326843395334	0.001632532589922348	52.13577583103634	0.2496460784443033
0.3501655419897991	0.002426000272248468	52.010596329997	0.2525993354866387
0.3549906392941651	0.0023991961064975323	51.84469403120222	0.2688698290922927
0.3597627165456756	0.0023729777751132037	51.94529929176694	0.25331014243595246
0.3660449994872308	0.0038981642780652084	51.88391560083797	0.24818967657943602
0.37146842508239053	0.0015399148359851573	51.99589243864873	0.25199958797167915
0.37530124896991657	0.0022895763914348357	51.92472105407025	0.2494543217692261
0.3806110017126847	0.003015672128381713	51.56871049244511	0.29220928044259437
0.3866008494470543	0.0029743650849130654	51.76835511897485	0.2533568280182746
0.39833826100483516	0.008685165880540068	51.530447053036674	0.25143160551444615
0.41537020860517226	0.008351147800225233	51.401902920841714	0.2612669300635024
0.43175933601326233	0.008041869894267492	51.4544191233687	0.25044165698751114
0.4475524064687104	0.007754681623706155	51.39926636268728	0.25141485167284805
0.48941188404317715	0.03286330787823093	50.974649609176225	0.24773738418096133
0.5361043847798177	0.014756684058253831	51.128365612595886	0.2528935873620122
1.2799719792928752	0.014616685041512922	49.547386652334694	0.24602812338032548
1.310749987594891	0.014223231724767782	49.56220221734787	0.24357452194636728
1.3416976481297682	0.019955051382354923	49.3725837896318	0.2447354797594428
1.4318966964109696	0.07138922182105885	49.1676393500554	0.2506797085991779
1.5941210355005377	0.06936976202725606	48.75605740660067	0.249384229131338
1.7034419756122434	0.058427075216633886	48.40665088367597	0.2500747778956951
1.8209055889616883	0.05658425034113133	48.303694898556394	0.2502066806843096
1.9355375192973325	0.04740753623227477	48.27921334223717	0.24940414507787279
2.0480635497554944	0.05488001457581933	48.10249197477535	0.2497742269687742
2.1316210719681674	0.04108256115635305	48.15179306892877	0.24989990360042189
2.2179891033580716	0.04466825976839498	48.29944811631607	0.2409932400180565
2.9411567409201966	0.009229691752897354	48.243054711600436	0.25028776591726604
2.96688520085718	0.01494713852292721	47.94547535659255	0.25118620768820815
2.9985627138741906	0.014692990028169955	47.93367211478996	0.25034173326924747
3.0232183827225265	0.012913552979840101	47.942530013620654	0.2507297619652802
3.047692106246311	0.010069897619647621	48.020629334676656	0.25046287074652285
3.0641811664689422	0.00861755628294999	48.06589847968276	0.25055125753766405
3.084678147965138	0.010462211172911799	47.95406966721128	0.25037503577948744
3.102463817602934	0.008249128853558035	48.049960173915096	0.2501148728914804
3.1279384412945035	0.01572710118698633	47.91771093185396	0.2439697998862458
3.3162762384681725	0.005261124772229325	47.732804040486876	0.2572477321278561
3.326583189426147	0.004495533622976145	47.91501092151914	0.25029786303902085
3.334489761434747	0.003415909605201515	48.01769714457679	0.2502085466532178
3.341298817550757	0.004190552428231292	47.8381201613679	0.25385904782374447
3.351199686406683	0.0050569099455643795	47.6975193042216	0.25661551593487647
3.3609968877558005	0.004350812579857027	47.75091124820183	0.2569288907685752
3.369998014569598	0.005084815516932299	47.67235007347362	0.2570876006879295
3.3805317204809047	0.004868277686618139	47.734917059835965	0.2537356671537122
3.519851082931031	0.004389777354112071	47.75276542474027	0.25685349087164683
3.531899813328084	0.006637991728511444	47.541070773801486	0.25712238528341796
3.543342130524805	0.005945554833072349	47.57105528899841	0.2573038800018162
3.557543948507713	0.007483599208637908	47.7504765093869	0.2444368222742503