-0.8339094032090248	0.4335718805942907	51.430031675968294	0.24604361207651027
-0.4663457287507659	0.061997785755896775	51.60361607049407	0.2500402932995393
-0.31153677320638457	0.08681548966039228	51.26025899595344	0.2720187209224563
-0.21121101668391878	0.020672486515377123	51.652307644971756	0.2500691122490861
-0.16547075086274904	0.024807967718376785	51.52933297070042	0.2557506480790922
-0.11849009171211283	0.022264376062080708	51.56016000531709	0.25110770032822666
-0.0710798369751543	0.024952282990115426	51.410602281700285	0.26216313303585903
-0.0238402164876117	0.022380545447623964	51.47961492856119	0.2503996425783482
0.051952109510110756	0.050750707955797385	51.3022242388336	0.2489973091644627
0.14468808916364595	0.04251090909279873	51.13720873987538	0.3008665561860753
0.20019630756194173	0.014696936841321654	51.72668114307431	0.25198919604844083
0.23237621946801323	0.017369298006411325	51.68290909611742	0.2571312648461501
0.2657953798791318	0.016082853503855184	51.817203713085235	0.251107015779605
0.3668100379941486	0.07738189090924501	51.6471602038399	0.24528931343714985
0.4509622039743806	0.012750205004721259	51.941041345229955	0.24910004579549191
0.490369644996947	0.02602821598287126	51.84080506736444	0.24327356151779062
0.5195078582493717	0.0038430305986368023	52.13034565962585	0.25195171710162545
0.5383100653079345	0.014720807264819495	51.790201706221595	0.24884800210771216
0.5667966559920468	0.01378621464464663	51.34341911151339	0.3052889866958523
0.5935291945304788	0.012963208235975217	51.483592391925136	0.251492463139562
0.6312704912269156	0.024263644767303822	51.17931312161188	0.24595253718103743
0.6600089034316221	0.005098169048176042	51.32041763464229	0.24718108901217728
0.6878333625438424	0.022170080180930925	50.899292270324395	0.24140153102618156
0.7106951307680149	0.0012372474693860488	51.21874851682277	0.2519246521775025
0.7519734493856547	0.03825226648386978	50.59369049722635	0.24138655086266847
0.7944540399332221	0.0057812976779009	50.88125884497065	0.25114063453152696
0.8068580290992202	0.006610014570569598	50.85827497293755	0.25155965026121335
0.8303382552412322	0.016594648759171424	50.683467194882624	0.24835154258852438
0.8623204904260833	0.01541650149676346	50.73320134563608	0.24609886124955077
0.8926510335410038	0.014919082179304306	50.64249271856593	0.25731648928751516
0.9099341695443295	0.002606731383970636	51.07248990237103	0.2518469422738632
0.9983125103488251	0.07783931856365575	50.538694046619646	0.2383559338926663
1.09171841610645	0.021268346115801112	50.797522306928755	0.25190492110323437
1.114114428801551	0.0016289810097530383	51.414218572590215	0.2512075083770153
1.1248937157534062	0.003019189242710979	51.30681431460767	0.2504313893189241
1.1374235902675858	0.009417523118249721	51.1196241670392	0.2473685113989002
1.147193548224795	0.00045285394638019727	51.806538156988765	0.24704292872785577
1.1521465897795917	0.004477185774411498	51.32036514385473	0.24676125711900876
1.1583698478073696	0.0017653948221683885	51.51768644322619	0.2493320238459017
1.161156099374297	0.001023227941221316	51.633261589800675	0.2503125169166551
1.1636339991832063	0.001453437800764567	51.29247707055787	0.29724318577003084
1.166531189598369	0.0014437741463720968	51.56601189528956	0.25126225422620907
1.1709839841367855	0.0030009983790187733	51.4307938422605	0.24951055448284654
1.1748253716853359	0.0008498774945954285	51.72017826695176	0.250309969559233
1.1765218089787732	0.0008465641860067831	51.745799085243654	0.25062367349112524
1.1803147367034024	0.002937210068590325	51.46143966981409	0.25775994191547874
1.1842134645506979	0.0009703200953197086	51.841384659653045	0.2508890567250261
1.1873900137294737	0.002201711542255542	51.58101878589711	0.2669188580100598
1.1906800872027103	0.0010925475564349657	51.92045373442599	0.24960868507634393
1.1928597037290445	0.0010870780671177736	51.76228124901716	0.2812622998684594
1.194351869670121	0.00040625604411468285	52.17316022633111	0.2518688306313527
1.1971863917672816	0.0024216789322435506	51.75731772653043	0.25220949228050143
1.2008038028343744	0.0012007957906965026	51.91275617141706	0.24871499132997207
1.2079494682122485	0.005906000723182384	51.469788010000045	0.24988809614356688
1.214850306731633	0.0010334039815998624	51.76123895081947	0.25038756934957007
1.2163976528279665	0.0005148643109903027	51.87917313506009	0.2517023274194218
1.2218974724491212	0.0016522521668619256	51.65403506629063	0.25069941318405364
1.225315586616351	0.0017653990937338579	51.44265224602482	0.2923706712421289
1.2283314889875672	0.0012522728394153309	51.816731883166185	0.24714622319070803
1.2344246812831683	0.0048158214413082535	51.44419275562655	0.26349546786180444
1.24079877095866	0.001581885450415376	51.89254757492284	0.2463989649366058
1.2504259529919066	0.007974056342693192	51.40980948161999	0.27942108256975823
1.2662030050598647	0.007804343171712554	51.753748938277596	0.2502873494924525
1.2756259262167582	0.001684596069589236	52.11205001383118	0.2491800855308519
1.2950626553126845	0.01739733833404773	51.555169096140006	0.2599393587596949
1.313975189110575	0.0018506648066467432	52.161430283885075	0.2500160891721662
1.3239359255697987	0.00803867575851886	51.660713445519455	0.26895274698251076
1.3326896522196554	0.0007878268628092377	52.240599646234315	0.24976502745896773
1.336025075370911	0.0025408482200934912	51.808802199449495	0.27265857013307726
1.3392380834302375	0.0006790322588328144	52.24390159422283	0.24932491278309143
1.3409806657370866	0.0010627777893819285	51.81811275883491	0.3138544018177684
1.3426200424378412	0.0005775128582601144	52.252761602085805	0.2507545568714054
1.345784804077091	0.00257993883775052	51.85601974997947	0.2542314722295479
1.3492111707292536	0.0008532214968962554	52.12349624777944	0.24963196730415232
1.351857558303044	0.0017903028082438743	51.94810103432383	0.2499640917604445
1.3537380106708945	0.00009381935428488824	52.626329695105895	0.2458646033111582
1.3556103558234347	0.001774899207015067	51.97786464210558	0.2468660655724428
1.36090267590739	0.0035068030124470032	51.649801316622614	0.286193015751985
1.3646699449750435	0.000274461706940112	52.51349555088931	0.24957527357893616
1.366404732981379	0.0014579603051630833	52.09650867400587	0.2628049119170025
1.3682233702196258	0.0003629669410187951	52.52574638141206	0.24990784495693613
1.3717479569516338	0.003150290021961599	52.11355353509851	0.24613454777305854
1.3753334469051222	0.0004463412318290663	52.29298957846183	0.2500931333400751
1.3765814075491554	0.0008011088917607513	52.04949770700569	0.25555110426394784
1.377648241381346	0.0002663811341096663	52.28433374069541	0.2493134916567532
1.3782693530285561	0.00035466725082095875	52.123251538417854	0.2568939997516172
1.3790666220157923	0.00044252094643892854	52.079138312565036	0.2514322184254431
1.3797740790461233	0.0002650804052850454	52.16145755320827	0.249429275096611
1.3805685930500011	0.0005291918018836277	51.99563723179356	0.2461166547092042
1.3813616561951265	0.0002641131644862065	52.01013096048734	0.25069953491604746
1.3818895615681401	0.0002637923175520298	51.97488592029518	0.2499939581348408
1.3824168260263228	0.00026347224920722284	51.82550275341601	0.25842426711465927
1.3831188509412986	0.00043841116284149234	51.773078943077124	0.2506725788948041
1.3838197429359334	0.0002626225186271753	52.11436857338133	0.24164760861430865
1.3841697651319267	0.00008747031391117635	52.358643672858754	0.24284443238660935
1.3844320969688313	0.00017483498835313391	52.120855082527186	0.25590862266066633
1.3847816261806676	0.0001746943341345115	52.25919501382893	0.2455375569855035
1.385218142541651	0.000261778251399508	52.403492707704956	0.23885795934576023
1.385567039953676	0.00008718934403695705	52.657768635937636	0.24792190754118393
1.3858285293886876	0.0001742737259758332	52.59613450107691	0.2486670941639211
1.3861769369776227	0.00017413397301451375	52.67369508918196	0.2547126701134148
1.3864380595606418	0.00008701465260965149	52.97217004233981	0.24288648060287626
1.3866990249770579	0.00017392476327894824	52.739545693734605	0.24578926940608212
1.386959833933819	0.00008691017337962898	52.79494796065671	0.2516945931676204
1.3872204861008632	0.0001737160556417465	52.66029610386566	0.2439990240620222
1.3876545592158593	0.0002603137723088782	52.392424677799134	0.23825072133691363
1.3880015055531763	0.0000867019658625414	52.278855832518154	0.2482036664020891
1.3883481752036828	0.00008663278481517457	52.077005124238035	0.24898726710550495
1.3886079957039108	0.00017316194297760032	51.69737368757772	0.2551646364524522
1.3889541816336566	0.0001730239666854188	51.68505221853684	0.24526557295293355
1.3893000917017568	0.0001728862101498353	52.0180765708597	0.2445600161969259
1.3896457266048174	0.0001727486727438632	52.052820470179384	0.2855018479390786
1.3900773836720095	0.0002588655876777607	52.78110398491822	0.23733189498449345
1.3904224006345407	0.00008622000617273425	53.15705794304292	0.24987559912435256
1.3905948065140885	0.00008618578541586753	53.004936743213655	0.24667905917835609
1.3908532869450356	0.0001722690104181841	52.50108891782995	0.2510537082811179
1.3911976884286905	0.00017213245288215728	52.01917074840824	0.25842426629927023
1.391541816885495	0.0001719961117235443	51.75532230841901	0.24485119145265144
1.3920574988950305	0.0003435840088987579	51.66608841773435	0.2515513935657871
1.3925725694368474	0.0001715883809775072	52.21155959093942	0.24585145888810422
1.3928298756526059	0.00008574337510609076	52.50646903799728	0.251760430261997
1.3930870297679374	0.00017138523966539015	52.34688186785563	0.25455366631367454
1.3933440314522394	0.00008564192466263856	52.55428664999475	0.24810705897460705
1.3936008812685867	0.00017118257882763386	52.31846003117827	0.25486396426773944
1.3939431116057044	0.0001710477376134494	52.31811101463295	0.25005521390862484
1.3942850723453528	0.00017091310871212618	52.32761853208131	0.2464391255149461
1.3946267641663432	0.00017077869152254402	52.26435686734882	0.254947186724526
1.394968187364256	0.0001706444855956593	52.36646873761306	0.24739875763233748
1.3954798192887816	0.0003408871435690054	52.2182260416682	0.2530215492198819
1.395905719354103	0.00008513825231237874	52.681357747270354	0.24417519573410584
1.3961610589173028	0.00017017642149848641	52.50862493787332	0.24317132913017275
1.3965012785198865	0.00017004316011738182	52.298686422219475	0.2585011611338738
1.3967562683986898	0.00008497167548910688	52.565993262159125	0.24168518603712674
1.397011108651633	0.00016984365893896655	52.277609702428684	0.2521677537301299
1.3973506632496373	0.0001697109180030289	52.306546010894444	0.24111574710508782
1.3976051549311155	0.00008480574922309647	52.14174641063327	0.2514259887541004
1.3978594976969578	0.00016951219525521575	51.9422735903258	0.24823679116336134
1.3981983898850907	0.000169379971721455	51.683842457684285	0.2575105243065101
1.398452385437901	0.0000846404697106995	51.853409947701536	0.24303313799857776
1.3988753818243498	0.000338232285128133	51.21509503213355	0.25217167334313195
1.399297966619446	0.00008447583312889028	51.45374502118228	0.23873826637947765
1.3995513200895084	0.00016885313401814497	50.90454172000227	0.26724811293068523
1.3998045260989156	0.00008437735827069035	51.23272331551869	0.24802377513448703
1.400057584316729	0.00016865641382230145	51.0721125165906	0.2551037375472904
1.4004790207804287	0.00025273924522232653	51.19050302722266	0.24114536979505627
1.400815875698055	0.00008418109576335433	51.36965933655475	0.249956042085295
1.4010683457219275	0.0001682643453521086	51.211931620316726	0.2555528257406962
1.4014888029641002	0.0002521522814685842	51.303105782076905	0.24286732257785884
1.4018248758696403	0.00008398574410563285	51.48751097441212	0.2505418586947797
1.4019928149732417	0.00008395327359435999	51.52503795375736	0.257462539197816
1.4021606889107874	0.000083920828229166	51.62045500182034	0.2516686927411147
1.402412378584716	0.00016774441420698373	51.48813227298818	0.26128906818777314
1.4026639222298587	0.00008382364233255774	51.863160745266825	0.24794002678177338
1.4028315372549622	0.00008379129701953951	51.650443744373604	0.29287079188652804
1.4029990876143672	0.000083758976659283	51.96337874112864	0.25022691753107984
1.403166573108419	0.00008372668127103113	52.083203545757925	0.2435018175733568
1.4035013508643925	0.00025098649521215505	51.989936974223326	0.2422162657959831
1.4038358706712222	0.00008359774823668636	52.39994827521161	0.24043609085158985
1.404003034081994	0.0000835655769883514	52.31509521318988	0.2512332113983437
1.4042536583688854	0.00016703473312826408	52.300123209017414	0.24602798309143828
1.4047544736523947	0.00033368444947241507	52.35852585919336	0.24262634445417688
1.405171379081163	0.00008334106984323276	52.44731226003357	0.2500515930081796
1.405338029332127	0.0000833090958109276	52.46095230595804	0.24075126264979257
1.4055878846190617	0.00016652236156911487	52.06660313629435	0.24716904456486832
1.4060871646188042	0.0003326620633745882	51.607636339624236	0.24659430192206677
1.4067519796238197	0.0003321532161459252	51.36960911459785	0.2564446591083227
1.4072499238974445	0.00016588630055331205	51.66666050452284	0.24774431624481044
1.407664441781427	0.0002485920657060254	51.63697719896046	0.24636399764927067
1.4079957714619034	0.00008280082782362313	51.89353235612369	0.25098752842729877
1.408244102943197	0.0001655069909647921	51.807444358432456	0.24457233211432572
1.408574990772768	0.00016538093964655384	51.552464468932854	0.2852833004678793
1.4089056268148088	0.0001652550801385323	51.8304428075318	0.24616980273180813
1.40915343860663	0.00008258040560447825	51.94150357269988	0.24777069597445145
1.4094011093217271	0.00016506664967505123	51.685682803507056	0.2656019830852438
1.4097311171387452	0.00016494126794469293	51.88785182280565	0.2434415545419049
1.4100608745055538	0.00016481607649868524	51.789655964577925	0.25065828994386363
1.4107196388761674	0.0004936987887929293	51.61223492752641	0.24230246297150443
1.411295239291026	0.00008217414819666073	52.01782539466537	0.2520043378460911
1.4115416916816281	0.00016425505887400352	51.97319469102605	0.2503895366706697
1.412198215499708	0.0004920208253007409	52.04594188925393	0.24437828573968406
1.4128537481846277	0.00016375957318208196	52.36243704653954	0.24982940244679322
1.4137534932508902	0.0007353929573426619	52.04516356351053	0.2458986950422634
1.4152217942626182	0.0007329108742886889	51.91982757893213	0.24868606552279293
1.4166851478619615	0.0007304454897792449	52.05990502412864	0.24501122412126525
1.4178199126348083	0.00040474411419712844	52.2379315392299	0.2481860929570807
1.418386185021847	0.00016168668646356592	52.482169804737666	0.25004613358116273
1.4188709743619903	0.00032301260274567327	52.40382613877083	0.24425451610142881
1.4193552232705002	0.00016132631828069997	52.50866921078426	0.24928090144821874
1.4200000495836265	0.0004832608918506734	52.35219923948343	0.24457617243268537
1.420965497422367	0.0004821877836347643	52.07289571217843	0.29133756282496875
1.4216881775113643	0.00024069303737985634	52.53132362533857	0.24678569921119026
1.423209897662304	0.001279206139841048	52.155639653138955	0.25369116680436415
1.42512448044124	0.0006367895924822805	52.43044462283755	0.24821955729646095
1.427347544593765	0.0015838458146945934	52.08610080900666	0.2814979780261783
1.4297168387152697	0.0007876143342760909	52.50337497591079	0.24956862365527735
1.4315245840873332	0.0010196455271387834	52.39443106551822	0.25685467679023255
1.433559102184772	0.0010148800147535906	52.464648368883765	0.2501948091982125
1.4384497263698002	0.00385967492289397	52.268687907570744	0.2459624874234775
1.4461012748217352	0.003792269382884197	52.20089222009438	0.26171956810894764
1.4513782621360671	0.0014985877692433615	52.52712808627901	0.25190886131215323
1.4570358837559474	0.004141737722216828	52.34440690218067	0.250801448210998
1.4734371198293275	0.012107159163752391	51.85491342855913	0.2568512134870765
1.4862092403412408	0.0008298554603641085	52.32946865703116	0.25167830005946207
1.4885541555395045	0.001513209208633477	51.8962414549551	0.30420278985159593
1.4904073165279978	0.00034244682031222347	52.51582324253681	0.24849694931814187
1.4974050403535961	0.006604675512245049	51.88031230136995	0.24773431520131975
1.5048883959445738	0.0009274064028975305	52.285959387273934	0.25012251653445705
1.524256765699659	0.018055875210970386	51.68268373936973	0.24613056385406035
1.5454006587386466	0.003439573918853544	52.11383013443341	0.25177948766891456
1.552522803778599	0.0036804365583340665	52.08932413659349	0.26548511642163564
1.5568935156585884	0.0007052095430479154	52.63042818165993	0.2504255155587814
1.5590040078987255	0.0014035816574697198	52.3405087864609	0.2741714554871019
1.5607549505791432	0.00034948355924681643	52.85990429697901	0.247307346177526
1.5753596580612519	0.014023943044241207	52.1490844013424	0.26077117092961816
1.602539039770555	0.013173183987207378	52.6754910240228	0.24838232720172818
1.4123771807889862	0.001578635663941348	51.793887039967586	0.24906305195457573
1.4150512242953948	0.0012322648463155615	51.87945061917835	0.2491437384730516
1.4175468838952021	0.0012393383179518276	51.86594468313189	0.2490630519545758
1.4200570486843915	0.0012499573491574366	51.834087710960205	0.24914373847305146
1.4224735244403917	0.0012361283104628386	51.82299699387673	0.2491437384730516
1.4248472738737803	0.001084057964600864	51.86120000011711	0.24914373847305146
1.4274240800253963	0.001373411540738784	51.743128972576514	0.24914373847305177
1.430194685478872	0.001494211847397259	51.71272421612777	0.24914373847305166
1.4329418996426608	0.0013352378893734915	51.7407533522443	0.24914373847305157
1.43563339531071	0.001396073419485622	51.725027009528716	0.24914373847305138
1.4381862785009187	0.0012195863248516655	51.781782909909964	0.24914373847305152
1.44105490487058	0.0014811007369158594	51.696959009867065	0.24914373847305157
1.4438823141686634	0.0014108131310414309	51.715431433022665	0.24914373847305177
1.4468292118662647	0.0014565962038886856	51.772521920830584	0.24824874715286296
1.4685166340646552	0.0011092630252531497	51.83098736591188	0.23379372113697205
1.4707187631105314	0.0013329830632674063	51.74164886525536	0.2340975430075781
1.4732305369003997	0.0012201985189196636	51.784014286874815	0.23379372234598916
1.4759615891924236	0.0012231702711097358	51.7782396424899	0.23389400676249192
1.478225006823724	0.0012344214795446528	51.770748545482824	0.23369650337068865
1.4805502602434117	0.0011122282557312559	51.81126211717082	0.23389293216165644
1.48297461919136	0.0012645396765104428	51.76151291128126	0.23399418708015013
1.4852018732650478	0.000986008938643964	51.88944422531401	0.23369949234240542
1.4870831665045037	0.0008816743220420554	51.995563057545006	0.2330381178811123
1.4890010101969042	0.0011251508399056647	51.78874909859205	0.23464786194975878
1.49108825168332	0.000933415159499195	51.860864747898546	0.23420305629476088
1.493390035728317	0.001231172735416243	51.721037190307605	0.2340975440515474
1.4954529545126638	0.000858075424288398	51.9251341172792	0.23335109737737994
1.4971690950875636	0.0009086363965261225	51.874576613304036	0.23369650337352305
1.4991101431411886	0.0009582888257286484	51.85895796815356	0.2336965034771425
1.5009723745813242	0.000957530698341452	51.85850555881976	0.23379372131205553
1.5028432942711274	0.0008469249886546692	51.92073614802878	0.23370151669279599
1.5045570530825243	0.0009861213726518453	51.83485575516989	0.23399418854501616
1.5065611263901597	0.0009865304997384449	51.819444881278	0.23431078211367323
1.5084673087760345	0.0010019198597680274	51.81059952849692	0.23379372177341212
1.5103618905235496	0.0008242123255785294	51.93358897208749	0.2331919433203497
1.5121309930351652	0.000969072861754027	51.78122194058685	0.23409754261029533
1.5140032070919522	0.000974634372988657	51.74333945143542	0.234097542884521
1.5158996784270076	0.0009171051161480841	51.74390792052506	0.23379372221260344
1.5180354067288095	0.0011230839684884795	51.6407606385733	0.23389293215584997
1.520039153366786	0.0009531858031402385	51.71921856549041	0.23369650404799147
1.52199548843986	0.0009282041915022317	51.73986994958267	0.23360122641313683
1.5242757715472885	0.0013335422471592916	51.60716090532497	0.23360122737483097
1.5267615129834438	0.0010582254914607784	51.72184603748219	0.2339941878784788
1.5290389047943087	0.0012814004075807066	51.65262243497152	0.23379372072486126
1.5315318765547778	0.0013441550810966605	51.6324349586659	0.23369650380891974
1.534379047548053	0.0012781194936796714	51.64309063522903	0.2339941892913763
1.5366477310381832	0.0011005981277276548	51.67372906385001	0.23409754572364586
1.538714699706579	0.0009881331603462538	51.70047289446371	0.23369650273081585
1.5406468300003828	0.0009257896473909346	51.68299140015439	0.23442078303331762
1.5425187721925266	0.0009734411839371714	51.698803103351075	0.23379372233757778
1.5442344667905537	0.000759345999496473	51.825939949661404	0.23389400761060036
1.5460428410195841	0.001007752155310555	51.70533191368277	0.2336965036898325
1.5482695424859085	0.0011944259707957197	51.606159300096785	0.23420305687628967
1.5505892448543408	0.001225329901368402	51.589519210610376	0.23399418749944376
1.5531930755956163	0.001340991306961053	51.53567846000162	0.23409754556862583
1.5559257134260926	0.0012265626811374657	51.56573359819534	0.2339941893088641
1.55831629356855	0.0012798692296759036	51.550733589153694	0.2337937221179969
1.5612643153643053	0.001435566437273971	51.48446018729508	0.23442078429990804
1.563608408839864	0.00107341078709499	51.62621126670082	0.2337937225033249
1.565867967075257	0.0012621241744787551	51.550622698431354	0.23369650290895577
1.568427830419298	0.0012017715388780118	51.55780601720518	0.23389293365977307
1.5709300217851196	0.0013328461689790998	51.4902271885661	0.23389293106336817
1.5733216938042411	0.0011303047285021344	51.54338118284861	0.23369650427878308
1.5761137052976064	0.0015587924720553122	51.390181229232375	0.23399418946343753
1.5786028751688947	0.0010244046906398101	51.576440663194475	0.2338929335893488
1.5808888316182323	0.0012789967904344886	51.48065308781364	0.23379372170460566
1.5835332921916114	0.0014384272313293744	51.41704631790159	0.2340975438891871
1.5869301922149521	0.0017658594333156182	51.33380386319884	0.23389293240525852
1.5893255816146072	0.0008589846968154434	51.64869756599044	0.2338929312202576
1.591374125040919	0.0011059969838612563	51.55132303181542	0.2338929333559706
1.5937424956290926	0.0012511451520126123	51.51586206310598	0.23399418871007402
1.5962537077079264	0.0011553668503624347	51.535538946914485	0.2344207851299165
1.598499581188737	0.0011934614530265616	51.504551283561355	0.23389293304731773
1.600972895686748	0.0013141131398136173	51.4369548176392	0.23379371940743135
1.6039993871887956	0.0016740745444690525	51.32529945852731	0.23389293035645212
1.6073739368803333	0.001508085031335116	51.365736445962334	0.2339941862688511
1.6105900596858098	0.0020695156563821974	51.227536757141266	0.23409754776955796
1.6144238929316344	0.0016240744007262938	51.33915645455579	0.23379372054310418
1.6175986380697314	0.001631408490093934	51.31428037062061	0.23379372250982894
1.6209430817487993	0.0015390263796370666	51.30760368044544	0.23409754563263552
1.624639227308763	0.002222355295466765	51.14945440549969	0.23399418559904217
1.6285558863637082	0.0017265446052820636	51.261835837401165	0.23409754190697088
1.6324819827377253	0.002086292423014484	51.180343297493984	0.2338929314130889
1.6363655633247816	0.0021876226437993417	51.15552108110637	0.23379371919731395
1.6411717064909457	0.0020534332723797562	51.185440056297494	0.23369650239967946
1.644817930016481	0.0014279055785135207	51.25670242467973	0.23360122950338655
1.6465591195575486	0.0006991449184441021	51.06727771812666	0.23360122573979383
1.6481409637386446	0.0009109424282345377	50.96171632661026	0.2336012292245824
1.6496862181468428	0.0006359881598076121	51.1232585173948	0.2336012226972528
1.651008387793762	0.0005973838111663984	51.14326413223698	0.233601226411754
1.6520929696839417	0.0005982537761851614	51.17829469904682	0.23303055755674135
1.6534548977862955	0.0006657819124208181	51.06910382704321	0.23372316797054143
1.654878230136804	0.000746847034896715	51.01286487459059	0.23372317253294123
1.6562525031175035	0.0007456562021095036	51.03608936200537	0.2335125977464201
1.6576993281946835	0.0006255260728211262	51.11368416980228	0.23360122686052662
1.6588254446590964	0.0005902129395581912	51.12036386196317	0.23397641505414035
1.6600737848871083	0.0006337004278776948	51.095348668256655	0.2336012314550099
1.6614178817897707	0.0007241359653900374	51.04196255776682	0.23360122739083575
1.6627877661126087	0.000613634688103241	51.10683807538764	0.23384819693650108
1.6641189115547546	0.0007162030019969901	51.023793972163915	0.23372316132141344
1.6656473323657384	0.000879527587798315	50.9125885046881	0.2337231628568041
1.6673162533351884	0.0006460070602842325	51.058618923075365	0.23384819270799292
1.6684927382667052	0.0005783563430140057	51.156960969266336	0.23328811008321518
1.6696932405735656	0.0005971560457403975	51.10880350622008	0.23354152736667302
1.6708610524264214	0.0006430158421534781	51.04352171220357	0.23360122679664802
1.6720505269491874	0.0005691297789617503	51.09711343933928	0.23354152783862037
1.6732412481957866	0.0005698193199167442	51.13142347767789	0.2330305549239898
1.6743726683481537	0.0006703459263704484	51.01401649945452	0.23384819513071955
1.6756777678617776	0.0005688666493959061	51.100083311718095	0.2338481946231133
1.677036895482039	0.0007665173714993976	50.988891596919885	0.2337231708355496
1.678505054875548	0.0006739909965926086	51.0635703012313	0.2335125969559641
1.6798620183674449	0.0006918125845912149	51.05368817554085	0.23360122099960734
1.6811485426860662	0.0005893362743480226	51.10784182943013	0.2336012266882649
1.6823828481173693	0.0006206785184155374	51.066426671191124	0.23372316647982405
1.683618044972408	0.0006287920409605904	51.048730479135884	0.23360122978915007
1.6848519272239195	0.0006543644779058585	51.01746827465769	0.23372316779640512
1.6860866784136936	0.0005543033365664995	51.10554075561255	0.23354153072697478
1.6873679768481775	0.0006190343498941618	51.05276135463906	0.23360122625063626
1.6884502093979394	0.0006077266431422756	51.06067958896503	0.23372316226864492
1.68977866279495	0.0006697033095460369	51.022955440804154	0.23372316664384107
1.6909736116340754	0.000569679733789419	51.08911033998225	0.2336012273538094
1.6922857749400086	0.0006884377205466941	50.9967562820262	0.2336012221113621
1.693662616942504	0.0007516676505214052	50.971753770342936	0.23360122884081183
1.6950970992685175	0.0005974274421299285	51.09399884758443	0.23384819194590012
1.6963457321153252	0.0006745721960217858	51.05019635171049	0.23372316369932356
1.697854236188919	0.0008198483426482351	50.93664789777125	0.23372317425085404
1.6992495576193063	0.0006573739671575361	51.01350693064467	0.23372316744772512
1.700574983834573	0.0006427066118106143	51.03700740341857	0.23372316911832797
1.7020078899408517	0.0008688456203820161	50.91904757583845	0.23372316877496932
1.7035409130012633	0.0005398048409273942	51.13685788222471	0.2334265080387867
1.7047613566499287	0.0006396766888520691	51.03816749609736	0.23384819393697395
1.7060367450360587	0.0006805294046515538	51.00862158076724	0.2337231658508898
1.7074683926287557	0.0006949093962556398	50.99210726543015	0.23372316864956977
1.7088539214869445	0.0006336770224080557	51.02379336974346	0.23372316083555908
1.710133883391579	0.0007484703177263679	50.96105040115562	0.2335126003310825
1.7114903654291704	0.0006740954464696722	51.006098440042905	0.23372316840092175
1.7130457151718699	0.0007332140620459334	50.97881880193181	0.23372316846576352
1.7144054142148786	0.0006930981482894606	51.01293306217994	0.23360122831388794
1.7156834123432945	0.0006309249407352338	51.05496831274881	0.23360122503530795
1.7170044070405468	0.0006584776787930927	51.01612242194859	0.2336012196259802
1.7182322345621053	0.0006140600569148672	51.030974574320126	0.2336012262348605
1.7195535927332903	0.0006657363656065201	50.99368666419143	0.2336012269654625
1.7208870571114625	0.0006727595389645522	50.983236751220524	0.23360122484236412
1.7222907328489079	0.000850282295632762	50.875261334614045	0.23360122498729738
1.7239819768608329	0.0007579798973135644	50.923308681457236	0.2340043286343567
1.7254833388661082	0.0007344371014035854	50.96872597909408	0.23384819724102104
1.7267252216771207	0.0005316171945559621	51.00603409262254	0.233512602788757
1.7279219458005604	0.0006332123421868505	50.87897380726916	0.2337259286173358
1.7290798038446757	0.0005168831133580941	51.012518088240434	0.23286590557271417
1.7300945940710872	0.0005018727865031608	50.96797835865876	0.2335126023710852
1.731114888166493	0.0005931614018357067	50.883901862898234	0.2337259397378876
1.732354526390365	0.000566948709323515	50.90063461918524	0.23360122837156722
1.7335182514344876	0.0005595620289958735	50.9118455645497	0.2336012242579605
1.7345969046504446	0.0005435365449882513	50.94604541185896	0.2337259386626425
1.7356514698260894	0.0005091206095823243	50.82158794624124	0.23680335290306226
1.7367636849269386	0.000616567316095504	50.90542453642241	0.23360122940022549
1.7378285058957847	0.0004959203318965888	50.98876672868846	0.23360122727810748
1.7388385430166302	0.000496701000619179	50.980490763373055	0.2333428472839317
1.7399060069284809	0.0005195809470393554	50.91865480393349	0.23372593290829852
1.741045852737665	0.00054898529845865	50.907555822728526	0.23360122339587003
1.742069546044278	0.0005870192389278365	50.88131668063174	0.23372594542720684
1.7432228681364643	0.0006007686123512977	50.878820135703215	0.23360123336136165
1.7443578695623279	0.0005915674625193689	50.88033351879939	0.23360122654368454
1.7455964849947314	0.0005651456887460491	50.88045639111917	0.23360121914753998
1.746696838523095	0.0005466333241036852	50.79936168998627	0.23504731726069134
1.7478114500169837	0.0005509116971322979	50.9121500433582	0.23351259908733746
1.7489232081954968	0.000584437265039008	50.88146852441933	0.23372593538030953
1.7500735629110018	0.0005376912934721242	50.91017322991088	0.233725936505646
1.75110252561868	0.0004847497959343401	50.79671934025401	0.23633596313470576
1.752016575265532	0.000483730627030859	50.8117016165801	0.23615132487963733
1.7531251148309943	0.0005189653083352454	50.928003609006815	0.23385386916887518
1.7541599414424227	0.0005876937429902367	50.87530913946542	0.23360122137757452
1.7554174628109362	0.0005869246577076252	50.87156745086434	0.23360123398667168
1.7564152967352555	0.0005029843224559116	50.93640600446905	0.23360122878463147
1.757468244709035	0.00047584480599395333	51.03912355437736	0.23268417470398695
1.7583375960325505	0.0004896759025667545	50.97732545963937	0.2334571695132876
1.7593674651167461	0.0004986550928312242	50.94117860702229	0.23360122232819439
1.7604243224034053	0.0005287056861513327	50.90177256078307	0.23360122172142203
1.7614657722541835	0.00048157506293976027	50.758160095275485	0.2368033455533496
1.7624333474520597	0.0005427399681538681	50.879519816572525	0.23360122920084794
1.763427993562937	0.00047757782597855484	50.80373836835688	0.2358042699987629
1.764462273920977	0.0005201687925903266	50.907697472218686	0.2336012319092229
1.7654813733501067	0.00047986934596114494	50.949235402235054	0.23360122957208387
1.7665561130887415	0.0005657166168605186	50.8824035616438	0.23372593478357218
1.7674943335640108	0.00045865283753119033	50.79286300702806	0.23680334931729188
1.7685749383596603	0.0005333140208299328	50.89143610295786	0.23360121918282487
1.7696672633344512	0.0005643788579746785	50.83606384417925	0.234545757625843
1.7707209315187704	0.0005468482416749997	50.87153004727162	0.23385387019371592
1.7717218832844268	0.00045689746842968507	50.76422917045803	0.2394296567540327
1.772677627918441	0.00047287733962106745	50.983846714077416	0.2336012270747111
1.7735385014536442	0.0004683723628892387	50.79572753345685	0.2365989552854791
1.7745846103487497	0.0005144150747989235	50.9021828977901	0.2336012237083625
1.7755500671714795	0.0004848562904481957	50.78334936890478	0.23603631362742253
1.7765346471214891	0.0005059084345224876	50.90172984120282	0.2336012196525381
1.7775700369060465	0.0005011681705189944	50.89977486655584	0.23385386365462515
1.7786082548515858	0.0005661053146928389	50.80808929400527	0.23430313861087246
1.779751304899393	0.0005241618562669861	50.71107243466229	0.23680335596757865
1.7806965810517337	0.0004493076766940362	50.80528976404359	0.2362159664282481
1.7817816363749746	0.0005917462555511624	50.657434546819694	0.23680334650410892
1.7828342981970655	0.0004374957984644708	50.79771594751916	0.23659895655652843
1.7837101525097636	0.0005098191827903998	50.80142549667754	0.23504732066559986
1.7847981457804059	0.0005267989944381581	50.690933779191894	0.23680335579288847
1.7858036364159138	0.0004960927169636104	50.7130858012647	0.23652865172285115
1.7866891085674492	0.0004777717072643035	50.734348969450885	0.23652864686282965
1.7878439178758847	0.0004946308082037973	50.71885660533588	0.2368033516457694
1.7886907835444603	0.00048074400182114666	50.736548670327274	0.23652865118141334
1.7898351339174745	0.0005748591425544017	50.65548834748151	0.2365286471595947
1.790858191200348	0.0004620628291417678	50.74672681886302	0.23652864867078255
1.79184634354778	0.000580756246454654	50.81197461640581	0.2339851334003889
1.7929397641686249	0.00045814714067217676	50.75831707499074	0.23652864671915724
1.7938670121224676	0.0005286826363121545	50.695522946274835	0.23680334685544321
1.7950436723497805	0.0006868712016870127	50.59118551083078	0.23652865383989377
1.79629843323077	0.0004774755412216011	50.74671328186516	0.2368033483553205
1.7973030168163513	0.0005067790960048215	50.708183687921164	0.23680334432403014
1.7983726915767422	0.0005678814255559058	50.64967475925564	0.23652866018492746
1.7993338239739893	0.0004564954619379816	50.74221350256969	0.23652866166151038
1.800530998413361	0.0006338131654090367	50.59578464569723	0.2368033534451162
1.8015576344662771	0.00047005550151687364	50.73744768886399	0.23659895885626944
1.8025317808230734	0.0005274189822694705	50.67817267906603	0.23708861001368048
1.8035886698282821	0.0006043915861158814	50.635031874974686	0.236528654324079
1.8047310146679645	0.0004425543901073568	50.76928496931775	0.2365286589042265
1.8056201944185184	0.0005145669216863173	50.703146964906786	0.2365286601720253
1.8066778692587797	0.0004554536517346559	50.748163492599396	0.2365286520791352
1.8076999897003052	0.0006077681778115916	50.60744815467695	0.2368033528861582
1.8088496801280782	0.00047374349774688293	50.71080464498117	0.23652866063626835
1.8096730154881389	0.0004367260279460643	50.74836119840202	0.23652865626997402
1.8105619753860869	0.00044648305981881945	50.782253562179505	0.23586390681295685
1.8115292331879593	0.0004904474446681204	50.69607408981082	0.23680334985052273
1.8125008662405384	0.0005399177211761121	50.64883238621299	0.2370886182076013
1.813618410705749	0.0005092445401494675	50.6847410220889	0.23652865666037137
1.8146973835765396	0.0006134721770402104	50.59642357148603	0.23708861454988994
1.8160148353432275	0.0005930066972822985	50.62017792997182	0.23680335073147918
1.817060438758955	0.000429360069376619	50.768460255567106	0.23652865568604048
1.8180745451259614	0.0006087201937046387	50.61938007631144	0.2365286551150235
1.8191103876896437	0.0005237302596843122	50.68781650396306	0.23652865107420348
1.8203216306229888	0.0005647262108596795	50.6574347017325	0.2365286482593722
1.8212418396365107	0.00047320609086123287	50.735216672456524	0.23652865440730236
1.8222701642205537	0.0005502364866348708	50.67010926265161	0.23652865653672334
1.8233660635563225	0.0005114643503542061	50.70117898065883	0.2365286584687285
1.8247177872113887	0.0007477636756001915	50.51865590807317	0.2365286525617166
1.826043182002432	0.0007273025399573897	50.513994594476664	0.23652865237038062
1.8276418825453873	0.0007372324198681935	50.50103020611038	0.2365286538174469
1.8288563014562706	0.0006707675249043769	50.53806884965688	0.2368033534693781
1.8302881556862594	0.0006341139714426414	50.56430065138637	0.23680335316005882
1.8315498519957556	0.0006611561122491404	50.53871538736996	0.23738497076308526
1.832739395235372	0.0005215619091643939	50.664945363266554	0.2365989558370918
1.8338061183462795	0.0005824056828344172	50.61232323992074	0.23652865306601173
1.8353146439834909	0.0008125406814484571	50.456228601282426	0.2368033529839823
1.8366605998318364	0.0006464781898317543	50.554541194700064	0.23652865450340324
1.8378977905633773	0.0006515624965407771	50.54921011042531	0.2365286553191188
1.8392051000280505	0.0005959178270891786	50.58339411965061	0.23680335219800075
1.8403815358061215	0.0006409629725870466	50.558184117580936	0.23652865476893298
1.8416447955168627	0.000563598854563324	50.61565382701984	0.236528654545573
1.8430260450311975	0.0007640301125089589	50.484586585734604	0.23652865585112456
1.844361991134099	0.000605557304426133	50.587161464352285	0.2365286534481884
1.845627344749981	0.0006415799810959818	50.55285546016807	0.23708861778830284
1.8468754592041563	0.0005176684972560857	50.65779796963919	0.23652866087724164
1.84799675578846	0.0007162532469901893	50.501537277785225	0.2373849731446902
1.849488327313988	0.0008021795798065349	50.45458558038382	0.2368033528159177
1.8509523997934925	0.0006165923134672063	50.559684622677544	0.23680335413890877
1.8521629941534452	0.0005746782559714206	50.58737683666939	0.23652865571628062
1.853453356983756	0.0007570372922179216	50.464230708758514	0.2365286525959679
1.8549041457799866	0.0005814185171654208	50.58619538831039	0.2365286550210765
1.855879477810745	0.0004775240637620982	50.669980301042465	0.23652865138774978
1.8570926266760686	0.0007602880313419319	50.46691791639962	0.23652865234567955
1.85856800582799	0.0006528185097569155	50.532420296317866	0.23652865272283255
1.8596858928731756	0.0005399343129550138	50.61355550058259	0.23652865390645209
1.86101977737408	0.0008672264919083666	50.391663781891346	0.237384967078309
1.8628205119289096	0.0008621854031375392	50.40423390821749	0.23680335065258026
1.8644749028154162	0.0007387904930492344	50.475806631499594	0.23652865615976637
1.8660264102053077	0.000809699376724284	50.42381859171915	0.23708861726384167
1.8676212466172188	0.0007657842272301009	50.444907240739944	0.23708861665694325
1.8690140885424427	0.0007533071858053819	50.453315299087926	0.23680335090335974
1.870566617450884	0.0008876141599158246	50.37152542368108	0.23680335156902044
1.8720922861992064	0.0005631231146631121	50.576856058346145	0.23652865301289214
1.8733503790428863	0.0006338078278850948	50.52779334189814	0.23652865574452958
1.8746486642446119	0.0006439322429980052	50.51339848645288	0.2368033522155115
1.8758768295240507	0.000570219612987183	50.56692891716844	0.23652865578907303
1.8771619731670395	0.0006015645706657856	50.53969430643914	0.2365286528777996
1.878052162874158	0.0004481456179833313	50.66780270702244	0.2365286504124606
1.879153246184246	0.0005400506747977849	50.58730600617029	0.23652865488361582
1.8801273222166248	0.00046764677037424085	50.65014495712944	0.23652865321547645
1.8809738446924467	0.0004611631570825155	50.65405200723089	0.2365286493185539
1.8819229979038958	0.0004059385612401833	50.706249181330094	0.23652865749324684
1.882714690176675	0.0003635691758512942	50.74921268305474	0.236803352564603
1.8834329083095809	0.00045717396056612936	50.67059502035346	0.23652865597926945
1.8842813143437511	0.0003539640092176087	50.79386514269913	0.236803352150965
1.885235691227876	0.000510465608087332	50.63285789380819	0.23652865436137405
1.8860654394192955	0.00041998603948905256	50.696156871578054	0.23680334910666695
1.886859244483683	0.0003656140247944886	50.751763205907885	0.23652865731633838
1.8877229385519625	0.00041632856678249294	50.68762013692976	0.23680335671895253
1.8884329285528763	0.0004129094691005799	50.68867975719039	0.2368033492361006
1.8893153700955514	0.0004148048063243861	50.691817807757445	0.2365286587647935
1.8900473241920528	0.0003527066742025994	50.756310741231104	0.23680335402591038
1.8909428346619257	0.0004561444834743343	50.652011754394486	0.23652865862533967
1.8917223459847397	0.0003431938455104469	50.7819675165439	0.2365286509713916
1.8924271899679188	0.0003752048125927576	50.75834909114603	0.2363359610995654
1.8932500963632588	0.0004144496571435545	50.69479464031911	0.2368033460226142
1.894107944912657	0.00045688743015039274	50.64868232999373	0.23652864954282538
1.8949303741153836	0.00039396072854735103	50.704132352120716	0.23680335664197644
1.8956704433282097	0.0003414349504486805	50.78244389043697	0.23666465515901247
1.8964455560780427	0.0004463679276573575	50.66018661905183	0.23652865289892122
1.8971897609480202	0.0003435980250799893	50.75620564359943	0.2373849667239471
1.8979179537403326	0.00034101249130523106	50.778627350736244	0.23659895500758582
1.8986275372764547	0.000357177570309192	50.75267286814392	0.23652865258781303
1.8992718515591385	0.00033995105218045013	50.792133210325304	0.23615132559771992
1.9000592360621575	0.00038466886496976884	50.72839213085231	0.2363359660697053
1.900955648759043	0.00048300478238094186	50.61754545374596	0.23652865388352826
1.901831624660855	0.0004089964575133589	50.686456470157765	0.23652864727023798
1.902654149821967	0.00043671863481089716	50.654813191376874	0.23652864978892346
1.9033414871789853	0.0003645696997603397	50.74306946953914	0.23633596298059745
1.904359236259427	0.0004970570052181854	50.597155196635555	0.23680335215582435
1.905211252079536	0.00041900221854345517	50.67288307067331	0.2368033570862768
1.9060655447552368	0.0004549995934611894	50.6397083944651	0.2365286461962975
1.9069273473089554	0.000366821615757587	50.73159025629623	0.23652865058746392
1.907632856345272	0.00041012093213652117	50.68008074268894	0.23652865657570848
1.9085268639672082	0.0004269301011086306	50.65401477058156	0.23680335211203227
1.9093067980447938	0.0003928802089775127	50.692849802815516	0.23652864818940242
1.9101882518380182	0.0004259513072160385	50.644672490329526	0.23708860837822476
1.9111394125702303	0.00046336217228466623	50.617134381078145	0.2365286524503381
1.911826438543092	0.0003348063775149447	50.75816701011896	0.2365286505774785
1.9126535824162634	0.00047470177009314497	50.59768166545868	0.23708861620650246
1.9135528355762128	0.00042007900826361116	50.67338785387502	0.236528656101017
1.9144489406985539	0.0005017658675001632	50.59855733037786	0.2365286543002491
1.9154641837154327	0.0004787173973806142	50.61786715758679	0.23652865443100776
1.9164385409335787	0.0004179390070290992	50.670351655331075	0.2368033521709303
1.91728514914471	0.0004901700196755182	50.60560964229954	0.2365286548170751
1.9181390631024424	0.000426537510387509	50.6647635318247	0.23652866031355135
1.919268206144399	0.0005989186611021819	50.51561699508414	0.2365286546610989
1.920312983154571	0.00045494984097709575	50.62828664761351	0.23680335284159074
1.9213603309044491	0.0006493603420517616	50.46701114806686	0.23708861601629339
1.9224304876222438	0.0004742657790578671	50.61231175713388	0.23652865431359119
1.9235599105296166	0.0006069234754224834	50.49831323788942	0.23680335152237775
1.9248866716439723	0.0007127384924618871	50.431699890032384	0.2365286530710203
1.9260624822028962	0.0004916655041976625	50.59049153952868	0.23652865246800392
1.9270973250371912	0.0005412362500279965	50.546175572862055	0.23652865312394147
1.9282084436368825	0.0006823145832566268	50.44341872243418	0.23652865638936635
1.9297515289561948	0.0006593482989152408	50.4565734172085	0.23652865254411404
1.9312258641697357	0.0008240293296064305	50.35316862435569	0.23680335350819473
1.9326407879325376	0.0005956017403734481	50.497986156505675	0.23652865389302102
1.9339043697161502	0.000747426874040437	50.39296075139086	0.23680335325384178
1.9352515931270573	0.0005932615186299418	50.492304534347326	0.23680335088554103
1.9364524386828053	0.0004898519029909062	50.57946113896145	0.23652865364107828
1.9376842096556648	0.0008613848762397122	50.33033150522273	0.2368033549162081
1.9393755598033442	0.0007673004346799576	50.389970726006084	0.23652865473726467
1.940857693301096	0.0007137072153490686	50.41424500341455	0.23708861560250033
1.9421944418705315	0.0005983734405332848	50.504084347524625	0.23652865559158356
1.9435053737356403	0.0007727058761768632	50.393154897773066	0.23652865676546783
1.945136991075052	0.0008689639524000703	50.34204254577701	0.23652865521435643
1.9467876460627065	0.0007112122911626917	50.42379312518622	0.23680335066479555
1.9480883880837463	0.0007293790363127992	50.41243611922993	0.23680335327763855
1.94954946068111	0.0006501913091934645	50.45532982595132	0.23680335099973784
1.950738757582113	0.0005095946561871042	50.55999449426693	0.23652865366712222
1.9518490720844097	0.000642615522910374	50.45413701080331	0.2365286550343602
1.9530745831563414	0.000633133943846739	50.45057449099254	0.23652865535964088
1.9542613402281193	0.0005001819834611019	50.54933388559522	0.23652865446898394
1.955417867347259	0.0005886450883094074	50.47712625332471	0.23652865410836896
1.9564378475676238	0.00046255108353812505	50.57779017466834	0.23652865449815155
1.9574507647587551	0.0005601938044004596	50.49037483013303	0.23652865322731445
1.9586582620108581	0.0006704826135491262	50.409200337848254	0.23652865376949767
1.9597845625134784	0.00045493322790804034	50.57140627696806	0.2368033537810141
1.9606934771928497	0.0005113821525019466	50.52459114215903	0.2365286546312438
1.9617740355583666	0.0005020143696208901	50.53261951570473	0.2365286542923962
1.9628715270524526	0.0005567064399206148	50.488724354508534	0.2365286526134312
1.9639225160398852	0.0006203927354077677	50.43663162298453	0.23680335231125846
1.9650869236897863	0.0004195666035885035	50.61162227895216	0.2365286546635476
1.9658794163920286	0.0004841141219196928	50.54382453451648	0.23680335343993453
1.9668385638824422	0.00041330455565887744	50.61763755161202	0.23652865453419572
1.9679233471842674	0.000643215070529935	50.41022650159307	0.23738496868477643
1.969093015122878	0.0005288839556380542	50.513936218100596	0.23652865119151664
1.9700825491514076	0.0004805862267636263	50.55316489608131	0.23680335275805306
1.9710936096228737	0.0005841932660462565	50.484701362089254	0.23633596092000955
1.9724184753191545	0.0006315126727972466	50.43449897534026	0.23652865381359242
1.9737179307748587	0.0006937701415132378	50.376551512476524	0.23708861555641556
1.9750045337465991	0.0006300074446382321	50.41197791728263	0.23708861706929377
1.9761564289255062	0.0005763034967551275	50.460350734957366	0.23652865349385838
1.9774202179600713	0.0006097761064469336	50.43589114248226	0.23652865320139058
1.9786936904722108	0.0006986608498972571	50.3762645852101	0.23652865233196513
1.9800909869671686	0.0006232263157979301	50.423205115228306	0.23652865368171952
1.9812206390071392	0.0005884254496319358	50.44583514354609	0.2365286560500074
1.982540376894816	0.0006169644900642625	50.41173212077277	0.23708861476661358
1.9836636839197328	0.0006153707672131908	50.42235289068164	0.23652865245979526
1.984834553193219	0.0005298013152811624	50.487318421164446	0.2365286543375382
1.985884111392346	0.0005263339929538411	50.489911015135576	0.2365286551251345
1.9868481686102468	0.0004738512334917447	50.53085524516058	0.23680335160690447
1.987870003810194	0.0005021475824537795	50.51247877624131	0.23652865513978222
1.9890046156985366	0.0006339232775248215	50.417991998558435	0.23652865152763927
1.9901666104937483	0.0005417561478855297	50.48246776573836	0.23708861673040696
1.9914151871615848	0.0006179897845603832	50.426563610191366	0.23708861750504143
1.9924867031305333	0.0005771294372237778	50.467884372427676	0.23652865198153547
1.993714666098096	0.0006512660099957451	50.40627486499213	0.23708861540254203
1.9948469933546922	0.0004496612116535874	50.56198116666976	0.23738496998223568
1.9957742663971625	0.0004888125956943726	50.53555288092775	0.23652865354390032
1.9967475912479062	0.0005154659637619965	50.500910791678166	0.23680335288754933
1.9979316541006553	0.0006258152278609393	50.40873866452591	0.23680335317955734
1.9990604847163396	0.0005021125894988637	50.50494743600752	0.23652865468670464
2.000073082434093	0.00048029123767737793	50.52320760507507	0.23652865490345715
2.0010167527756804	0.0004306369737653332	50.56000040856228	0.23652865466651413
2.0018012297810017	0.0003702596116337014	50.61910647728699	0.23680335665088847
2.0024610773066396	0.00035126527226914003	50.646650532817155	0.23652866125737587
2.0034416164326854	0.0005711607912520807	50.42904168147657	0.2368033537026588
2.0044293833681843	0.0004802159151712791	50.50302086497249	0.2368033536280143
2.0055467011537798	0.0006206896116010786	50.39601657277906	0.23652865206954526
2.0066361158776207	0.000406323368958732	50.57874640258358	0.23652865280996577
2.007526089523868	0.000586114897179141	50.413940975574384	0.23680335325083782
2.0086282099553654	0.000521805089476251	50.47945189858805	0.2363359624216723
2.009722361590171	0.0005841941409205118	50.42123163177893	0.23652865118819572
2.0110306825342934	0.0006676337782708052	50.36415669103184	0.23652865535067388
2.0122145949347225	0.0005061851287196866	50.4893205398514	0.23652865589348038
2.0132062644535735	0.0005117095625263377	50.487770803590976	0.23652865584409047
2.014402713969863	0.0006260931479806213	50.40468082460972	0.23652865219229044
2.0157797778486244	0.0006542440939269913	50.38225387708498	0.23680335097369765
2.0168998934303906	0.000569015030750456	50.44436807245936	0.23652865116801605
2.0180140788438354	0.0006056652203141539	50.413779167349944	0.2365286534472249
2.019553962742195	0.0009371797907150673	50.2141663770757	0.23680335469112737
2.021461593504796	0.000786885909245045	50.28467295494273	0.2370886160809566
2.022630518075154	0.0006173597447013448	50.40491905112576	0.2365286531811807
2.024061959379912	0.0008047371312066291	50.28964644097624	0.23680335630538724
2.025770289964695	0.000922363557809993	50.242043864207446	0.23652865750856278
2.0275723422756484	0.0006615705620078421	50.38886320186896	0.2365286534973169
2.0288201260923935	0.0006983310071664431	50.35764799486246	0.23652865613454088
2.030441742841543	0.0009752047681275693	50.20273970883684	0.23652865804289114
2.0322973280792747	0.0009036882549628065	50.2192197006767	0.23680335172716602
2.034163622499918	0.0008582004788317124	50.23730001435547	0.23652865408216775
2.0359517297391143	0.0010233664329904752	50.162989095322665	0.23652865603251297
2.0383467823623893	0.0011612592711793825	50.111350285535416	0.236528656281708
2.0404778743079652	0.0010745157895422318	50.14247469526925	0.23680334919474133
2.0424852311128388	0.0010364221074491053	50.16424780524504	0.23652865715264432
2.044603808082696	0.0010552751707861834	50.148520089335086	0.23680335192382942
2.0465950825410393	0.0010257089212959247	50.15822435301942	0.23680335614581285
2.048932308207749	0.0012061685106182513	50.074152100229625	0.2373849654079051
2.051589186621887	0.0014123313665553405	50.01289324672623	0.23680335847727352
2.054194381769721	0.0013805098958219976	50.01905738395205	0.23680335681729686
2.0574109544736534	0.0016009530634649573	49.95024707082997	0.2368033530022392
2.0604840946137575	0.0015011961580680148	49.97908408572882	0.23652866302049289
2.0633351899847674	0.0014780982879107536	49.98616574611122	0.23652865565584452
2.0668329804861885	0.0016465134328380027	49.93976270504514	0.23652865492769928
2.0698043170110836	0.001543736031986923	49.76266107833038	0.24286375549294525
2.0734554683347324	0.0020813320387120474	49.821807307353	0.2368033446235033
2.0774334943543193	0.0020113939861709424	49.7905579799148	0.23772178967496546
2.080852531483921	0.0014702263300692996	49.784417536046654	0.24153036889050294
2.083925416717082	0.0015122476752427243	49.765426697202216	0.24091801498224463
2.0869628398065774	0.0015246845075851591	49.73261160894246	0.2428637491321659
2.0902055602831537	0.0015645475728676996	49.71512501674254	0.2428637558369591
2.093870781947017	0.0019392489480300468	49.622970708257654	0.24217807912630918
2.097152302915547	0.0014427473642458833	49.768628015375555	0.24107073261656375
2.100018157926278	0.0016524326979450743	49.69223619749924	0.24153037506528957
2.104315531435951	0.002403842458732804	49.525092294691504	0.24153037454372447
2.109803179219833	0.0027981291165787045	49.459689926135354	0.2415303751878821
2.1149045800507875	0.0028943155139841666	49.40290318207438	0.2451787636875186
2.119773134978842	0.0018635487197437588	49.6309351204655	0.2415303717324138
2.1249016611065996	0.0030826947235458213	49.39708362681441	0.2421780744723669
2.129971116580118	0.0019545835285408844	49.58128595869293	0.242178072095824
2.134208215268342	0.0026012875442580972	49.461025271449	0.24153037360730686
2.1392922620789525	0.0023096845477443414	49.499606819785214	0.2421780764036715
2.15291076982421	0.006536745179863963	49.360488389972616	0.24579367268683314
2.1670499166895616	0.00903913438067919	49.18937169083329	0.2468361625152907
2.189501269008728	0.012017138092097214	49.03400218882666	0.24703522913489523
2.2083338444979503	0.008219452974323692	49.18387238835278	0.2470352371931139
2.227091849941131	0.010233627254365026	49.07433511703253	0.2468361604509239
2.255644262087203	0.017690883107562415	48.802871670944256	0.24723724058719057
2.287854143501337	0.014372735598703147	48.86125344798827	0.24703524903472696
2.3153163903390626	0.01734722083061608	48.72938170205139	0.24822571991565603
2.344888545689649	0.00960307590621073	48.95433634395909	0.24756851525258464
2.3684805469901757	0.013643105202468883	48.799038977082255	0.24703522597540092
2.3993173956304914	0.01588496975887454	48.67780043535196	0.24845164484043852
2.432240099342631	0.016688590294477598	48.623150715036076	0.24868109592218404
2.4590889493346406	0.011535363464963892	48.778359670253614	0.24723725508933134
2.489090325964237	0.017655224633475283	48.541527824541205	0.24868107508426976
2.5192051150920407	0.01285653060388867	48.6490569958997	0.24822573604496845
2.545442595451943	0.012480978322779203	48.63643607255047	0.24845165409513878
2.567475671079127	0.009347075891856597	48.75017925154377	0.24756851960098525
2.587059047931654	0.011340636368170209	48.642411528316444	0.24822572887319966
2.6108073434150674	0.012363907513049445	48.601858850684586	0.24800327750356274
2.6304308518433945	0.007774802768571168	48.806852124283246	0.24778423413200087
2.64953668772829	0.010416230712482374	48.68082797811943	0.24800328051544251
2.666989366985451	0.008576585491356266	48.75397733719312	0.2480032782526294
2.6878885674247677	0.010896839333706639	48.82971063119506	0.24053584710212808
3.106683167515582	0.00259679140462786	48.356646264824064	0.24824895788668946
3.1132595949643163	0.003990052983767857	48.16139706308001	0.24824895154649562
3.1355580848927778	0.006269610386404066	48.2094410016447	0.2482489492109614
3.1481358956028607	0.0031156978079416443	48.2449619859857	0.2475009733489577
3.1528248760001585	0.00168124173511871	48.50192445467064	0.24809616791727723
3.1574868419692175	0.0026797217878685563	48.29736679900053	0.24779540419132848
3.162610518814219	0.0021004016982863584	48.41809408393456	0.2468463252184198
3.1664137950914006	0.0024441761520530587	48.32488511857156	0.2477954089742301
3.1711410796018864	0.0023281467963395374	48.338491773754896	0.24779541179020995
3.1768927985458255	0.003711410782477089	48.127628495578904	0.24809616738539841
3.1849751906982604	0.0037297047654489407	48.1156544001111	0.24824896849031186
3.1915505212148125	0.0029901760397923203	48.1986317341476	0.24840340361879293
3.198161502102474	0.0033657323660824384	48.157272453887266	0.24725831716752894
3.205216778976973	0.00322868681396109	48.14152722858336	0.248248964694988
3.211267092382091	0.003265682724421964	48.13137127269477	0.24871728543655217
3.217883901528031	0.0035379255028242674	48.124903153478826	0.24698226193666145
3.2263000671837903	0.004416400303780301	48.0028196728135	0.24855949441966552
3.233860740858132	0.003720141175761146	48.088099224434345	0.2477954239829104
3.2415967679947966	0.0038067421440263873	48.06271785326916	0.2485594969654293
3.247206395365357	0.002179596624900672	48.28872527610058	0.24794499338482132
3.2528221990604376	0.002299959378155477	48.24574423636867	0.24764741338961654
3.257057501293096	0.0028654289148818232	48.136423532611076	0.2487173011725896
3.262778814100256	0.0026828962769306613	48.17014651304289	0.2479449952535557
3.2674189510847027	0.0018652590284948419	48.32414025431309	0.24809616760275122
3.2718673790845707	0.0026983340395723234	48.18069729892624	0.24725832285934443
3.277412858419239	0.003014229815264365	48.14451505784027	0.2466148381287872
3.435005315764532	0.002877579109709278	48.053437771379855	0.2483014598655752
3.442673794968436	0.004456438955481295	47.837163694135945	0.24946383789648344
3.448604566747549	0.0019852862416855463	48.200461134272224	0.24788847719169324
3.4541366635044595	0.0030335753388933176	48.01044770064707	0.24761970546896991
3.459267087721675	0.002536728195132818	48.0706167546747	0.24775343924232052
3.465516616182777	0.003500683867168529	47.91724454842749	0.24887121641251472
3.472809408829735	0.00402358990021361	47.853653947883615	0.24858354754994944
3.479600342555857	0.0029928631437389653	48.003996419080494	0.24816246084145843
3.487088135599456	0.0037203987701412145	47.808996762922185	0.25504177503559217
3.492695875275385	0.0027758643422787594	48.059542121227544	0.24816246513243223
3.499600489959798	0.003698810578902119	47.899084146199655	0.24816245923059724
3.50533908033548	0.0022814026590638123	48.089190813377634	0.24816246404960557
3.514512799083521	0.006376012502051246	47.860218408216845	0.2398092654534224
3.6165243879998954	0.002440443169918295	47.95140690283569	0.24677854955343928
3.6231103544712875	0.003162773834455418	47.69263881279925	0.25526152737788316
3.6286744860249405	0.0027165851231063386	47.780947065083026	0.25410501569847993
3.633499296043877	0.0024395369763426985	47.779671796889325	0.25560538173036007
3.6379103233092343	0.0020480641976302286	47.953451345293175	0.24781358104045445
3.6429414537759035	0.002538155955480591	47.808322903878675	0.24991235826446737
3.6489774387955984	0.0032481006144121217	47.64017865670432	0.2547570939564694
3.6542628707865212	0.002561161260649541	47.88198096399917	0.24781357534635823
3.6584641956734076	0.0020991739502654516	47.81769599445404	0.2552615117892358
3.6630819578148452	0.0023077404047530514	47.89759520598778	0.24772084774384764
3.6694386211020973	0.004263983744402276	47.7309801208969	0.2433600274987907
4.110133901285593	0.0021846481289074984	47.405433504818276	0.2538505138909169
4.115627491887269	0.003907320614400525	47.164421313770106	0.2533497399668749
4.604683176000989	0.010694378471491146	46.70886919903623	0.24564016419976992
4.626686718247876	0.002841960818250981	46.67690140026643	0.25912185164201457
4.681786459779144	0.07706769691483135	46.43111626683224	0.25768488814530727
4.9949257771428215	0.10892138346163202	46.36564440343716	0.23786893379165755
5.262731298981541	0.0336281949612055	46.10684896739814	0.2581916732872477