-1.4354653485950806	0.14356844611778113	51.22305839904264	0.17820560039861408
-1.1738583873062245	0.11790800676545354	51.194987388419165	0.1731934512354158
-0.7540745267597015	0.014949896376756769	51.44594923718919	0.18013212463112643
-0.6146181447901136	0.1084380752731843	51.089783670594535	0.17283792448428104
-0.49253527202646036	0.02455953740938093	51.456674705578266	0.17632692409259523
-0.46096500997572876	0.0076125238385397935	51.707480614448684	0.1805023013077228
-0.4244788747324859	0.027996421390876228	51.48835556035078	0.17196103711690952
-0.39082187994287065	0.006477173577766164	51.77273420954915	0.17936568756324447
-0.34769559702879155	0.0351892898969414	51.446800148319156	0.17087140195561407
-0.26758673569528807	0.04389276105311118	51.19241598192819	0.20862008346169372
-0.18763398700178258	0.03651238079419668	51.370725085707235	0.17978962703231946
-0.1414912592666573	0.010944002148667507	51.677921318447616	0.17256132328252383
-0.12013696195165385	0.010418900062620745	51.407713030171244	0.21217562597891934
-0.10311029907281782	0.006678884765297075	51.62667565551112	0.17884852772836085
-0.052719096628948525	0.04163041957385485	51.15577518106166	0.1737397539534493
-0.007571622161230085	0.0053600059708508695	51.523141047569034	0.1764611143408513
0.008217858034019643	0.010337268313721145	51.39416355365509	0.1671470786120716
0.02841537217367862	0.009867525895853619	51.00921874924919	0.2316787709072613
0.04057787482389852	0.00239875438049083	51.52398512516476	0.17608587266669148
0.050068430783718254	0.007040710374052611	51.24883697437077	0.1775593027866904
1.4062111255851102	0.005741966223110294	49.83686327109568	0.18129554474401283
1.4161347603744385	0.004497592992044353	49.77903750422131	0.1812955447440131
1.4241035406851124	0.003419087492584078	49.8977206996531	0.18129554474401305
1.4303379184272207	0.0029138398805509565	49.96882899827267	0.18129554474401283
1.4367536720617897	0.003946603327660399	49.837322126461395	0.1812955447440128
1.4446152474933438	0.003269785826499194	49.9144271340653	0.18129554474401316
1.4827557449207687	0.003992760446502579	49.780703700102926	0.15913392844146462
1.4902899073156903	0.0035855505046039453	49.81699660148933	0.15954193873337214
1.4977207098692085	0.0036356559051238047	49.830236945943525	0.1591339225050925
1.5059968690669052	0.004667735419067594	49.73200109332104	0.15913392481979172
1.5142552911283098	0.003540137534350357	49.804441032477435	0.15996504419310048
1.520746821310179	0.0029139553884271387	49.86574801387525	0.1595419446898879
1.5272835544993781	0.003615405555131344	49.76655401120029	0.1595419432515685
1.533549933798748	0.003542413363768669	49.77887185648338	0.15913392602787194
1.5402474964876958	0.0027518462788510443	49.88211900967817	0.15913393228458975
1.546177385541986	0.0027145277207036482	49.88445546566907	0.1588473793349212
1.5509733059885522	0.0025125239254037888	49.887253299983406	0.15996504299903655
1.5581093944440876	0.004087117491553211	49.67734341288242	0.15913392607152113
1.5669114395408301	0.004854685818224146	49.58775556923546	0.15954194744855235
1.5770093866906856	0.005097099282893551	49.551348985408175	0.15996504949710202
1.5856248761842449	0.004094343786296313	49.612768217954915	0.16233335412365857
1.5931664598013167	0.00349798489439739	49.70848625056728	0.15954194596734683
1.601829482820953	0.004603159184374626	49.57634503676424	0.15913393229262726
1.6110460070801587	0.004204992681817671	49.58974717336682	0.1599650396556732
1.6195685264802995	0.0048726786650812245	49.53178788081796	0.15913392522970207
1.629502942656475	0.005094712353086714	49.52071679156516	0.1591339248668154
1.6394750120538846	0.004856738185121455	49.528546154362985	0.1604039491015134
1.6509122011793607	0.005240917043817776	49.32178600220391	0.16647740653324575
1.6604098072296685	0.006526361837866151	49.336841497450166	0.16114723736030645
1.67294037939019	0.004897826788577112	49.33435720976561	0.16497418113706613
1.6824056288766283	0.005247792251513188	49.27160869575792	0.16558773004393962
1.692907281468674	0.0049127670401135914	49.28344005146093	0.16647740074241815
1.7031609781507386	0.00586887959857006	49.38191394420529	0.15954194265809
1.7159602908980198	0.006250554186443969	49.35508199786238	0.15954193205309689
1.727501306052623	0.004920115001374171	49.44896568639368	0.15954193251790635
1.736949465348617	0.00502176372084607	49.418868668353504	0.15996503977468274
1.7479316374566207	0.005477532947251693	49.36835480435387	0.15954193455073623
1.75775133865355	0.004913416384244416	49.39546232974815	0.1599650518983287
1.7672639012155975	0.004394007575440583	49.434507676525456	0.15954193034013125
1.774764771152713	0.0029927241308073103	49.59295846690904	0.15954193636838712
1.780058671143979	0.002500868093938001	49.67145058529036	0.15913391957038378
1.7858001893123818	0.0030578044019683166	49.579202924856475	0.15913392566106932
1.7909854919414196	0.0024152922760215683	49.676634994525685	0.15913392677026203
1.7956313263894055	0.002365348792494665	49.685673038775235	0.15913392266528156
1.800567866125586	0.002306307504371949	49.696241366697365	0.15913392153514916
1.805211839875438	0.0022652799516183235	49.68723387757791	0.15996504559527644
1.8096842353252631	0.0023369795461045733	49.66895095507935	0.16040394283581097
1.814932540235509	0.0029773820862340973	49.57185059348661	0.1599650450410723
1.820820988980424	0.002762221842080103	49.61259340965085	0.15913392938744195
1.826410762240159	0.002410706831223366	49.65669688984393	0.15913392490105022
1.8314658066387426	0.0028545186327862287	49.57315277515693	0.15913393262070558
1.8388185541977378	0.004240911019262152	49.39379756318402	0.1595419354504865
1.8467597215152205	0.004001967102221814	49.421725744954614	0.15913392092682094
1.853727350999066	0.0034744591300196878	49.27348863093006	0.16840607722136575
1.8618954413445188	0.00396805625665883	49.39283353006226	0.159965041627462
1.868387408883578	0.003239673014879047	49.289494303223385	0.16741572298430232
1.87644087595341	0.003940621616305394	49.211195451023386	0.1655877241745356
1.883287738857443	0.004011641943477157	49.19544258791329	0.16558770956089508
1.8914441361233152	0.00339341438368843	49.25905740636158	0.16558770595979494
1.8977887493909127	0.0029801207067398426	49.46867342006486	0.16040395051154369
1.9035654358073302	0.003052552751319949	49.452560251704185	0.1604039478950184
1.9096961238181094	0.002928704146414957	49.46982583803172	0.15996503666317288
1.9154407945862446	0.002765427321946762	49.4900561055253	0.15996504061629027
1.9200179028288131	0.0021546358538179823	49.60646109562009	0.15913393032929518
1.9250279861198152	0.002831028495416319	49.48507625859382	0.1591339310598093
1.9315408207270002	0.0030756416914160924	49.425281953889	0.159965045798848
1.9376808700465253	0.003147986700062421	49.39972767513439	0.16040396294409465
1.9445933924737218	0.00352464639564882	49.358429179820156	0.1591339182161256
1.9650684270142666	0.010734913815019651	48.95415812036873	0.1737923818429135
1.9850646344253207	0.008543437678872915	49.04885334626328	0.1728313437275681
2.002124130435752	0.009856956923984769	48.96134368437959	0.17379238613789189
2.026597181781629	0.012422693234868375	48.84503364339231	0.17379237306114945
2.045971424680108	0.008910366431302446	49.002920467435715	0.17259058955154624
2.0674694493847285	0.01130689849245558	48.894911985818794	0.1717084359570489
2.0882478715093313	0.010778667404706808	48.843410323106056	0.17405503200624384
2.1138815576336585	0.015241068925122343	48.67425921895477	0.17307515062427054
2.1487247822076667	0.016410081728273376	48.572394119988424	0.17510605087747091
2.182138910611462	0.017365736309834356	48.61118575331592	0.17193261942464788
2.2118125869064893	0.014191324778693325	48.63270692204429	0.17568542084333347
2.241626359649451	0.014196478795763865	48.6316271838854	0.17353313115436017
2.281713317948497	0.0293402868928956	48.39850586149221	0.1665257688005173
3.0729030326297875	0.00404768513742684	47.85297060536092	0.17298854499444974
3.083858955329799	0.00612448107717992	47.62329503739292	0.1751985469830304
3.0943299927984587	0.0055797988086060775	47.80706640360404	0.16724007010160513
3.1936236141340166	0.004756645537112426	47.6607029891221	0.17577603879177697
3.200957789214215	0.004053428871237188	47.73173535448851	0.175009532957863
3.210677237445314	0.006402893840794109	47.54575404697209	0.17405095586681898
3.2266885973750528	0.0070527295778942106	47.461788755839585	0.17519856650039542
3.236240106578712	0.0037371092820180168	47.727469165603175	0.17500955871158222
3.2426476365449948	0.003115851801268276	47.8107933376566	0.17353313148213237
3.250032618867199	0.004455749311408521	47.61569110044018	0.17538929398009998
3.260209779047899	0.007072877251402373	47.39107346183766	0.1757760265528676
3.2730193212026175	0.0043141110409603035	47.588363828072865	0.17558176583797896
3.2849759402958627	0.006937541136792079	47.59366532188801	0.16399977591077708
3.4689453649166917	0.003420553777754689	47.55307233495722	0.1753987961445802
3.4752085498938072	0.003537417016649825	47.54605200173342	0.17441851480264273
3.4830529229764076	0.0034197992741978123	47.52655670291702	0.1750126456177082
3.4907604580831495	0.004319546574986323	47.45224523723338	0.17388258019999542
3.498818891607757	0.004397178249950383	47.44894026433574	0.17619297731172673
3.5093713143739644	0.00475142247807738	47.421455257967736	0.1742382379951378
3.5164534694258074	0.003619031473211838	47.331187980467455	0.18424235917032958
3.524151305534503	0.003259140776115802	47.44898468873052	0.1753987783160363
3.531139659029511	0.0043247682763728635	47.31656894572515	0.17559456954001187
3.5392832426703644	0.00410135715732373	47.262206223428954	0.1800353599729132
3.5466825554045784	0.003000609975373987	47.48353687925392	0.1748222600637639
3.55267065060313	0.0036994014847963105	47.27441491233137	0.18424234659838962
3.5637148878266385	0.005860281028545342	47.505899891034716	0.16136568547973837
3.673003432759693	0.0032247570093413905	47.21562067908374	0.1832126352372861
3.679369323498634	0.00314329592590077	47.19922712962288	0.18380767729140446
3.6864045408081165	0.003942441023431637	47.13044104660566	0.18490816666331733
3.6935740457207866	0.0032092926202799614	47.25677423461934	0.18468446409294578
3.699387637423458	0.0027048116286188775	47.32925120530459	0.18424252357461796
3.7048595490043597	0.002377803084851117	47.35262927062892	0.18402423032099285
3.7102119980044175	0.003024329720873182	47.21050988744855	0.1842425076819402
3.7155938153464834	0.0031777364955308503	47.30846067425079	0.17520492275881747
3.7217728074587177	0.002474953815856401	47.41043228009943	0.1753340910884201
3.7298246745317987	0.006396451804940734	47.14251996250033	0.16714214846402278
3.8146316125272484	0.005059538981555007	47.05572020512827	0.184683433083726
3.825832082186046	0.005004673071072374	47.06631086707671	0.18480738787047685
3.8353753377911626	0.004847669590608781	47.0797117876404	0.184314951963253
3.846843444603692	0.0063419841503010626	47.028096165332585	0.17831061519607266
4.162276217782517	0.03503309086525332	46.76564294143861	0.17017736233375483
4.287297623237868	0.04441651284288396	46.39340049597322	0.1873167581783451
4.3747099558696	0.03560911816727177	46.48817802535134	0.17913567903150157
4.4784053472410825	0.030837787908762942	46.350412403989495	0.18722948679372603
4.537498400107788	0.024020653102563044	46.265847974343274	0.17827511574769736
4.677220079853009	0.06602846698836104	45.96739525834799	0.182499713861845
4.854819260763495	0.12280175913413184	45.47104914135034	0.18865885038528424