-1.2983240349202312	0.4315969336998082	50.9036762139436	0.14878665425631346
-0.9020055763924186	0.08664228480717161	51.166270331386706	0.1302805168820443
-0.5134809608072242	0.22135294177906142	50.79530341529374	0.12637031902277837
0.3078301892441597	0.335357374480987	50.35606713743354	0.1456281813374877
0.5608403117232932	0.004476878080170039	51.42692121440576	0.13612394110658965
0.5667688327107359	0.0014720599313157057	51.68815346537956	0.13636846604268574
0.5711627104907928	0.0029144835572144003	51.612859529337506	0.12527890099588793
0.5755125790717939	0.001442718979838001	51.773110929810194	0.1224056527074615
0.5798193113130414	0.0028569655833914414	51.372993397082865	0.1703568800315331
0.584083753306861	0.0014145248160308866	51.691168802763066	0.13651314359864827
0.5904029186515212	0.004879321670264962	51.47327272847723	0.12931838301603266
0.6000535379268053	0.00477209225267746	51.44710455600631	0.13516875609147622
0.6054733983260074	0.0006732725842813251	51.84275517398104	0.1410676010757614
0.6068178590141864	0.0006711915335371796	51.828320732247796	0.1434659436265233
0.6081581724439982	0.0006691233049190882	51.90674050476453	0.13789446024878618
0.6108264520809525	0.0019950745622412253	51.44379801335496	0.1199792076257123
0.6134784386786538	0.0006609763034796297	51.36950827211714	0.11428782542936639
0.6147983821509244	0.0006589704596970531	51.196724566733785	0.12417873302171531
0.6161143280531136	0.0006569767502606661	51.30839103614667	0.11669827646502107
0.6174262966279653	0.0006549950712805478	51.440786377047864	0.10963328639676695
0.618734315731736	0.000653025308340151	51.365663897989954	0.12141935518499669
0.6200384071370719	0.000651067357191921	51.47636714950712	0.11136980849104718
0.6213385924268968	0.0006491211147998257	51.36961239064464	0.12515516622061806
0.622634898782912	0.0006471864706990614	51.4742604901126	0.12129582561578235
0.6239273473635696	0.0006452633243778511	51.51804959833973	0.12092673995441411
0.6252159591447048	0.0006433515764815172	51.507168256853944	0.11678254654422536
0.626500760656653	0.0006414511203252847	51.441100538294904	0.12309425298642045
0.627781772465587	0.0006395618589686671	51.45072396885833	0.1301829530696571
0.6290590149618609	0.00063768369657671	51.49180958054936	0.14477640373546471
0.6303325140466198	0.0006358165300818937	51.84126380420486	0.11896603259108661
0.6316022878253809	0.0006339602687170686	51.736202024261715	0.1267377262788861
0.6328683617916921	0.0006321148117399265	51.56199729845993	0.11484043057133506
0.6341307555707278	0.0006302800678196677	51.343501177056226	0.10928972189181566
0.635389488622468	0.0006284559466510669	51.40853231494572	0.11060627834484671
0.6366445858461847	0.000626642350856097	51.445511230584685	0.11718848396661444
0.6378960663286475	0.0006248391922772262	51.72564029205998	0.11432043882364162
0.6391439489974615	0.0006230463837377735	51.98363411945455	0.10408699811070866
0.6403882581773683	0.000621263831082484	51.76540814181356	0.11012471459563816
0.6416290124353687	0.0006194914491916553	51.57003430628818	0.11157850970269902
0.642866230185068	0.0006177291538840057	51.21676277301321	0.1325229043609749
0.6440999351955945	0.0006159768540926644	51.58748862524705	0.11163814812422829
0.645330145532033	0.0006142344676071666	51.85498968664618	0.11476273748912666
0.6465568791115581	0.0006125019131152442	51.621952040076096	0.13653069963205536
0.6477801591658527	0.000610779102510679	51.61917032955245	0.12490584935934715
0.6490000014599917	0.0006090659589157868	51.459747200213876	0.13576722205755673
0.6502164288770627	0.0006073623961303231	51.62742796722964	0.11978430429642932
0.6520347045017711	0.0012096496937070828	51.46736285586047	0.13269930130007765
0.6544472906784904	0.0012029484963430891	51.55532450160286	0.14016464316973215
0.6568465476088137	0.0011963211387562226	51.72032721701004	0.13557618066459448
0.659232623536798	0.0011897664023278306	51.471635155347066	0.20166224163825813
0.6616056607402936	0.0011832831047157268	51.714595947054775	0.12761897156363838
0.6668980564595537	0.004091328132869031	51.354975349332385	0.12701464403325544
0.675004581877878	0.0040156678794157725	51.146861384254585	0.1395237802790868
0.6807036921721941	0.0016985639059199271	51.41065121237922	0.12201230355303462
0.682962559489708	0.000563250737641738	51.56223262689023	0.1293613177842969
0.6846490330288966	0.0011221354723707135	51.315111884711825	0.14400474262889862
0.6863289828965595	0.0005589015907990296	51.55653848572972	0.1262781747528587
0.687445350618282	0.0005574667614842116	51.45508368966098	0.13819349866678418
0.6902237768672816	0.002215646867079788	51.16233778608127	0.12708119037914226
0.6935345952552645	0.0010994101168412746	51.047594401659104	0.13127229165553966
0.6957278682832366	0.00109387187469085	50.83076121595341	0.13845770797563536
0.6979101196717794	0.0010883891523276164	50.94349918098299	0.14512494810959223
0.699539643367203	0.0005421565203626528	51.35972174817797	0.12519759299218075
0.7006226040106032	0.0005408062781534924	51.550178384862015	0.11503604939987463
0.7017028724970837	0.0005394627428022604	51.452099439557415	0.12068769724303316
0.7027804605786958	0.0005381258664489446	51.550064170033295	0.10606994635393473
0.7038553799241978	0.0005367956016870443	51.23344968705466	0.1047438416227275
0.7049276469073458	0.000535471895655369	50.79072024564043	0.10739086315485723
0.7059972714054383	0.0005341547038834013	50.990508868044444	0.0993234421684725
0.7070642695827865	0.0005328439745052457	51.025479096853516	0.09953605613590007
0.7081286527247388	0.0005315396620175035	51.15809536488256	0.10053369163102445
0.7091904320377544	0.0005302417213421967	51.482239890476635	0.10158255716970585
0.7102496233793194	0.0005289501020618915	51.18330599194148	0.09999461246687173
0.7113062377658241	0.0005276647600185448	51.146346212255395	0.1013946500751652
0.7123602861372718	0.0005263856514636703	52.03753587477766	0.10109293182245846
0.7134117840528613	0.0005251127273769545	52.004081261832354	0.10330072936530234
0.7144607422679452	0.0005238459448969762	52.154309535735884	0.10271932265136631
0.7155071714639119	0.0005225852615566866	51.819542005844426	0.10157427570589009
0.7165510869098954	0.000521330629683749	50.918716783626124	0.1070681556837515
0.7175924975578993	0.0005200820095228396	51.352670882393525	0.10053876415180499
0.7186314184881197	0.0005188393542739853	51.68152595522586	0.0993993875478617
0.7196678600377016	0.0005176026231341212	51.54235510973723	0.10277856246186255
0.7207018324736276	0.0005163717756707389	51.31474478126214	0.09971472372031168
0.7217333505991392	0.000515146766354455	51.25512139677893	0.10104748033074681
0.7227624245101056	0.0005139275555588286	51.60401357215905	0.10191342349416249
0.723789064234428	0.0005127141040144729	51.924408849444504	0.10326226968212396
0.7248132843058728	0.0005115063674187646	51.87168650031665	0.10201161424166691
0.725835094585974	0.0005103043072803311	51.48578951984966	0.1040060026175989
0.72685450487041	0.0005091078854519262	51.5140611719404	0.10557004194022286
0.7278715294306968	0.0005079170588156745	51.40962161151781	0.10926440530855328
0.7288861779007347	0.0005067317899754484	51.37849009748261	0.11158713398925202
0.7298984598505769	0.0005055520418668999	51.13456295107774	0.13342434873791112
0.7309083892964952	0.0005043777725165843	51.16643179266841	0.12000012187037885
0.7319159741515147	0.0005032089473231387	51.17061215795457	0.1301740957502019
0.7329212282655018	0.0005020455250545096	51.53640630851549	0.11937122236963262
0.7339241609071812	0.0005008874700560038	51.76323313386589	0.12404785206407229
0.7349247812846584	0.0004997347469852233	52.12962060081006	0.11243689126587188
0.7359231030036688	0.0004985873156910205	52.261242002249695	0.12421750762256373
0.7369191351220168	0.0004974451415156854	52.59762879111678	0.11723254371988852
0.7379128866387286	0.0004963081901027639	52.2390059830542	0.13286607753075366
0.7389043709217848	0.0004951764223459403	51.932875942902086	0.1372402548786048
0.7398935968239468	0.0004940498045503768	51.778624285593565	0.1238473272367362
0.7408805731409829	0.0004929283033118974	51.716848201359014	0.11618036916819742
0.7418653130092729	0.0004918118805344025	51.790549187781025	0.10632532856454961
0.742847823619825	0.0004907005051055208	51.474420361905985	0.11968030387316882
0.7438281179579502	0.0004895941395840696	51.56919890375869	0.1160315747871191
0.7448062045472073	0.0004884927518079061	51.89447171192058	0.11024930668147098
0.7457820918569658	0.0004873963098888876	51.92161273415915	0.11141509146574814
0.7467557926507813	0.00048630477734134945	51.66863376226231	0.11737286959184176
0.7477273152618831	0.00048521812288165227	51.429743923034806	0.11711168879225002
0.7486966679709364	0.00048413631549067506	51.26352127961401	0.13052483795335693
0.7496638633253712	0.00048305931960719464	51.75018867962496	0.1130498850272663
0.7506289094732743	0.000481987104796725	51.903623641401474	0.12567682226608082
0.751591814511738	0.00048091964088019793	52.003056729760594	0.11750822244775486
0.7525525907775132	0.0004798568931909728	51.58668367772078	0.11507772835949896
0.7535112462385667	0.00047879883211552075	51.03365117705778	0.1297405649493027
0.7544677888133564	0.00047774542828702847	50.87529344611352	0.1201019581541158
0.7554222306332554	0.00047669664790470637	50.86618962717762	0.12193932399464542
0.7563745780733806	0.0004756524637014794	50.740610864728055	0.1508701885901848
0.7573248431310295	0.0004746128424383993	50.98995299361557	0.11373460586552725
0.7582730334846304	0.00047357775581058896	50.98617592757775	0.13181804439147257
0.7592191567655091	0.0004725471757460996	51.322161583665164	0.1181033223093021
0.7601632247740044	0.0004715210698264354	51.52321724612466	0.12247458784075821
0.7611052450209808	0.0004704994104978232	51.901776123761266	0.11007951420414103
0.7620452249715746	0.00046948217043158547	51.60868748799597	0.10688058230194958
0.7629831762340102	0.0004684693180038168	51.27642209001563	0.10852472783086373
0.7639191061560189	0.0004674608263874965	51.22554825706507	0.10919577472966299
0.7648530220409417	0.00046645666897316286	51.299252705588145	0.1035138630940497
0.7657849353095716	0.0004654568149066312	51.53071170559261	0.10787000176467394
0.7667148517666069	0.00046446123954455286	51.8615644582916	0.10541253170771683
0.7676427827104271	0.00046346991253252534	51.71702236735496	0.12146668951391183
0.7685687352263528	0.000462482808203172	51.76024262878084	0.11784166569166181
0.7694927163574126	0.0004614999010947967	51.90771116612122	0.10441786046576153
0.77041473722207	0.00046052116158329403	51.61797585513695	0.12398016695631184
0.7713348047536452	0.0004595465646675668	51.85924741572386	0.10717164912711781
0.7722529258443873	0.000458576085545415	51.892517205163145	0.11015217864390432
0.7731691114371497	0.00045760969530057107	51.40253184613998	0.10614544787636493
0.7740833683171899	0.00045664736957709394	50.73164223264704	0.1094159434592713
0.7749957032298764	0.00045568908421141655	51.133698605930505	0.10745642189179988
0.7759061269466256	0.00045473481097348215	51.373044886251	0.11035991765653783
0.7768146461084522	0.0004537845261321696	51.43185012954559	0.11108306711560503
0.7777212673176004	0.00045283820614248536	51.584283990534	0.10431447358093641
0.7786260011781212	0.0004518958234397247	51.54302285585206	0.11027127020184585
0.7795288528465025	0.0004509573562935614	51.643285325389094	0.10571383117118141
0.7804298328174044	0.0004500227775716654	51.69443757754403	0.10254164710463969
0.7813289474995591	0.0004490920645411868	51.49335197546067	0.12841684030011297
0.7822262032647478	0.0004481651946454742	51.86290729157071	0.1058147668419754
0.7831216104467436	0.00044724214138450484	51.696386222898084	0.11345281317416643
0.7840151753196125	0.00044632288259968374	51.6839548070742	0.11055646976501272
0.7849069041215113	0.0004454073963029588	51.52424253109432	0.12234271319452254
0.785796807029062	0.0004444956566077374	51.529726225076885	0.11420588346936035
0.7866848901850554	0.00044358764191198527	51.51440797683283	0.11736573720153094
0.7875711596973889	0.0004426833307787572	51.50238857156995	0.12141188340238074
0.7888971833184306	0.0008826675100017898	51.51491736648284	0.12204820931618507
0.7902191705362773	0.0004399923829158346	51.79539864836818	0.13799860954927576
0.7910982654456116	0.00043910265516067736	51.832418835699194	0.12974507822999753
0.7919755831871778	0.0004382165197761446	51.673335528064456	0.11824791031076262
0.7928511335359667	0.00043733395242424557	51.30663701246349	0.13650871069250164
0.7937249223005123	0.00043645493290541396	50.97891707635419	0.14226034888731445
0.7945969552569772	0.00043557944117162783	51.2408670205175	0.12637500729098106
0.7954672420359807	0.00043470745343470975	51.42735361087651	0.13166276964969265
0.7963357883263567	0.00043383894999209544	51.662017787061146	0.12597779132774797
0.7972025997854693	0.00043297391128801046	51.627060675284284	0.14370527893189172
0.7980676859028104	0.00043211231406815973	51.88944163897392	0.11657771925884533
0.7989310522504602	0.00043125413911206687	51.69802649633928	0.1567346492315009
0.7997927043698803	0.00043039936734148957	52.01660802672835	0.12213994757581838
0.8006526516126073	0.0004295479760206151	51.77911202251921	0.14239208292899203
0.8015108981591761	0.00042869994765786456	51.64775027911973	0.139578561432894
0.802367453270858	0.0004278552598548044	51.36487509314847	0.1731294880082996
0.8032223223314128	0.00042701389416276945	51.51299459833168	0.1239930696149936
0.8040755106953767	0.000426175832268063	51.50294193984677	0.11353626255048403
0.8049270274911191	0.000425341052266282	51.439259363236864	0.11634449401656849
0.8057768779930499	0.0004245095361536473	51.44433278710768	0.1143516721931462
0.8066250674471513	0.000423681266057201	51.3549499133955	0.11784272629992963
0.8074716048518134	0.00042285622055256654	51.847162656965196	0.10442295380120023
0.8083164953747228	0.00042203438206778854	52.10316174162439	0.10315895881245772
0.8091597441559206	0.0004212157331577245	51.69564988771384	0.09970299935057209
0.8100013600666482	0.00042040025286450795	51.2105268801417	0.10053302540143216
0.8108413469199645	0.00041958792524351084	51.82188127067018	0.10485162053820889
0.8116797135038885	0.0004187787296405815	51.68628246200354	0.1046173389572209
0.8125164648138843	0.00041797264917565335	51.3349934062325	0.10628774887519066
0.8133516058189882	0.00041716966708913556	51.72517076234161	0.10056779803368131
0.8141851451846442	0.0004163697631718417	51.4676912877989	0.10369887101267863
0.8150170878062328	0.00041557292094286826	51.476922538282814	0.09877468776588887
0.8158474385534276	0.00041477912403814417	51.21849848779753	0.09984946526841791
0.8166762059717212	0.0004139883526811189	51.52096041414488	0.10090022238860569
0.8175033948587749	0.00041320059077856297	51.96289436032015	0.09966798197240967
0.8183290099872425	0.00041241582235056407	52.00707239560838	0.10580539509066242
0.819153059785217	0.00041163402804129007	51.92288990046585	0.10215921349722412
0.8199755489549438	0.0004108551921340831	51.497538872360195	0.09985391863719627
0.8207964821743139	0.0004100792990222323	51.48275498556686	0.1012961470531971
0.8216158677565266	0.0004093063297590806	51.71313211157885	0.10112374860914568
0.8224337090930902	0.00040853627013916037	51.63625450655666	0.10185060549105476
0.8232500144219526	0.00040776910148238775	51.46850057414777	0.11011735692421463
0.8240647882912304	0.0004070048086761071	51.7181750486002	0.10572094411451513
0.8248780352257665	0.0004062433767122167	51.82600978488464	0.11279261586127581
0.8256897633526057	0.0004054847873014434	51.953637220724985	0.11109967724427536
0.8264999771302406	0.0004047290256799293	51.57671316780336	0.11996166429912794
0.8273086809945069	0.00040397607718528573	51.30261040540003	0.12021450159642365
0.8281158829638604	0.0004032259239085083	51.844218679801706	0.10463620758534378
0.8289215874092295	0.0004024785514247544	51.85765992742991	0.10253343333242759
0.8297257986794955	0.00040173394540766376	51.278690616769026	0.10219293807555645
0.8305285246867662	0.0004009920883183097	51.47815490750332	0.10682619800111971
0.8313297685235777	0.0004002529671607429	51.75166209586137	0.09942216885419887
0.8321295380323663	0.0003995165646372477	51.759024526458795	0.0980566990402925
0.8329278374425628	0.0003987828668671312	51.790780622422346	0.09646789731155893
0.8337246709624944	0.0003980518600634553	51.532578002243085	0.09636864938156536
0.8345200463318854	0.0003973235272822979	51.786525225710534	0.09635650903349434
0.8353139676978243	0.0003965978549574501	51.69652953198923	0.09625575212621529
0.8361064391868587	0.00039587482961373193	51.37470836154085	0.09598884345998981
0.8368974684380868	0.00039515443465167803	51.38896242891261	0.09652005049675315
0.8376870595181201	0.00039443665681090825	51.399172124751644	0.0967538627441898
0.838475216473574	0.0003937214829194363	51.584339738609245	0.09750259815196555
0.8392619468449536	0.0003930088967132154	51.737888934763376	0.09737924275403709
0.8400472546202116	0.0003922988852293154	51.70132747834618	0.09789822408195538
0.8408311437678135	0.0003915914355906741	51.62246436024987	0.09859454650976171
0.8416136217316714	0.0003908865318598905	51.34500246444851	0.09878559047241642
0.8423946912599867	0.00039018416240813226	51.406204507344064	0.09772739537941996
0.8431743597333499	0.00038948431151103794	51.91840758385242	0.09919324042011335
0.8439526310124865	0.00038878696668357814	51.50307754415415	0.09876172413749355
0.84472950893948	0.00038809211552253564	51.42445702413936	0.09868401441545903
0.8455050008015166	0.0003873997426162148	51.56396741818349	0.09716118258097214
0.8462791103852452	0.0003867098357560233	51.52380694197842	0.09684914812742366
0.8470518414591552	0.0003860223828128582	51.150238014116056	0.09698003771752521
0.8478232012188818	0.00038533736867964657	50.78526964423708	0.09712104576311242
0.8485931933786299	0.00038465478141681164	50.83490588812574	0.09777241627255051
0.849361821634925	0.00038397460916201194	50.95562908439499	0.0982911813992339
0.8501290930936451	0.0003832968371050118	50.89891971871984	0.09740543476783177
0.8508950102578556	0.00038262145457267945	51.21909923356549	0.10071933268582574
0.8516595801745819	0.00038194844694845644	51.33679604152221	0.09999975822007186
0.8524228064408204	0.0003812778027252559	51.34027823527244	0.09843972461447599
0.8531846926366262	0.00038060951046965614	51.500348038641484	0.09796581288604013
0.8539452457221897	0.00037994355584946736	51.13889010724465	0.09755813848041066
0.8547044692262136	0.00037927992760795616	51.20642779060857	0.10072485910336493
0.855462366660902	0.00037861861455998954	51.72198666940638	0.0985687875526005
0.8562189449012882	0.0003779596026505848	51.64022317858895	0.10040099626533572
0.8569742074092661	0.0003773028808667596	51.694918427016844	0.10145068962429286
0.8577281576306641	0.00037664843826513267	51.54417448448713	0.10411748342290378
0.8584808023569916	0.0003759962610609863	51.64564873333586	0.10288945355067532
0.859232144984788	0.0003753463384786873	51.8403066080113	0.10180801405053057
0.8599821888949226	0.0003746986598102879	52.016252745997704	0.10311922425503904
0.8607309407969981	0.0003740532115345842	51.90952009602239	0.11889963558618459
0.8614784029107414	0.00037340998406394573	51.77985949076283	0.10589965233534715
0.8622245818920158	0.0003727689640492055	51.35593573424244	0.11670139484865348
0.862969481031522	0.00037213014109665636	51.295759968648184	0.11842665546774722
0.8637131036049599	0.00037149350487719146	51.29327286055302	0.11861036214520188
0.8644554561888589	0.00037085904229438275	51.12777049405869	0.1390022835259722
0.8651965420122241	0.00037022674317578093	51.23444632048989	0.1219055930519384
0.8659363642894424	0.00036959659741176733	51.387866351844785	0.11835415810598
0.8666749295192071	0.0003689685921524412	51.44667154727361	0.13321638441279793
0.8674122408701364	0.0003683427174409134	51.57898802722721	0.1281009595385822
0.8681483014966092	0.00036771896338140433	51.48138599408605	0.1694451809641448
0.8688831178209362	0.0003670973173645215	51.90477018029678	0.11818924537952552
0.8696166918604467	0.00036647777056504036	52.10997377196172	0.11039425806735748
0.8703490299873293	0.0003658603105306434	52.15102482324718	0.1111782554759764
0.8710801352723889	0.0003652449276515021	52.2184672571962	0.11481557396319712
0.8718100107727726	0.00036463161237617166	52.137986038818525	0.13802188990606598
0.8732660939667747	0.0010902334165979683	52.249102614189624	0.11756567036302083
0.8747173112186541	0.0003621988085947793	52.274137519144375	0.13496071193265485
0.8754411057517946	0.0003615956713362337	52.10863078392496	0.1268527428804924
0.8761636949409586	0.00036099454033359314	51.64623610304693	0.17200565190398065
0.8768850849403507	0.0003603954038105682	51.75505861885999	0.11437670999455707
0.8776052786531627	0.0003597982527457853	51.559264887170244	0.1266244122838636
0.8783242789699379	0.00035920307817167085	51.62906352189072	0.13050391392859442
0.879758719806282	0.0010740558466856493	51.689282807862384	0.12511913884445255
0.8811884387437505	0.0003568419384553685	51.86228301691099	0.12274671596453891
0.8819015361780682	0.00035625649635188917	51.63706477092416	0.14641514085845125
0.8826134657086859	0.00035567297121020115	51.64337400995647	0.13717005278871047
0.8833242300983855	0.0003550913544956539	51.408325923638124	0.1711075800966579
0.8840338320981378	0.0003545116377236624	51.64726527658678	0.11637175652722385
0.884742277611587	0.0003539338098804625	51.37146384576498	0.14527628748807533
0.88544956935083	0.0003533578626056771	51.37311770388325	0.13436414569612462
0.8868607050967239	0.0010566347228793344	51.025692359231016	0.12982626373296288
0.8882672712391042	0.00035107269845764905	51.04968659801754	0.1357529598794903
0.8889688500264874	0.0003505060177163375	51.01145958450845	0.1308509747015137
0.8900190966784145	0.0006993188385851653	50.83553977715516	0.14213260164922725
0.8914154872638622	0.0006970739240068739	51.13425334275585	0.12148785490937716
0.8928074024093611	0.0006948433763095426	51.2166569774644	0.1311160838370764
0.8941948701948599	0.0006926270588395251	51.27332789510619	0.14632022736435016
0.8952325706151238	0.000345487037917068	51.49957366993031	0.12943384648710385
0.8966123240741948	0.0010331735021909744	51.274447883989026	0.12321908415886251
0.8979877086175028	0.0003433022264671146	51.37894169572705	0.13891742666301787
0.8993587511478354	0.0010266604504286108	51.05952589139342	0.1455540827790022
0.9007254793328283	0.00034114487345102937	51.370054149360506	0.14202230906535335
0.9020879192273228	0.001020228999881721	51.2857808083432	0.13371552356729355
0.9041235985620564	0.0010154580453390087	51.421742811103414	0.13432373426222777
0.9058127397446321	0.0006743441348660335	51.62729304441376	0.13426242313645562
0.9074953363075904	0.0010076048448836154	51.668675252389036	0.13132871663148907
0.9108410983395716	0.0023330350871685365	51.45106487769854	0.15570043485211935
0.9158119031388186	0.0026359818311320555	51.60749164510203	0.1366092034027134
0.9200743874793307	0.0016313980749402884	51.76345244814278	0.14144060044822657
0.9220276659372129	0.0003248154382017826	52.12846456708153	0.14176413563164464
0.9281557207759401	0.005764758428730145	51.25143175877977	0.13791926561130993
0.9351449931450619	0.0012606058750646138	51.21718282852094	0.12883305834280942
0.9373454691844787	0.0009406761091977948	51.17221706345552	0.12212044322651118
0.9385978967324351	0.00031265575848372397	51.16474749580264	0.13495719990551375
0.9392227579134931	0.00031220623408083055	51.06464819328521	0.14291483171184236
0.9398467222674038	0.00031175799977289936	51.05057738718155	0.13266957858941783
0.9404697914383551	0.000311311050679255	50.959328005992184	0.13415215910306327
0.9410919670648001	0.0003108653819433513	50.961380435449314	0.12621949198754046
0.9417132535548647	0.0003104209867488636	50.94339753416108	0.17138760041658951
0.9423336525237189	0.0003099778603040495	51.41985448822365	0.1221118470996006
0.9429531655809478	0.0003095359978407134	51.52891537900252	0.14339722199124105
0.9435717970940873	0.00030909539264722225	51.82911311929304	0.12439655107144311
0.944189548649826	0.00030865604001882466	51.91144084642178	0.1240359698602549
0.944806421829393	0.0003082179352737623	51.58596261645198	0.147729575163867
0.9454224209603701	0.0003077810718029642	51.563979342175806	0.1250945075475552
0.9460375466855069	0.00030734544563500664	51.503129062223294	0.11769656962684832
0.9466518033060833	0.0003069110502280439	51.34804075074733	0.11632954536854047
0.9472651923624442	0.0003064778810181506	51.164013346443035	0.1259642389474665
0.9478777153897062	0.0003060459334634874	50.929528333554515	0.13667281460788794
0.9484893766501972	0.00030561520112135586	50.99885579187314	0.15326340035708078
0.9491001776571253	0.00030518567950990134	51.420994195124905	0.11933207260372909
0.9497101199186015	0.00030475736416883176	51.667435299928265	0.11115790663377637
0.9503192076585905	0.0003043302487526119	51.538352896317164	0.11334918229052071
0.9509274423636487	0.0003039043288596977	51.34900090002812	0.12283685417313013
0.9518381992936453	0.0006065353606009085	51.05290531060842	0.13045001841901818
0.9527470502757944	0.000302633693592443	51.322714495741394	0.12124782134366481
0.9533518966042627	0.0003022125059430618	51.33207526053353	0.12498666529025004
0.953955901728536	0.0003017924890323609	51.43283357155054	0.11572209110292789
0.9545590670870476	0.0003013736386090856	51.37493379369253	0.12215716082538149
0.9551613968042492	0.0003009559485774656	51.38886308605895	0.12284923095674218
0.9557628922979371	0.0003005394147418391	51.345035918120445	0.12657787270963272
0.9563635549812659	0.00030012403292630364	51.32701130625776	0.12130449112272781
0.9569633889423841	0.0002997097971253804	51.133464817568026	0.17479324650660544
0.9575623955741361	0.0002992967032176321	51.4395423916947	0.13976316447926457
0.9581605762648482	0.0002988847471009146	51.718604740278884	0.12181883212114104
0.9587579350668956	0.0002984739228582753	51.84261074141477	0.12380817930202301
0.9593544733486197	0.0002980642264409322	51.55756686545265	0.20043511824975543
0.9599501924739442	0.0002976556538189546	51.85198343971493	0.1385417924215664
0.9605450964600111	0.00029724819916218106	51.882310023876656	0.13773025652691848
0.9611391857664191	0.0002968418590976339	51.748118566745525	0.1360213286093221
0.9620288000504229	0.0005924688536897846	51.21992477616483	0.1482372389012519
0.963212123941797	0.0005908567487141821	51.36644926265006	0.12383132940290231
0.9640975064260027	0.00029482670734159327	51.68078432051948	0.13622008769310026
0.9649810867036415	0.0005884549732789839	51.821210131051245	0.1352613212343114
0.9661564050428189	0.0005868646079017684	51.909842030914874	0.14060102787226086
0.9670358110306612	0.00029283873195677044	52.02505141133231	0.12496240793952551
0.9682055888927341	0.0002920510283268699	51.7080982992584	0.1398543495421344
0.9690808594162252	0.0005829260516616076	51.58039651378297	0.1459931542193452
0.9702451496554005	0.0005813653913179747	51.98610979629302	0.1271015284549343
0.9711163229939399	0.00029010018492897334	52.26618973817252	0.1390087281790777
0.9719857531623703	0.000579040007175892	52.33031653503479	0.1324291836131084
0.972853445402232	0.00028894213883719823	52.60373525331381	0.13388633231024322
0.9734309458557959	0.00028855817512363533	52.560046037335	0.15560188011914042
0.9740076794013137	0.0002881752305240195	52.75160364002274	0.12970127702649695
0.9748713453574216	0.000575205432345914	52.663426588908955	0.13916508466898767
0.975733297180098	0.0002870324721266026	52.66312409399514	0.13731814820416813
0.9768799124315402	0.0008588269634246805	52.10645723346511	0.11942879750015997
0.9780235080993629	0.00028552281751191387	51.74677523881124	0.14013938580183566
0.9785941789405141	0.0002851478817313908	51.64548206583765	0.11999104668817274
0.979164100045061	0.0002847739299137652	51.42245640472953	0.14855900867075952
0.979733275074449	0.00028440095708062843	51.505474004130505	0.1323248053146711
0.9808693916080327	0.0008509738051649164	51.200323423158174	0.1316097686972774
0.9820025432460069	0.00028291878569700974	51.37539897834018	0.12415124244069707
0.9825680128285865	0.0002825506533170337	51.16904482055776	0.14567327056877583
0.9831327471034146	0.00028218347771578894	51.13531146874224	0.13406273175965314
0.9836967471404379	0.0002818172557131114	51.012040747791275	0.1733370976883692
0.9842600165229074	0.0002814519825117185	51.34487481734861	0.1368124623370029
0.9853843675373135	0.00028072426996522925	51.60455505004573	0.1383153505274854
0.9862257252921705	0.0005603618998082762	51.7669400467836	0.126412933775184
0.9879035656127342	0.0011164023817801677	51.71238742139621	0.13170236950498476
0.9895749487536274	0.0005560570809954925	51.944014501849395	0.13002887478937475
0.9904082344793703	0.00027749559544541297	51.886481115704385	0.14182921478552307
0.9909628716537957	0.0002771414322164727	51.92151958084706	0.12637043844098944
0.99151680057994	0.00027678817238676554	52.06661196433974	0.10507562283408557
0.9920700247109369	0.0002764358114553298	51.83428423535847	0.11343305947087588
0.9926225450162585	0.00027608434651860483	51.6235885159102	0.11439787352727943
0.9931743624627276	0.0002757337746851144	51.48731331521341	0.10851575559152413
0.9937254804766544	0.00027538409151418305	51.13890768859714	0.12386860015616655
0.9942759000102317	0.000275035294150182	51.761011764628805	0.10504394700886269
0.9948256220130813	0.00027468737974929497	52.1369760219259	0.10754201452976016
0.9953746498850422	0.00027434034393005835	51.68327645774333	0.13333347770540047
0.9959229837447545	0.00027399418439900416	51.54729734939219	0.11488435432580105
0.9964706269746093	0.00027364889681355363	51.48068498589931	0.11644215708487393
0.9970175804986401	0.0002733044783958951	51.4809704138513	0.13795860312976288
0.9975638452384139	0.00027296092637960333	51.737136285848834	0.12936313931186466
0.9989265101739202	0.0010884232488752887	51.6655410551627	0.12964108387377063
1.0008270861755981	0.0008127528427395036	51.44669650478945	0.13072861769659871
1.0019094071780645	0.0002702432912525416	51.87138819859283	0.12082482921953262
1.003258525488717	0.0010776203757731813	51.77172942805842	0.1269870817850695
1.0048719554076024	0.0005368121895220567	52.13640452344911	0.13956201650758013
1.0070139134443834	0.0016025133847465893	51.97716817624499	0.12528686005039413
1.0091453588194084	0.0005315559275736072	52.151176540346235	0.13680024171160962
1.012059120161272	0.0023760070116437496	51.86575327043073	0.1379777089430372
1.0152156308227365	0.0007862668262673223	52.15575163745814	0.13495863681775802
1.0186094914389112	0.0026004878991057107	51.91580318567192	0.1320024704059251
1.0237795709496613	0.002569713805333797	51.654963404935984	0.18876897824933012
1.0276171367769962	0.0012735535072891336	51.96923690027054	0.14095518356121495
1.0329333897534156	0.004025788190547666	51.567736499231835	0.17884741373635596
1.0389304746211359	0.0019852894788102934	51.867795447921516	0.13892422695014564
1.0499565676484535	0.0012097002358821664	51.84901765029458	0.14043296521474735
1.0535705894215779	0.002399350745086414	51.65199972270311	0.1380362569890579
1.058342973167583	0.0023731290490288433	51.57711109943733	0.13263173915867021
1.0656380589013414	0.004900558348363	51.20700135310022	0.14342922618391146
1.0707418695646058	0.0002306335368308533	51.778289248081855	0.13965997653996262
1.0730421024555477	0.000688245659123724	51.54632945992449	0.12963116748041503
1.0771520674364785	0.0006817631381703501	51.41696855334999	0.134185700860805
1.0789663078637974	0.0011315350866764433	51.26560792763364	0.1332982788874143
1.080322031488176	0.00022560166324683912	51.538587028892124	0.14099963445053465
1.0807730008334269	0.0002253675211289831	51.54212850522959	0.13890986818955933
1.0814485776964757	0.00045003443596307666	51.269176889593595	0.14902131050836614
1.0821231052822697	0.000224668002141181	51.4468566827974	0.12361726744549176
1.0827965865108773	0.00044863973745212733	50.98585286101015	0.17103553292096238
1.0836929404896245	0.00044771473075481483	51.03939038890843	0.13223611743330116
1.084810787491525	0.0006698457340272967	50.77496322990544	0.1489212581925283
1.085702998069871	0.00022282367390353625	51.04138264861804	0.14152367994358755
1.0863709551862906	0.00044496245648994445	50.88241022245673	0.13597850024921543
1.0872599697035503	0.0004440525359276662	51.10576952484547	0.12940710985544465
1.088590088068481	0.0008853892239832831	51.727303636408635	0.12609935780919887
1.0901367618777627	0.0006616812396867055	52.43277285010828	0.13363438052118512
1.0910181088871358	0.00022011326698015546	52.46496760413941	0.1311890322385826
1.0925561747200114	0.0013160106512949093	51.76001410013625	0.13352110073369813
1.0943073204565175	0.0004369049889230049	51.67760421238899	0.1381100979761778
1.0960514335284535	0.001305461731883233	51.49569052283858	0.13163227488643525
1.0997345795999642	0.0023731349435518515	51.317127262904144	0.13855556362890556
1.3231950750978947	0.003229390076723486	50.4839976608493	0.14192225689420804
1.3282069131785308	0.001797770587765688	50.60558669516566	0.14192225689420737
1.3328269365940548	0.00288939879437695	50.3920002679292	0.14192225689420798
1.338101801896537	0.0024109797048252938	50.46555643184801	0.14192225689420754
1.343347435163945	0.002825573970369114	50.4004886389367	0.1419222568942078
1.3484214426756245	0.0027170162836764825	50.42159273781944	0.14192225689420748
1.3547399042578194	0.0031041718463624924	50.365454637696295	0.1419222568942075
1.3610929860975685	0.003490633597906784	50.317244414578326	0.14192225689420743
1.3676288761152118	0.0028637101406585484	50.40560206065341	0.14192225689420768
1.3743103880857601	0.0038525115980159487	50.27426922478673	0.1416008836134301
1.4195788799670688	0.0031970255128392364	50.280809930374595	0.11223840098856804
1.42654175850176	0.003362191322929114	50.246364731730026	0.1127777957047107
1.432628612722411	0.0037238701940418696	50.206480588685736	0.11223839957423949
1.439850577206697	0.003388882087378532	50.223162787210065	0.11450347776987703
1.4458765248101162	0.002197334846201641	50.412687386942565	0.11277779455479696
1.4509656033725464	0.0026401975661400926	50.32091715456852	0.11277779380165202
1.4555490649015206	0.0024484570891554792	50.35451760788392	0.11223840374506386
1.4605454930480326	0.002394600276280578	50.354493008041715	0.11277779488561655
1.4651643478534424	0.0021646598923470038	50.40733224965896	0.11223840046961145
1.4698956189750176	0.002467791365246299	50.34871084601768	0.1139096042780501
1.474566800792472	0.002232063490821642	50.40015616159795	0.11223840104199762
1.4787287846337904	0.0018456929546616881	50.47315948027716	0.11223840123543502
1.482239179105092	0.0018174216773422535	50.474346489640205	0.11277779386277671
1.4857746455836502	0.002015549994128864	50.43591722981371	0.11277779134658988
1.490914911304333	0.0026382497942012712	50.328612633475785	0.11223840710724076
1.4957610838113167	0.0020737442330177225	50.414391913882504	0.11277779808084339
1.4999661577010273	0.002339185577281931	50.34462647897645	0.11333462482255692
1.5044666146794163	0.002419142474436388	50.326524726993476	0.11333461775853541
1.5091899168516714	0.0024244890627453993	50.33320359554206	0.11223839812953074
1.513737675911355	0.002189248357719968	50.366358012960916	0.11333462738290322
1.518970202845032	0.00260467407863573	50.295159135421734	0.11277778811321786
1.5266421115712119	0.004815403289284628	50.03839522368825	0.1127778056756328
1.5350922781518814	0.003715149816935727	50.13882042524297	0.11277779464807339
1.542798204926126	0.0041884354947910605	50.07476508641561	0.11277779552674914
1.5503277400669566	0.003281307207099974	50.18643102929424	0.11223840767437618
1.5558762910342685	0.00313210371266693	50.219716709592454	0.11223840097908531
1.5634402942088232	0.004340756825416973	50.09033990110797	0.11277779792569807
1.5721670442953608	0.004497927969429674	50.06174921057212	0.11223841362823078
1.5823829974141874	0.0045602163165595275	50.008922251250894	0.1133346244575019
1.590151908632054	0.003970228104248119	50.053819725721524	0.11223840175763312
1.6002341576042098	0.005891083367021978	49.88706347036372	0.11223840310386206
1.6122505918707117	0.005707118474937992	49.697659150058364	0.12477251992536895
1.625119445485464	0.007762153190039967	49.75404992151602	0.11223840636460178
1.638273928300156	0.005328364495395352	49.89482781414167	0.11223840969882673
1.6488842636089658	0.005749592027834272	49.70150739531931	0.1207795780005664
1.661025464239265	0.005777697811616166	49.70274764646045	0.1183075814412367
1.6732196827526715	0.005829417473238643	49.60086600039652	0.12121528801800444
1.684890224459586	0.006204767640558158	49.54578459627018	0.12121529729286885
1.6969212812387033	0.006302502073372904	49.51369256734702	0.12353160111173996
1.7095270050391689	0.005628129261871683	49.567318886450785	0.12121529591605147
1.719522906152816	0.005270953689062679	49.58449967731489	0.12121528032803479
1.7332148251800066	0.007107923168961882	49.44007627536939	0.12121530164089361
1.7441291136392276	0.004742103457776602	49.597548913848506	0.12234690685792877
1.7534106856094753	0.004263493698054452	49.66340764751414	0.12059030653471474
1.762432375003726	0.004085546037399565	49.649113183384884	0.12234688754429407
1.7702466139883952	0.004700286364605277	49.76904950976106	0.11223839574459854
1.8055051059318548	0.018638076827994576	49.43930120146914	0.13177571659393567
1.8330135665553773	0.012495388232292338	49.5830846169877	0.13249033332869406
1.8589073480123994	0.01177309409744346	49.58299418248734	0.132809723667751
1.882243407795069	0.01338737365118035	49.50477129418889	0.13280972159534174
1.9077270232665338	0.0105213372076713	49.57624206117048	0.1345863526570444
1.9282533900338181	0.012042433923553421	49.476433574223734	0.13493845455375417
1.95378686448115	0.013247054988015162	49.42000843202858	0.13313263251340063
1.980914774069057	0.012445609593664283	49.37896958045502	0.13529463775500802
1.998549479701434	0.00853588358624079	49.51813411321635	0.1352946392422614
2.0155352612685116	0.008207824457324748	49.53685523396446	0.13217446224918977
2.037957834885767	0.012471943346326923	49.299189875223426	0.134238265651628
2.061044665356845	0.011826846232218453	49.29946702387216	0.13458634358638208
2.0815723191981625	0.008460486617829327	49.436310451061374	0.13355402143513215
2.1036508788305497	0.012061686664634431	49.27495245294888	0.1341231122179258
2.1258034105908346	0.008914619128460357	49.41888614748594	0.1321744763368994
2.14143801436541	0.007371054931262263	49.58079759860651	0.12753395871502268
2.1595596742197447	0.010604720994378343	49.397483121269225	0.13117800935384524
2.1763626083190557	0.007934939050472592	49.45982123346235	0.13280972248532075
2.192371412108357	0.007647769524400225	49.43446376728231	0.13177571897299817
2.209674997121036	0.009448958117889417	49.307930433677534	0.13022595877583965
2.229010335909587	0.008033471915855307	49.323828524460865	0.1335539985111542
2.2440992216019806	0.007758767584672697	49.35371721216595	0.1324903350748286
2.25906726433891	0.007496289518631908	49.316598806478595	0.13389417043614293
2.274350553556478	0.0072370748126224975	49.308226979303065	0.13458633837164316
2.2934102084570354	0.012120997535456387	49.11803467773031	0.12967392530884364
2.3153765875420627	0.009876909403325074	49.188328898317366	0.12940208345595683
2.329664781642455	0.004778624225265878	49.42683749132754	0.13423824877676055
2.3418331455992307	0.0061952497478933955	49.3057799049207	0.13389418130621414
2.355781258530925	0.008249304613205732	49.186564300414865	0.13280970007402831
2.36984700473161	0.006534493290759552	49.27178245092929	0.1328096963762799
2.3835909823629864	0.007737623908844756	49.191738750535436	0.13313261056626807
2.3967941323562947	0.005458808158256646	49.344937185891766	0.1324903406555475
2.4093232889576317	0.007955626189658787	49.13959038767447	0.1356549866665976
2.4305174733253	0.010102184884527955	49.05559634192961	0.13117800645402367
2.4428181948046195	0.004296234801099309	49.41492412088904	0.1305928392373289
2.4513882136743526	0.004813974113871716	49.30478890324373	0.13423827439348518
2.465298252460335	0.006993577715000697	49.13301881462884	0.1335540165629185
2.4756643797246243	0.00512146891863312	49.24677137176046	0.13493842656835495
2.4864920231608734	0.007770414319222676	49.05745304381511	0.13423825556566055
2.503744307052023	0.0069344339460407165	49.089172511744536	0.1342382516113937
2.518367916713455	0.0077364149237581295	49.031582376988155	0.13458633575919138
2.5330352741161537	0.006980930225793177	49.05749815736186	0.13529463888221874
2.543635085177808	0.004379492994192776	49.2599883777264	0.13423827138307368
2.554399051208482	0.0052217406092676085	49.18499889255584	0.1338941807344566
2.569143385570995	0.0078005521339348325	49.08983546344675	0.12753394620400035
2.5830587821521886	0.0071100720820241325	49.084102596402175	0.13059282650176868
2.594994743901582	0.005620313987682681	49.136684022037365	0.13186202944003653
2.6043776110754404	0.006346438262912471	49.0369963046506	0.1338941862089095
2.6230679733835336	0.008915967869127394	48.89293337171422	0.13249031395226574
2.6357974790899537	0.004722649820125335	49.14168951652889	0.13389418637112296
2.6458326040894242	0.005384135329602123	49.066980243488494	0.13529461510167973
2.657138351406502	0.00711915784975769	48.9394549747621	0.13423825307756976
2.6686485341753325	0.003649046727114545	49.21268580698822	0.13423826682907605
2.6787419558251235	0.005704148587831722	49.069384260389484	0.12940207053585634
2.690045657359007	0.005557597985307651	49.04995962717449	0.1305928276017149
2.7020169951055752	0.006758219592681021	48.91322767983372	0.13355400452250002
2.7154867898738937	0.007862141639223212	48.823882935488854	0.1356550141802484
2.730435024186397	0.005064047394558137	49.026273764422186	0.13249032587394144
2.741556098391813	0.006787039389981225	48.864253458540595	0.1335540211247684
2.7530436857485503	0.00510757620145932	49.00081243684703	0.13280970497211875
2.763519709867432	0.005279213268872511	48.95657715804655	0.13458632591375366
2.7763735693662035	0.006548972829343675	48.84666203591878	0.13458634904799294
2.7887058226881516	0.005812057252530285	48.903453787539014	0.13249033024640158
2.80453234388993	0.008272635687109649	48.73739343756358	0.13280970335871006
2.820023204484574	0.008497709850476877	48.69490457704368	0.1345863098958015
2.834358106398814	0.007225340095829868	48.7719650202268	0.13313263530620326
2.849323806274297	0.0069805974491006124	48.749709317357706	0.1356549791236804
2.875148837282146	0.016782006876156927	48.62993487629144	0.11704323961000036
3.3396004870604292	0.0031136835520933054	48.04372270613144	0.13381899576502504
3.344692835067181	0.002615777474175847	48.111823575441676	0.13408637297389978
3.349901741318697	0.0022805307109839777	48.16436831407665	0.1335540060615243
3.3564743287634355	0.00426792656847853	47.862675319436335	0.13435614102598664
3.363360742611083	0.002947909977261121	48.04152989099753	0.1323509132296484
3.373603608823501	0.005470281574986201	47.972206805785895	0.11864817438119635
3.6241282989602315	0.003881124205852221	47.64045199716844	0.13451050214259694
3.6354187422914803	0.006696344070068004	47.45193789069989	0.13007399154778526
3.861551939843249	0.03533430289330365	47.20666525285908	0.14578420194814606
3.8727231451417987	0.005975749092123727	47.1683140572478	0.1464029455649396
3.8906341313150277	0.012081269490388055	47.078423896569774	0.12768205090491277
3.9619264978273474	0.008283665850384798	46.925302977223225	0.14835213800267436
3.9798072410710637	0.010640819780842158	47.04336735418573	0.1288734276983534
4.060385224663146	0.04041908466142888	46.799737993862664	0.12089194457989554
4.179869739090353	0.029494774030603067	46.84887856325625	0.1227384894055543
4.345634480170126	0.14580071663425315	46.17804380823863	0.13569922413836535