1.0187062938663733	0.13437575813630093	49.140162509593836	0.16671893131203203
1.1360590078358168	0.0002764358114553298	50.55103481063663	0.17056127333185675
1.2204587515600358	0.07647752727812604	49.36631833246408	0.17996873668848126
1.292061169425525	0.001158092883107396	50.425332434961724	0.17903189002696038
1.2995242795877675	0.002086996483699642	50.327154753879086	0.1749892671218433
1.3138929184759738	0.012114467490624583	49.98935541231633	0.17290092433635593
1.3272677261559298	0.0014238871562170044	50.409089833141884	0.17801304392653794
1.3392051907130833	0.010389613012059937	49.992205248947585	0.1740811455904557
1.359502624107749	0.009915210484721519	49.793268256293366	0.20830151658756532
1.3702746521950642	0.0009672303377258512	50.44434618401866	0.17908229197433514
1.3725256791005227	0.001282973303866518	50.231454260366334	0.20663026847760937
1.3744458877623364	0.0006386566157609458	50.51356044402044	0.1789687020418395
1.3910488418169185	0.01567489504948752	49.87113596776396	0.18136836613258037
1.4067440319302298	0.00029644168659339264	50.888502059174975	0.17388290543735585
1.409256504701208	0.0007368291713325937	50.69852994785901	0.178305683730651
1.413655129210753	0.0036470203885575333	50.31913400160832	0.1869827356043672
1.4180096498423496	0.0007221271378290831	50.780047275146934	0.17513027201969322
1.4230353484312295	0.00428291265992722	50.404465825766934	0.1799910508466687
1.429412664141134	0.0021102402709919027	50.614727424061506	0.17331766373849075
1.4338913372347466	0.0023670688807813107	50.57171775185187	0.1754726497832287
1.4366672338166344	0.0004150566081338404	50.935031121374784	0.17817510853963003
1.4436664905928809	0.006534736173891212	50.399163096002574	0.17037450612889254
1.453359613985556	0.0031952507061331083	50.57565388008365	0.17873876960144
1.4636219686348892	0.0007801580489776238	51.09028565667523	0.17635834637110212
1.468535073929976	0.004114037217049559	50.76281603281849	0.1897064267465817
1.4746626972562853	0.0020281991537263885	51.09594049670583	0.17913457046122463
1.478825840179915	0.0021344028540862736	51.06704269278768	0.20100279994512169
1.4825761936429624	0.0016181563075051168	51.26942351367789	0.1747237774211175
1.487895843314407	0.003688745758835045	50.80401524056748	0.20296863025810957
1.4930296243469445	0.001458159170354962	51.017201160127634	0.17815967031610003
1.4988234416289912	0.004316506218513212	50.67826243948073	0.17322690294503904
1.5039489043027567	0.0008294733696068431	50.89837429886849	0.17562413999735946
1.5053685358747473	0.0005905474250835918	50.91967333482034	0.17884608040980254
1.5083112805073582	0.0023462377975221197	50.63490568901394	0.17404721220467145
1.5112342195338417	0.0005826249740156778	50.937478193766644	0.17045109690123633
1.5123979089695976	0.0005810659235899362	50.6471449048461	0.23482023069943905
1.5135584887754696	0.0005795151944611696	50.96877721424824	0.16727185727130955
1.5149471028520416	0.000808731294734443	50.500587163804155	0.2541187571647069
1.5162161104945258	0.0004607837900495156	50.966591834162614	0.17607681012458948
1.5172516385123267	0.0005746080124568768	50.83921589572438	0.1928304118943723
1.5183993367051212	0.0005730915162046605	50.93514746914612	0.17948836950381772
1.519658311427904	0.0006857191067347996	50.814459607060755	0.20239976077844474
1.521027588786752	0.0006835605229629084	51.00527672276349	0.17468927093884318
1.5230734440426774	0.0013606960177602908	50.86651870779587	0.17766527801097942
1.5255609161323995	0.001127437291611864	50.95155502140658	0.1793390972972232
1.5270241169757366	0.0003370935552552293	51.23709484569482	0.17635701766771059
1.5296008417480644	0.0022339963833039648	50.85191001184012	0.17155335881922826
1.532273397352271	0.0004440582118312595	51.14437111177955	0.17729036918815405
1.5337141939264252	0.0009958217951746787	50.964375631856534	0.17747385498347526
1.5366914309544177	0.001978036885786049	50.814967987055596	0.17112813674950222
1.5396483969281067	0.0009823074193573724	50.903623164416324	0.17042777325733052
1.5423684924836554	0.001735420814104668	50.68050823790949	0.17613849887849925
1.5462557404792874	0.0021499460744395264	50.50907700239516	0.1799671694097863
1.55053448576379	0.00212886843005347	50.43614309587169	0.17542371986732538
1.5568745866540539	0.004196031274113279	50.453386836189786	0.17029657300531248
1.561673411879032	0.0006224882386910978	51.022899372105115	0.16995398168479606
1.5664197905408814	0.004104814280612149	50.62004535623797	0.18916737594166919
1.5725337730711204	0.0020237158556592216	51.01975019859621	0.1784919828437655
1.5751566673259394	0.0006034591751833181	51.37139619182103	0.1773576914014281
1.5773637333427586	0.0016010672021042577	51.215382763835564	0.17412883934350468
1.5815463290960894	0.0025767977384198865	51.160307414770834	0.17410180193873193
1.589403432975402	0.005255858186930089	51.02083057922768	0.18912066453574825
1.5957802142708282	0.001150944398342944	51.51210093138764	0.17603918359594134
1.5993145390938108	0.002378366512457631	51.11795129280724	0.2321815009107079
1.6023482278844459	0.0006613070062750304	51.592921786553404	0.17770613643541786
1.604703639696353	0.001691305951795414	51.11998140529533	0.2276058793494211
1.6073266231680543	0.0009339565852026074	51.441993930929485	0.17565798226355944
1.608539072697025	0.0002794058493381771	51.674085677979235	0.1789788493157742
1.6103050477180505	0.001484117365363609	51.14091645778436	0.20433211175116667
1.6121562434122876	0.0003694511814320659	51.556392946860605	0.17838460934793562
1.6132631850653298	0.0007370214264227599	51.42018063653865	0.17304843808458814
1.6156519232762891	0.0016492021549145484	51.19614750794079	0.19044602099576305
1.618937865202178	0.0016367711129967601	51.39554049002683	0.17941670814357408
1.621386108138487	0.0008137850610172652	51.63342573502173	0.17638147171670504
1.6243597828588268	0.0021552853187361103	51.46921152578891	0.1757011595389196
1.6276698679512216	0.001158582051247041	51.21904531598565	0.16566507053357865
1.6297148447764978	0.0008870303242562507	50.85778189248374	0.1792024861809604
1.631131779311317	0.0005304846024631518	50.85086336494334	0.16913812335631798
1.631926778158869	0.00026475720540733726	51.12248834501175	0.17214200637316132
1.6327203243342494	0.0005285477614655451	50.85997883250805	0.23404445718118147
1.6334244835014173	0.0001758971585617521	51.52748016929508	0.17556892869299284
1.6343908419519524	0.0007897779042800915	51.42380401659219	0.17302189464266668
1.6354426045476065	0.0002626225185745873	51.918261966191245	0.17023662308096127
1.636579147033354	0.0008731204589760997	51.83650434784051	0.1741670486883322
1.6378868569129161	0.00043524767430375085	51.79786865205456	0.17718712460124125
1.6385826954585283	0.0002607305201388869	51.87068263475012	0.1730770806792676
1.6391906408963772	0.00034715439050271075	51.78426898460942	0.16636901386112457
1.640577043244307	0.0010381437999070781	51.31919658055656	0.17239015558457302
1.6419590337398586	0.00034494850682254013	51.45466086227677	0.17940617943926715
1.6426483834151109	0.00034440140910347146	51.46277635658021	0.18980353432445563
1.6432506680841532	0.0002579430901732417	51.67181010259874	0.17665049593816373
1.6439379721070149	0.0004292253307916284	51.56307895858847	0.18311174148462164
1.644538472263046	0.00017145289995453697	51.896390597140076	0.17489394996686577
1.6455659732323669	0.000855238687866475	51.52469114083823	0.17530210901346865
1.6469322038858325	0.0005115314713014027	51.515266709919686	0.17233106905177323
1.647869000465538	0.00042535771630796055	51.447246349031616	0.17499979998974097
1.6485490401239955	0.00025481531488099745	51.437883508214185	0.17773569692591584
1.6493975950055704	0.0005934084916739475	51.19188077426285	0.16741197637922509
1.6500752472148557	0.00008464046966153891	51.38234149979807	0.17746117341131168
1.6504982434120639	0.00033823228507906484	50.842390971242736	0.21752302090375095
1.6511741817400265	0.00033770626793846174	50.9414021934136	0.17212561740000637
1.6516804459670962	0.00016865641377350287	50.98605836833388	0.1748688938262943
1.6523545481313027	0.0005051844963899499	50.607767476654665	0.1780001434241317
1.6531116645723059	0.00025215228142010625	50.75307541370858	0.1695900090090855
1.6536996217656708	0.0003357481909604478	50.6520159718749	0.17719180653464536
1.6547057000535303	0.0006699426066674793	50.71700103525237	0.1657632364459528
1.6557929946001206	0.0004176671525540964	50.95642265640754	0.16340429501914677
1.6562939060691757	0.00008343713932173341	51.27609146576137	0.17340622457891236
1.6565441455138858	0.0001667781537782146	50.914813761224146	0.19177425545686386
1.6567942406058724	0.00008334106984323276	51.14075811712741	0.1734886681236948
1.6570441920079146	0.0001665862359864101	50.67603243953222	0.22573292404554587
1.6572939993889844	0.00008324522133899606	51.04797066341903	0.1734271284530374
1.6575436634107048	0.00016639475938072315	50.625624614972025	0.2295774444565749
1.6578763254208522	0.00016626735269458813	50.916532890214796	0.16950795777112543
1.6582087329364963	0.0001661401409196937	50.79535172877549	0.19118916999437338
1.6586238847330999	0.0002489720995978955	50.89824698960189	0.17077078535400042
1.6589557208211063	0.00008292731248279175	51.346104324491755	0.16981767718684582
1.6591215436265465	0.00008289565512757858	51.33270280862604	0.19288551945013616
1.6592873033884532	0.00008286402188630226	51.56376512187174	0.17612311380571724
1.6594529999079863	0.00008283241277850336	51.35062775209872	0.2448618812171559
1.6596186329866127	0.00008280082782362313	51.82525510214279	0.1684129455384107
1.6597842031661456	0.00008276926689996542	51.62946368628258	0.1703823909832328
1.6600324400187787	0.00016544394124917366	51.171632167326855	0.17440880784747212
1.6602805350636356	0.00008267472837071262	51.15496877021647	0.16334532922554126
1.6604458528938866	0.00008264326353230037	50.912624992682396	0.16343612360017448
1.6606937120753213	0.00016519222217073606	50.539384279333106	0.16581386954349184
1.6610239708464365	0.00016506664967505123	50.46028979115779	0.1824920512991464
1.6613539787863438	0.0001649412678980206	50.56176934631145	0.17296233113564044
1.6617661363361	0.00024717721244769665	50.560913319546934	0.16769479086494563
1.6620955809800673	0.0000823299270865174	50.86333430936741	0.17776068374369874
1.662260209715584	0.00008229872405784386	50.79603625047001	0.21407247079550598
1.6624247758234796	0.00008226754471853859	51.08677097846345	0.17891847364751762
1.6627537214081343	0.0002466157703977637	51.12724100702133	0.1713491793353787
1.663082418111274	0.0000821430631143306	51.5126142977498	0.1791623506621799
1.6632466730154134	0.00008211200158729117	51.56212891656157	0.18603505895501932
1.6634108660646627	0.00008208096349631303	51.52766663014433	0.17453429380606078
1.663574997061161	0.000082049948861079	51.343198151433036	0.18053651713664137
1.6637390658073523	0.00008201895770117464	51.306025307465625	0.17604369118378185
1.6639030728390345	0.00008198798989770015	51.20236508487503	0.17856662287514583
1.664067017958453	0.00008195704547035616	51.096568531055645	0.17691034240824183
1.6642309009681815	0.0000819261244387417	51.062387463721116	0.16750911850610853
1.6643947224033016	0.00008189522668428669	51.00626839428202	0.16928570691588896
1.6645584818222046	0.00008186435227269558	51.019915713176225	0.16653553950843453
1.6648040055955617	0.0001636361684206145	50.715687837080566	0.18680125745064688
1.6651311546143905	0.00016351294959977982	50.83698791438293	0.16699623869619426
1.6654580575028664	0.00016338991616224403	50.96849934943409	0.17853234703576965
1.6657030732586284	0.00008164888126590459	51.4206009593548	0.16237355033178952
1.6658663404158676	0.00008161819223834544	51.31917766641642	0.18379110119214392
1.666029545974937	0.00008158752631771241	51.50848560145905	0.17603744273190727
1.6661926904683229	0.00008155688338662984	51.504734026502334	0.17527546138505964
1.6665187955505243	0.00024448699967069467	51.209565047289836	0.16574034435234766
1.6668446557873275	0.0000814345415876321	51.22015409402866	0.17395049726321754
1.667007494425899	0.00008140401344439911	51.29882989936047	0.1604881890076191
1.6673329884868553	0.00024402907740904908	51.02302346517145	0.16004822518568232
1.667658238860681	0.00008128212946162237	51.117578837156394	0.1678856428032022
1.667820772546852	0.00008125171550779281	51.156128375924766	0.16343692904213306
1.667983245669989	0.00008122132426062199	51.04718972278199	0.16592962924779908
1.6681456580333263	0.00008119095573992745	50.66588810653032	0.2138380039647307
1.6683080094404195	0.00008116060996542716	50.868492459804635	0.16749320581461205
1.6684703004204897	0.00008113028682123925	50.64710606775168	0.18203513898209991
1.6686325305351957	0.00008109998637232776	50.65416297253037	0.17045750143412963
1.6688757624995876	0.00016210915608948085	50.29860446245388	0.18024981995748837
1.6691998597833642	0.00016198822538402997	50.373094069293295	0.17787943173421558
1.6694427743042664	0.00008094882281244575	50.784055464642506	0.17087504351902602
1.6697664488825665	0.0002426655452440176	50.94920333864445	0.16255458451132831
1.6700898824096415	0.00008082829714313468	51.46518360603342	0.16563338617589293
1.6702515090115198	0.0000807982217613247	51.52497249786105	0.17671678768946467
1.670574581714327	0.00024221441436613917	51.40087585174285	0.15869601213875142
1.670897414100925	0.00008067814380562941	51.366380343556074	0.17088723960335317
1.6710587405076043	0.00008064818004035714	51.195978557938744	0.18077890749922765
1.6712200070089736	0.00008061823852383425	51.17933824346052	0.1771916001672388
1.6713812134093329	0.0000805883192758566	51.06241056865051	0.1884523893637172
1.6715423602335366	0.00008055842218252372	51.04423920093949	0.17333851275162243
1.6717034472857042	0.00008052854726373647	50.90791941825046	0.17948649402892566
1.6718644743702502	0.00008049869453930245	50.65859553487683	0.21941133437159144
1.67202544201135	0.00008046886389562859	50.81731376260961	0.16925003985265497
1.6721863500132323	0.00008043905535262852	50.59322494016907	0.19350656679224354
1.6723471981804405	0.00008040926893011827	50.62066514983093	0.17161566489282248
1.6725079870364674	0.00008037950451481237	50.39057147479082	0.2176263700389304
1.6726687161462006	0.00008034976217093732	50.7331429859433	0.16232127663095267
1.6728293860326835	0.0000803200417854108	50.47764188545071	0.21052742306852706
1.6729899965003414	0.00008029034337816326	50.83369223550524	0.16330535019881046
1.673150547353918	0.000080260666969028	50.65586133814105	0.18248318436484096
1.6733110391157753	0.00008023101244522817	50.90791473970336	0.16016373822927593
1.6734714715904622	0.00008020137982670322	51.03856234019521	0.16081291258246844
1.6736318445828335	0.00008017176913329796	51.15000897717569	0.16119812406279557
1.6737921586145788	0.00008014218025253828	51.235607425001334	0.1606573059106768
1.6739524134903638	0.00008011261320437386	51.22331608632775	0.15927467914324128
1.6741126090151697	0.00008008306800865772	50.81573539649511	0.18151938562307648
1.674272745710008	0.00008005354455321872	50.77600306755786	0.16581566304871453
1.6744328233796681	0.00008002404285801503	50.97503116811708	0.1617963360980606
1.6745928418292426	0.00007999456294291062	51.10102736703694	0.16515644597331397
1.6747528015790711	0.00007996510469603537	51.301919117881994	0.1642129579814884
1.6749127021958425	0.0000799356681812029	51.41807834774478	0.1640055175853441
1.675072544199449	0.00007990625328674308	51.40410780913361	0.1799197626890499
1.6752323273948793	0.00007987686003262885	51.803337750306085	0.15653636530444678
1.6753920515874248	0.0000798474884387393	51.66517621855896	0.16486583569629973
1.6755517172963088	0.00007981813839370326	51.5740813344792	0.1619236452599045
1.6757113243266482	0.00007978880991750072	51.408686672005764	0.16247982553762907
1.6758708724838496	0.00007975950303002022	51.40910007346085	0.16352025856101188
1.6760303622864734	0.00007973021762018767	51.75205162386383	0.1542834848375758
1.6761897935397438	0.00007970095370799345	51.68030330353517	0.174888921702717
1.6763491660491983	0.00007967171131333238	51.294331704432764	0.17914587718411487
1.6765084803327281	0.00007964249032542765	51.137989200603556	0.1597103037319675
1.6766677359584137	0.0000796132908077719	50.55974402829255	0.19011750418826723
1.6768269334437076	0.00007958411264978463	50.783240801326905	0.16253600516084554
1.6769860725940335	0.00007955495587146937	50.94734426959567	0.15691243054971463
1.6771451532151287	0.00007952582049273453	50.87646259693352	0.16366907839551134
1.6773041758237792	0.00007949670640329483	50.645372614921776	0.16161405748751106
1.6774631402255322	0.00007946761362316064	50.305510760923674	0.16480202033843672
1.6776220462262377	0.00007943854217224966	50.01029228606262	0.16661672267909447
1.6777808943420223	0.00007940949194056921	50.565412110608044	0.16771956570524102
1.6779396843785521	0.00007938046294813771	51.14598023098695	0.16805961011424522
1.6780984161418024	0.0000793514552148789	51.72562066443307	0.16362739624615913
1.6782570901472387	0.00007932246863109302	51.516588641720006	0.22840678015797433
1.67841570620065	0.00007929350321680482	51.526665971294946	0.16731520938630623
1.6785742641081234	0.00007926455899194678	51.39867659252811	0.15706920451531373
1.6787327643844672	0.00007923563584711012	51.212667927410266	0.15644663133560502
1.6788912065995427	0.0000792067338453769	51.00578828738078	0.1605780711925722
1.67904959126772	0.00007917785287753158	50.902023856331695	0.15563971389548753
1.6792079181949886	0.00007914899296361019	50.720009234658235	0.15506376828085433
1.6793661871876349	0.00007912015412355688	50.19071841472219	0.1849300171746794
1.6795243987593762	0.0000790913362484451	50.51644670934544	0.16262591990067185
1.679682552716329	0.00007906253935831586	50.791426070789385	0.15955550507122332
1.6798406488648963	0.00007903376347312061	50.96583028639857	0.1622882015178474
1.6799986877181452	0.00007900500848422	51.16048683746823	0.16295978479801587
1.6801566690823024	0.00007897627441166335	51.16687563186116	0.18689712503392786
1.680314592763901	0.00007894756127540639	51.63194757990588	0.1582739820789935
1.6804724592753544	0.00007891886896709712	51.36926787551637	0.16826397646430913
1.6806302681878995	0.00007889019754949861	51.28910129433953	0.1642069937964724
1.6807880200135206	0.00007886154691444863	50.945005670996046	0.18938408546788868
1.680945714558643	0.0000788329170820063	51.053869113717084	0.16504983008483612
1.6811033516300011	0.00007880430807213752	51.034252187893145	0.16596512363776583
1.6812609317389262	0.00007877571977696546	51.08287835254051	0.1599196992097116
1.681418454691969	0.00007874715221655412	50.69322109384507	0.22532608789883707
1.6815759202959752	0.00007871860541087658	50.89733781367422	0.17806453066167413
1.681733329061634	0.00007869007925233899	50.6409624461961	0.25227535402124496
1.6818906807956118	0.00007866157376101132	51.08844693628608	0.1657954325249632
1.6820479753048827	0.00007863308895687072	51.09833705554726	0.1707644317680309
1.6822052130994873	0.00007860462473260662	51.159213842413045	0.16922097801198158
1.6823623939862162	0.00007857618110829333	51.052570308607756	0.16186569626893874
1.6825195177721557	0.0000785477581039148	50.896684691782944	0.1656958280965586
1.6826765849667027	0.00007851935561244171	50.73762699236586	0.16450327134648401
1.6828335951428544	0.0000784909736962292	50.62556058786056	0.16723182883572618
1.6829905488095804	0.00007846261224843497	50.57873767931933	0.16016065239257835
1.6831474457738722	0.00007843427128914127	50.52569118336136	0.15569582465193219
1.6833042858430163	0.00007840595083834043	50.72726538288254	0.1603745873367603
1.6834610695253407	0.00007837765078946958	50.93696125566346	0.16660818986358636
1.6836177966279673	0.00007834937116261409	51.29190637291681	0.16276174972632282
1.6837744669582968	0.00007832111197777166	51.191533952238196	0.16808483267339017
1.6839310810240244	0.0000782928731286571	51.083522534030024	0.17276959248161747
1.6840876386323786	0.00007826465463536219	51.205453901717384	0.15928579185051972
1.6842441395908938	0.00007823645651788698	51.096461772337406	0.1587711776057835
1.6844005844066234	0.00007820827867022423	50.99276767062991	0.1645264632410108
1.6845569726539245	0.00007818012115441221	50.77052446882918	0.1749650396148862
1.6847133048394316	0.00007815198386462724	50.748681607202464	0.17295434483591893
1.684869580770575	0.00007812386682096765	50.85925154003526	0.16381411253746128
1.6850258002550877	0.00007809577004344053	50.890367074104795	0.17149052367941903
1.6851819637989662	0.00007806769342649829	51.03227567746219	0.16754541161015593
1.6853380712097652	0.0000780396369902423	51.17929575347451	0.165104765642558
1.68549412229533	0.00007801160075468491	51.38885646021931	0.15798053024811196
1.6856501175610281	0.00007798358461455222	51.176252561093065	0.1678006226426398
1.6858060568145319	0.00007795558858994972	51.16164785749719	0.16218887470874782
1.6859619398638135	0.0000779276127008921	51.05123763870954	0.16579656898675807
1.6861177672136065	0.0000778996568423793	50.941214170979976	0.16956671029431933
1.6862735386717074	0.00007787172103451947	51.07057676394157	0.15671236073836414
1.6864292540462007	0.00007784380529733213	50.828404454597845	0.17309322425478563
1.6865849138411912	0.00007781590952608944	51.18667942428574	0.15439503513836375
1.6867405176327745	0.00007778803378242462	51.219102617101505	0.16235878423497044
1.6868960659246375	0.00007776017796179066	51.33329839547348	0.16396169696537197
1.6870515585247754	0.00007773234208430065	51.110300759557546	0.1648851272770779
1.687206995241475	0.00007770452616997943	50.90091164699246	0.16344219396583207
1.6873623765777948	0.0000776767301145504	50.720782165914386	0.1639008571751597
1.6875177023418606	0.00007764895393812787	50.434164670067815	0.170277637332553
1.6876729723420743	0.00007762119766074035	50.611127646138016	0.16177810152463162
1.6878281870808738	0.00007759346117837981	50.86707857871125	0.1653244675695634
1.687983346366494	0.00007756574451116524	51.19802274695986	0.1624580510789287
1.6881384500074688	0.00007753804767912568	51.4325589577323	0.1673770652768429
1.6882934985056084	0.0000775103705785221	51.71247257433327	0.1670850617643211
1.688448491438354	0.00007748271327067318	51.511203658352315	0.17350558231840277
1.6886034293071066	0.00007745507565201742	51.29796329527055	0.17738128075402898
1.688758311920301	0.00007742745774267748	51.263485027046016	0.163965455355214
1.6889131390866716	0.00007739985956268651	51.14321390671629	0.17768075000849234
1.689067911306995	0.0000773722810087502	51.33543245978179	0.16617184204309882
1.6892226283898297	0.0000773447221009924	51.3114644719574	0.17201082823623406
1.689377290144024	0.00007731718285944995	51.19736146121919	0.16975222747747945
1.6895318970697375	0.00007728966318109318	51.06970010771261	0.16581550070814008
1.689686448975648	0.00007726216308604851	50.90432101932272	0.1645349026783356
1.6898409456707302	0.00007723468259435325	50.97240630695868	0.16081726347798542
1.6899953876545226	0.00007720722160324288	50.94469789446457	0.16581495856710238
1.6901497747358285	0.00007717978013284469	50.897202341852505	0.17338813452104662
1.6903041067237334	0.00007715235820319915	50.95734022074453	0.1604162716445556
1.6904583841171619	0.00007712495571180515	50.74354921137463	0.17139617300267762
1.6906126064952736	0.00007709757271957952	50.7157890155116	0.1675091191710381
1.6907667743565826	0.00007707020912419616	50.74079241740043	0.1584464466496298
1.690920887510092	0.00007704286494578448	50.50782336074084	0.18441874854799567
1.69107494576509	0.00007701554020438754	50.727556066402016	0.15897640418992046
1.691228949619476	0.00007698823479794083	50.49560984877788	0.17701431857721958
1.6913828988823825	0.00007696094874657349	50.50256240870048	0.1820018360384697
1.6915367933632133	0.00007693368207033042	50.92864684351983	0.1593908501558222
1.6916906335592612	0.00007690643466740721	51.16552269227867	0.16720331166359007
1.6918444192797673	0.0000768792065579358	51.452822157386755	0.1631565933846534
1.691998150334267	0.00007685199776196022	51.636265214491814	0.1726753077539643
1.6921518272194398	0.00007682480817793624	51.813327041723916	0.1601624846529352
1.6923054495157748	0.00007679763786646874	51.82577574189719	0.1601060971834251
1.6924590177195487	0.00007677048672618536	51.82302473499519	0.16526327823944967
1.692612531640204	0.00007674335477721911	51.65561183902947	0.16322012215548673
1.6927659910874764	0.00007671624203961538	51.413918530730896	0.17279285359077687
1.692919396557033	0.0000766891484122604	51.25339847312538	0.17040415235317385
1.6930727478584389	0.00007666207391528687	51.374440026413396	0.16187090173117388
1.6932260448015442	0.00007663501856874215	51.348327164412524	0.16930389796339143
1.6933792878814116	0.00007660798227176872	51.527856629887445	0.15595238953990892
1.6935324769077258	0.00007658096504450015	51.35662653118023	0.1661296418106902
1.6936856116904628	0.00007655396690698278	51.41524199864261	0.16198889705319391
1.6938386927240792	0.00007652698775861574	51.27076554401688	0.1671691932568214
1.693991719818382	0.00007650002761953192	51.40478502572428	0.17210514739697877
1.6941446927834611	0.00007647308650977926	51.62264828246637	0.1689539986924092
1.6942976121131703	0.00007644616432901182	51.83979132606333	0.15996452363407357
1.6944504773896962	0.00007641926113743599	51.66538548014155	0.1613535481720329
1.6946032891064908	0.00007639237683487526	51.57345668415611	0.16103378445522487
1.6947560470735643	0.00007636551144146216	51.28258079841009	0.17210356891392598
1.6949087511012066	0.00007633866497724455	51.18536003722765	0.1629661015049008
1.6950614016822685	0.00007631183734229921	50.98045184939455	0.1679421437614946
1.695213998626888	0.00007628502855675682	50.752977060028	0.1775920479848027
1.6953665417454722	0.00007625823864066566	50.486280450688355	0.19899575280207352
1.6955190315302768	0.0000762314674943542	50.72706832308265	0.159003656504184
1.6956714677915496	0.00007620471513795449	50.41806348975922	0.17807549418646892
1.6958238503398289	0.00007617798159151235	50.52629155304111	0.15773089574036203
1.6959761796667696	0.00007615126675560824	50.259037240790896	0.17498072599604672
1.696128455355874	0.00007612457069013927	50.293388087446424	0.1629375196540811
1.6962806778984028	0.00007609789329585237	50.142598537581556	0.17954363556278427
1.6964328471048054	0.00007607123459287807	50.3661298800269	0.16058303491525724
1.6965849627858198	0.00007604459460126106	50.27938369000269	0.17935750038103018
1.6967370254321101	0.00007601797322199862	50.49690613249008	0.16276892114928046
1.6968890348542491	0.00007599137047521956	50.50354031405189	0.16856706109670627
1.6970409908630877	0.00007596478638096906	50.70739842599771	0.1578583017613813
1.6971928939487004	0.00007593822084049246	50.662226935310564	0.1718372560423748
1.6973447439217766	0.00007591167387391798	50.83771830438608	0.17420510774269188
1.6974965405932962	0.00007588514550128838	51.17827353617562	0.15771299750287568
1.6976482844527372	0.0000758586356240975	51.108616821729534	0.16325026426331174
1.6977999753109143	0.00007583214426247149	50.70908065785193	0.17342863906268666
1.6979516129789187	0.00007580567143645315	50.64759907609134	0.160124755454247
1.698103197945639	0.00007577921704778328	50.63909224005112	0.17182797566666905
1.698254729796256	0.00007575278115596407	50.76808062771032	0.16995863668548786
1.6984062090192642	0.00007572636366290043	50.89951445390233	0.16944519194703897
1.6985576354256804	0.00007569996458871565	51.04267535941551	0.1643395999901813
1.698709008826796	0.00007567358395345011	51.15402768167398	0.1635305533141089
1.6988603297105194	0.00007564722165925401	51.0628489326836	0.1776847410136947
1.699011597887994	0.00007562087772624743	51.26787128903891	0.1599165926141375
1.6991628131706291	0.00007559455217446976	51.236447770396964	0.16355112076751982
1.699313976045749	0.00007556824490631492	51.18555147534719	0.16700561400268776
1.6994650863246077	0.00007554195594190293	50.916721851162826	0.1676237703317191
1.699616143818745	0.00007551568530126934	50.68376274478393	0.16610109711412768
1.6997671490148971	0.00007548943288705218	50.265348899866424	0.1830548172572568
1.6999181014995435	0.00007546319875844719	50.7649299432746	0.1716789210668415
1.700069001759034	0.00007543698281825353	51.225934177847066	0.16632625096372747
1.7002198496048246	0.00007541078508658744	51.68252958130897	0.16489725259230012
1.7003706448486546	0.00007538460558348108	51.22319123458813	0.17905005630767595
1.7005213879762897	0.00007535844421197614	50.85604879150786	0.18565960419941696
1.7006720787993082	0.0000753323009921858	50.61749481731691	0.1765836539515436
1.7008227171295636	0.00007530617594414121	50.84423496848057	0.16750366877340725
1.7009733034522434	0.00007528006897112445	51.07462472805273	0.1630710944971957
1.7011238375790436	0.00007525398009324667	51.1833786539748	0.1668065675910612
1.7012743193219453	0.00007522790933053531	51.55708557743853	0.1660155133645415
1.7014247491655528	0.00007520185658651319	52.01391083863268	0.16242775571572285
1.7015751269216854	0.00007517582188128801	52.31166480879733	0.17063146264515244
1.701725452402438	0.000075149805234886	52.103770830074374	0.16109985745547603
1.701875726091836	0.00007512380655106903	51.75294616936079	0.17269319047498471
1.7020259475780175	0.00007509782588864175	51.44990003037596	0.1753310204127249
1.7021761173446237	0.00007507186315152503	51.130781448825395	0.17999093564069646
1.7023262352036765	0.00007504591835982162	51.214075201904905	0.17456445354075462
1.7024763009674693	0.00007501999153355308	51.38605157205073	0.16179228033691626
1.702626315119068	0.00007499408257687793	51.497633588199086	0.15583409523887354
1.7027762774706219	0.00007496819150989451	51.10676773315506	0.16997075184435576
1.7029261878345416	0.00007494231835262202	50.64030710378119	0.17243159773783812
1.7030760466933217	0.00007491646300945506	50.1983445110861	0.16877447584785957
1.703225853859221	0.0000748906255004906	50.48011524150958	0.17772773684697002
1.7033756091447814	0.00007486480584574276	50.88836829341262	0.17008062065255003
1.703525313031921	0.0000748390039498427	51.00847401214555	0.2038043045696678
1.703674965110061	0.00007481321987129149	51.402393109299396	0.16619911416422192
1.7038245658607416	0.00007478745351487644	51.2832138280789	0.19962417195578114
1.7039741150964238	0.0000747617049006885	51.67463742577196	0.1657646303377716
1.7041236126298485	0.00007473597404873637	51.48548822509866	0.1752511031261105
1.7042730589419823	0.00007471026086404228	51.56702235579154	0.16238201929470483
1.7044224538454096	0.0000746845653666929	51.38229400624559	0.17308126343344526
1.7045717971529848	0.00007465888757669464	51.15474030799654	0.1719719685573106
1.7047210893451081	0.0000746332273993026	50.86662799707587	0.18295939195860114
1.704870330234481	0.00007460758485460025	50.689254901715245	0.17198376406479798
1.7050195196340854	0.00007458195996258903	50.47862731261789	0.19803840131231076
1.7051686580237513	0.00007455635262875737	50.740465201161065	0.1696530759113972
1.7053177452163026	0.00007453076287318402	50.972146512239654	0.15809694894241988
1.7054667810248347	0.00007450519071586788	50.8300003466839	0.17710138567554698
1.70561576592861	0.0000744796360625292	50.747999002926335	0.18792058374708887
1.7057646995186901	0.00007445409897128173	50.57952935066555	0.1772254707485098
1.7059135822739615	0.00007442857934799974	50.42656401931266	0.17906562532384818
1.70606241400745	0.00007440307721275497	50.34831320212605	0.16543265753177808
1.706285565796671	0.00014872971359720962	50.36154954581697	0.17394456571987532
1.7065086032051033	0.00007432667559357734	51.00615151123963	0.16744999490184403
1.706657230979322	0.00007430124326888505	51.2907130451088	0.1738422918054509
1.706805808127701	0.00007427582830471495	51.01357779008412	0.19760507702172073
1.7069543344635048	0.0000742504307211306	51.04576762215089	0.1764317581319939
1.7071028098002745	0.00007422505053811439	50.6848696896743	0.23693546502331758
1.7072512346152082	0.00007419968766222893	50.9177904923665	0.17444686136407286
1.7073996085006347	0.00007417434215128757	51.040109933133444	0.15970300755222616
1.7075479319333826	0.00007414901391200422	50.78122114756158	0.1844703369627009
1.7076962047269155	0.0000741237029644346	50.79980001439285	0.17737616016113003
1.7078444266949753	0.00007409840932855359	50.712946572246786	0.17495300248177015
1.708066665170241	0.00014812100233657036	50.71918248641636	0.16307203921055274
1.708288789758525	0.00007402263181281466	51.23673073481056	0.1669119686927004
1.708436809873936	0.00007399740705871602	51.40457092465597	0.17423988231642537
1.708584779556997	0.00007397219949048262	51.304098564022624	0.18539569379233095
1.7087326986216886	0.0000739470091280799	51.496056967079085	0.16542189392562984
1.708954483128238	0.00014781851136075935	51.289407983168374	0.1713856442314292
1.7091761542120374	0.00007387154080029892	51.38362471574554	0.16528001140482232
1.7093238722481272	0.00007384641889845489	51.0507101237143	0.20523763058213523
1.7094715398374685	0.00007382131411488514	51.25248342657081	0.16306770369049875
1.7096191574542876	0.00007379622635735717	51.18606580350123	0.17044838352766542
1.7097667249126138	0.00007377115564590221	51.18238627923675	0.17378183844813916
1.7099142420267401	0.00007374610200047341	51.11269378520059	0.19356177731722637
1.7100617092703405	0.0000737210653290616	51.26159126408467	0.1793517443031137
1.7102091264575725	0.00007369604565169116	51.248530482918	0.18309554174419762
1.7103564934028441	0.00007367104298831064	51.345697198857074	0.1737038328151003
1.7105038105792827	0.00007364605724713267	51.4419937267132	0.16394539235558273
1.71072469258003	0.00014721722083047998	51.15299798415015	0.1651402643172486
1.7110190271979582	0.00014711748103143885	50.89227052639417	0.1752814526891737
1.7112396473816156	0.00007352138240459282	50.96386978930927	0.17298594418458485
1.7113866653381347	0.00007349649805877242	51.00577189990131	0.16073003379709616
1.7115336333238178	0.00007347163058920867	51.09681138467408	0.1681244551799784
1.7116805518103237	0.00007344677990470402	51.25921021120379	0.1679034949845741
1.7118274206122421	0.00007342194602526293	51.52109500497184	0.1619351705212101
1.7119742395444242	0.00007339712897081282	51.63552475514001	0.16586566088910928
1.712121009077986	0.00007337232865037497	51.27065530752005	0.17128221721387343
1.7123410703096835	0.00014667031919327362	50.591670588764494	0.17434804406190413
1.712634311973445	0.00014657131878442566	50.597573538107646	0.16926722207615771
1.7128541132198467	0.00007324857809289357	51.13859284827178	0.17229821883820537
1.7130005857517767	0.00007322387804235329	51.360204441737466	0.17728011935248006
1.7131470086820861	0.00007319919468110491	51.47820159598594	0.17077003563804358
1.7133665508836866	0.00014632440154140736	51.31409292504496	0.16472031235605933
1.71358598194164	0.0000731252442705807	51.288784682186815	0.1697740794890741
1.7138783845462056	0.0002192280808175573	51.117731897416824	0.16130609601865956
1.714170590341303	0.0000730268758273971	51.25371044029769	0.1689449020461665
1.714316619617758	0.0000730023250453444	51.384055598902435	0.1667917913395328
1.7144625995916385	0.0000729777908016621	51.61209020769421	0.16574630206924834
1.7146814778077315	0.00014588204060816062	51.74697014141209	0.1680577942201581
1.7151189035831444	0.0002914703614393162	51.296563869457444	0.1649347319372743
1.7154830888821142	0.00007280651156944016	50.905506490642054	0.1788859269642323
1.7156286773608558	0.00007278210874320344	50.89280370674209	0.1767768228361526
1.7157742172671833	0.00007275772223352895	50.88511405945012	0.17127956744325207
1.715919708416801	0.00007273335206036053	50.83091718243874	0.17056558888187032
1.7160651506256814	0.00007270899824356487	50.97328265194553	0.16074662351893068
1.7162105443598998	0.00007268466069417379	50.77021559718057	0.18751029066470373
1.716355889435283	0.00007266033943212344	50.927793407539205	0.17380704504702665
1.7165011856679164	0.00007263603447727471	50.89154405367685	0.18215981940490142
1.7166464335233413	0.00007261174574087078	51.055276420052955	0.17391184639213644
1.7167916326011834	0.00007258747327899621	51.121890471074856	0.18097646201959752
1.7169367833666296	0.00007256321700303458	51.23420103716475	0.17706029877027776
1.7170818856357057	0.00007253897693290988	51.36299094649303	0.16602073655826516
1.7172269392246957	0.00007251475308847116	50.96728468078033	0.22224422686544507
1.7173719445982558	0.00007249054538131206	51.16925746296698	0.16802896433946102
1.7175893618120812	0.00014490852825654364	50.91489879348323	0.16612648130501373
1.7178066702366015	0.00007241801917433372	51.139050694908306	0.16187223304225262
1.7180238699806363	0.00014476362093009793	51.136157074162774	0.1744450465400809
1.7182409611528378	0.0000723456379460782	51.67503833319961	0.16499277437978283
1.718385628193179	0.00007232154303630402	51.74306705960535	0.18321254261581313
1.718530247275259	0.00007229746413506696	51.99598158145706	0.17330575132713905
1.7186748182155374	0.00007227340126226371	52.05810326065186	0.17372687377573745
1.7188193408307424	0.00007224935443771497	52.040289852944554	0.17621816684024297
1.7189638155835925	0.00007222532357377808	51.909109042668355	0.20242993160871606
1.7191082422906725	0.0000722013086903413	52.024911729726654	0.17325047468352764
1.7192526207688201	0.00007217730980721891	52.121338637437944	0.16178025607964489
1.7193969514802336	0.00007215332683697415	51.83449946086452	0.18325321904374492
1.719541234241613	0.00007212935979948796	51.7179560513485	0.17484207862186293
1.7196854688699224	0.00007210540871456565	51.58338690713642	0.1672046207559354
1.7198296558268324	0.00007208147349497682	51.26441678799951	0.1868584739558144
1.719973794929165	0.00007205755416059381	51.16857825608851	0.1714099546100035
1.7201178859939967	0.00007203365073121528	50.993234047681256	0.18308045608582485
1.7202619294824755	0.00007200976311981584	51.06788200310664	0.16975133192038114
1.7204059249970138	0.00007198589138181859	50.85180068702291	0.20549618038802983
1.7205498729984112	0.00007196203543033449	51.18626791382647	0.15788416237998207
1.7206937733036887	0.00007193819528522223	51.2249306779518	0.1614415663554166
1.7208376257301212	0.00007191437096626712	51.26813837792325	0.1707089221104299
1.720981430737987	0.00007189056238678393	51.484847581805845	0.16371608742184887
1.7211251881444338	0.00007186676956662183	51.36536751799407	0.17410753635802542
1.7212688977668507	0.0000718429925255586	51.19479593489239	0.18741119120966349
1.7214125600650012	0.00007181923117711154	51.18289310414074	0.17731764722011553
1.7216997420290892	0.00021531526687673373	50.753082385258985	0.17282612126072563
1.72198673407395	0.00007172434282281314	50.87683588018805	0.17460898213524786
1.7222018539311998	0.00014337764854824566	50.73318397573837	0.16651798970044135
1.7224168670719522	0.00007165334092147195	50.80769766351048	0.17259077764136074
1.7225601501919756	0.00007162970483753338	50.72195130959552	0.17242019172273748
1.7227749861689354	0.00014318855990526515	50.63637790044845	0.16990956038181224
1.7230612689575053	0.00014309420247271594	50.70220132088589	0.16902119764627335
1.7233473630489546	0.0001429999693514036	50.76832350440004	0.17222318646576634
1.7237047159603927	0.00021432352844757966	51.07069383165524	0.1571431643096542
1.7239903865594715	0.00007139419896273687	51.39719268135187	0.16487688657356844
1.7241331515659557	0.00007137073350649066	51.31919486414911	0.17446402194061217
1.7243472110124245	0.00014267112849439728	51.155981763315424	0.17101937974998652
1.7246324596187186	0.00014257745155355238	51.16015110679707	0.16935696353484625
1.7248462730569762	0.00007125363729027789	51.26668287880662	0.17687061722470176
1.724988757032272	0.00007123026412603876	51.33320462535657	0.17006592578160443
1.725131194276542	0.00007120690629086082	51.151584341415614	0.2093170765573328
1.7252735846082923	0.00007118356380443959	51.432486802408626	0.1674059469663011
1.7254159284824906	0.00007116023658215373	51.43542797184294	0.16501067609725464
1.7255582255054998	0.00007113692467848853	51.05189873067638	0.25669238255042215
1.7257004761319543	0.00007111362800895263	51.370449134353635	0.17012548226371493
1.7258426801802969	0.00007109034659329936	51.27515735759535	0.16983340661950538
1.7259848374692306	0.000071067080451209	51.16909867313408	0.1765427333255325
1.7261269484528798	0.00007104382949838608	50.993902524491425	0.1898172629604236
1.7262690129498097	0.0000710205937545739	51.22988374640358	0.16485006335852023
1.726553002393574	0.00021292250360669068	51.38969774231873	0.16026393875631514
1.7268368062551847	0.0000709278026404106	51.8072364117539	0.1731996596017345
1.7270495376674002	0.00014178613685596688	51.49527015132033	0.19897740606555372
1.7272621647167632	0.00007085836825289677	51.93976358995882	0.16011770066393177
1.7274038584121565	0.00007083525364569026	51.80411923520066	0.17243733949482845
1.7276163121021135	0.0001416012200622717	51.41749453310001	0.18640850430072584
1.7278994222909183	0.00014150894238888922	51.39857561643697	0.1680687915851167
1.7281823480445768	0.00014141678490689366	51.13635400496233	0.18054857028990706
1.728394421337098	0.0000706738727863234	51.322131219729386	0.1686622544792755
1.7286770249419907	0.00021188369677470573	51.0911814051035	0.1607820716948747
1.7289594447008552	0.00007058198484864604	51.07456014808909	0.17741302093948713
1.729100585598829	0.0000705590502120295	51.02640795931468	0.17824325491098858
1.7292416808526905	0.00007053613044101315	51.10253085228716	0.16249272378524998
1.7293827302818696	0.00007051322555526919	51.00851969463739	0.1670731255257801
1.7295237337060503	0.00007049033557439814	50.7817465075281	0.18561675349577475
1.7296646915751823	0.00007046746041570535	50.798544631458455	0.17068096282311707
1.730016886062723	0.00028164134978382236	50.49481944147941	0.16467246592458265
1.7304391427089414	0.0001406838240439207	50.71455186531463	0.17238090907035597
1.730650117305559	0.00007030774913689004	50.984594915738185	0.16957591130798763
1.7307907099105042	0.00007028499234350203	51.116343785231415	0.16485876289889628
1.73093125722603	0.00007026225024303694	51.23174619143483	0.17332831519328332
1.7311419927438874	0.0001404563294155183	51.126097059003364	0.22271023569416049
1.7314228146371835	0.0001403655374196929	51.83016974123063	0.16767377149009952
1.731703455063798	0.00014027486272525969	52.15326800287071	0.17790826422216807
1.7319138163066798	0.00007010346679447196	52.135560349603615	0.16845636369527844
1.7321941397651754	0.00021017469542155106	51.43633641464914	0.18624348976702132
1.7324742823308348	0.00007001305517015109	51.44076662507487	0.17719092416381563
1.7326842706258396	0.000139958421852597	51.01695958187841	0.17946706614824748
1.7328941576456793	0.00006994539935361444	51.09488656901673	0.1714419944825889
1.7331039430713944	0.0001398232409437864	50.75899795575979	0.17921626476876534
1.7333834996041626	0.00013973326530725605	50.460250887396974	0.20223481103452803
1.7335930489479996	0.00006983292977195155	50.605266616224164	0.17578699788450347
1.733802497231946	0.0001395985187807676	50.385056268940055	0.18447263759613236
1.7340118445534352	0.00006976562146193651	50.743847189926576	0.17944990304913075
1.7342210910097562	0.00013946403187942497	50.79056654993487	0.16908960746035537
1.7344999294821417	0.00013937451783329593	50.81847690627853	0.19648505981542466
1.7347785891451186	0.0001392851185881501	51.18019334592873	0.16968959835572625
1.7350570700205148	0.0001391958339897621	51.31179611863775	0.1678848572956293
1.7354049203104915	0.00020862658356403	51.18475770122617	0.16649923406156128
1.7356830001221197	0.00006949768073794169	51.264372602319256	0.1789053504163067
1.7358219731131876	0.00006947544523687647	51.38342765022053	0.16616952923246395
1.7360303494592573	0.00013888423723496746	51.214066954035516	0.1661627743228858
1.7362386258734086	0.00006940882395559938	51.334060999071504	0.1772977690377898
1.736516172474867	0.0002080934421161018	51.225872698431814	0.17528689148986337
1.7367935418854625	0.00006932019406715791	51.572653065012254	0.17858178323393437
1.7370014525979236	0.0001385740324137374	51.43693317846144	0.17380211803745702
1.7372785123137653	0.0001384856568075968	51.329035081748536	0.17436441304732783
1.7376937707090534	0.0002767066091372733	51.1472372960813	0.16732681938674504
1.7381777374652307	0.00020729881954305272	51.00986184680889	0.17112076538380086
1.7384540479167157	0.00006905565736965553	51.11281114481071	0.17571968132326685
1.7386611656042594	0.00013804546431433852	50.89830924709728	0.1730342815355172
1.738868184357594	0.00006898983835936348	50.940421430765376	0.17823633729766117
1.7390751046821056	0.0001379139517320778	50.847692320076355	0.17109982318166667
1.7393508449736055	0.00013782641582045404	51.11975908926774	0.1743135606522811
1.739695274376815	0.00020657572808103317	51.39110090400505	0.17036252366343502
1.7399706213186856	0.0000688149328540526	51.635286655635554	0.17149269320041116
1.7403145598383702	0.0002750418263987978	51.280492132678965	0.17474580657038427
1.7406582261922583	0.00006870606652765357	51.65496239803739	0.17117536169125971
1.7410016206573051	0.00027460704983128115	51.37412409807688	0.16709063473062694
1.741413335980553	0.00013717342153995942	51.52515828629363	0.17335370478349604
1.7417561342233066	0.00020559778536578411	51.40400755895659	0.18099379122526085
1.7420301781343535	0.00006848936404956888	51.77802044172164	0.17191329252565662
1.7422355976457153	0.00013691395304209574	51.66117616054735	0.1676490379212828
1.7425093393070263	0.0001368276815253507	51.56367360074383	0.17430290416456273
1.7427829084320805	0.00013674151869415006	51.275851808297304	0.17552182903222072
1.7431246277343468	0.0002049509514307457	50.59083598391648	0.22188011376237785
1.7435343363354316	0.00020475769414729248	50.392595022360794	0.17905572991323185
1.7439436587862278	0.00020456480098211173	50.42189560625681	0.17401972906085464
1.7443525958139359	0.00020437227090711605	50.40545721128477	0.18583973503599208
1.7448292027806953	0.0002721974800766727	50.55113553932139	0.16907858441693097
1.7452373072100762	0.00013597090877954886	50.78235673845653	0.17140048364851568
1.7455091639669151	0.00013588582125297665	50.93676756805113	0.17313803283943396
1.7457808505539532	0.0001358008401831521	51.02291450311034	0.17946635195355787
1.7461880621222259	0.0002713471353148012	51.157150980984916	0.167332601502025
1.746594892230582	0.00013554653346786098	51.24321165922821	0.1723769364324735
1.7471367401931241	0.0004061325724454895	51.029658132458415	0.16359736985831266
1.7478131008758064	0.0002703337085123223	51.11175622117148	0.16598591654860712
1.7482184122142745	0.00013504076676351017	51.39377127737012	0.17229073400390021
1.7485558829939183	0.00020240381009182498	51.364620253408425	0.18649733248461187
1.748825670936634	0.00006742603797617903	51.903327574328756	0.16583226610134086
1.749027901966434	0.00013478929614091438	51.59054024503044	0.2108912806261329
1.74929739697004	0.0001347056805869287	51.51628130738668	0.17510483237299646
1.7495667247459157	0.00013462216874031487	51.13178815580868	0.17573446853276403
1.7499704035491999	0.00026899418985268863	50.4736442692253	0.17654417756684707
1.750306516219512	0.00006719652206225649	50.84364825661502	0.17873577407469063
1.7505080590215452	0.0001343306908874678	50.67603899238108	0.2067463372698659
1.750709508337106	0.00006713419774131415	51.12854413546578	0.17296878278545566
1.7510450497006997	0.0002683293962008117	50.85388118047985	0.20132830244980385
1.7515813771287878	0.0002679982301465781	51.25132598288103	0.1713147967250527
1.7519162458605828	0.0000669479165183831	51.562239908899464	0.1721727200245512
1.7521170430916289	0.00013383394024463335	51.428001998108655	0.17672527317418446
1.7525183594997895	0.00026742065216650313	51.41314661977103	0.16695697266581688
1.7529193053082388	0.0001335869400913308	51.36456992837905	0.16762599316473473
1.753253144295887	0.00020022643836929284	51.02704737146845	0.17932851642158135
1.7535200308031473	0.00006670114374577801	51.15106429666943	0.17946898841260808
1.753786753600327	0.00006666019168584396	51.27016517078197	0.1775154487869843
1.7541865306288955	0.0003329942891914865	50.9702224783756	0.19926423480482303
1.7545859401515231	0.00006653763672888063	51.58180383929044	0.17796916284481606
1.7550514539171427	0.0003987981254427896	51.42759930329756	0.1668276868005761
1.7557156093889776	0.0002654591464909366	51.37330097884203	0.16468812927909995
1.7561799146304164	0.0001988816213645456	51.239970588221965	0.17274652867326346
1.7564450090807646	0.00006625342018767023	51.387664802094505	0.17184680563689478
1.756643723979226	0.00013244622468403463	51.07832684450541	0.1960090166859421
1.7569085356222918	0.00013236549003735156	51.14937806818669	0.17376938967653568
1.7574376751565566	0.00039661294683836305	50.81386554613719	0.17802767249422183
1.7580321874962082	0.00019803519438473587	50.925923826852	0.17318624545646835
1.7584280773396357	0.00019785475368696694	50.72977839795894	0.22164929309129602
1.7587577101142584	0.00013180309161288554	51.174717317238446	0.17197322382208316
1.7591529395601786	0.0002633663976937458	51.07248677465114	0.18335732891398826
1.7595478095567445	0.00013156352402975144	51.48956541772442	0.1659584668002835
1.759810856871417	0.0001314838616011578	51.43305605741749	0.18580637476607234
1.7601394422366343	0.00019707662863815964	51.53088040822302	0.1659367357552252
1.7604021316886949	0.00006565248665448798	51.74054856416612	0.16771778934917453
1.7607302700570766	0.00026241160227626433	51.39931893584583	0.1730269676084803
1.761058160779953	0.0000655533893152404	51.774470044086684	0.1670276277057675
1.761385804084495	0.0002620158109833092	51.47307493045852	0.1685574650064681
1.7617786500863495	0.0001308894543853249	51.54392831885677	0.1764200047146015
1.7622365217001914	0.0003268788296897984	51.35611175786193	0.17530870617042899
1.7632160527149676	0.0006522848009764698	51.27846074854576	0.1690098274908867
1.7640631962119737	0.00019530410440339442	51.40526681533609	0.17092471671270498
1.7649736603120798	0.00032482515607350606	51.1438125117132	0.1726271563290548
1.7654281776569858	0.00012979415332268387	51.23837088436102	0.17784510396469966
1.7656876883593091	0.00012971661858130487	51.23321784020998	0.17567836344645282
1.7661414593928353	0.00032395288854630757	51.09378596775998	0.18144432769544772
1.7665300290318255	0.00006473263455482363	51.554264326463546	0.17494198383442186
1.7667241834412313	0.00012940740368404916	51.522027000080456	0.16674783024506912
1.7672415048757009	0.00038776004514495756	51.30660840328737	0.1767811398101137
1.7680163333644152	0.0003870688559033478	51.21185151717508	0.1765407888693651
1.7687897819365712	0.0003863801263916882	51.027058108451804	0.17228816362428756
1.7695618554665733	0.0003856938435315256	50.77155321145685	0.17790570060289224
1.770075809744205	0.0001284125581211033	50.89311441934616	0.17747859252300077
1.7705891564514482	0.00038478258302081545	50.19446609030472	0.25731855853873437
1.7713580405582021	0.00038410195849745656	50.27908624362628	0.177824843255626
1.7722533549843786	0.0005110812446562121	50.39396093891446	0.17353444119594044
1.7732105766345276	0.0004462115166331137	50.66403411721564	0.16360640336177396
1.7737202335716484	0.00006366974026438571	51.03808806031837	0.17935459866989875
1.7741656931423562	0.0003816268028859322	50.74368830241584	0.17522906289041998
1.7746742310468242	0.0001270600659408129	51.11727595380373	0.16895737609822323
1.775182174142788	0.00038073463685862446	50.92456025485456	0.17408841909719017
1.7759429766028296	0.00038006824506657034	51.07772122944374	0.16954651465030607
1.776702448672869	0.00037940418188677215	51.02418219918232	0.19812842333094569
1.777271182410842	0.00018945382767843508	51.35162384901162	0.17941799953479254
1.778154401540892	0.000693252741014626	51.22180714250462	0.16878434509299736
1.778972928369862	0.00012580861434556385	51.55921076565336	0.17922158905295443
1.7798526970110495	0.0007533240989606992	51.26619238278774	0.16847584924696468
1.7808559694034296	0.00025052861280671805	51.44274820782113	0.1765778011722954
1.7814192932746116	0.0003127548281473499	51.376564428452966	0.1870498357546644
1.782044352905561	0.0003123050185987995	51.43605298543517	0.17802098602671249
1.7832917797797176	0.0009342278097129761	51.1950220552386	0.18502188946927478
1.7845356338963787	0.0003105186448785701	51.450535361245024	0.17641339270864678
1.7851562275700654	0.0003100752400122819	51.40965467677134	0.17428709346855553
1.7858378579071503	0.00037150674595515395	51.168886257087046	0.1983144494719571
1.7865802365595622	0.00037087223849671105	51.19451250986009	0.17804312773580125
1.7874447440649146	0.0004935129516594971	51.1153546372861	0.1710560141625757
1.7884921949351094	0.0005538646229189725	50.99460044398569	0.1709615018560742
1.7891686135228928	0.00012288947642753446	51.191699509252665	0.17545369426024168
1.789414322995772	0.00012281996928515434	51.165896144161884	0.17679536016109174
1.7900279890634836	0.0004905861798832408	50.80131188591051	0.17942283236954706
1.7907632455970754	0.00024487816234668294	51.062437375108104	0.17718066449646674
1.7914361389689553	0.00042787332579063395	51.07301755003896	0.17416980293803322
1.79326602131644	0.0013999583862499242	51.20263912144638	0.16590650113299524
1.7948457065290262	0.00018194028051117872	51.68752780132908	0.17600323372412038
1.7958149722901864	0.0007866502622576813	51.19426150411773	0.1984817364325003
1.7974457188593507	0.0008439867500543264	51.24487681583846	0.17818320710607452
1.7985294913074459	0.00024053806434005918	51.50204433307836	0.17849919327749467
1.7988901486239481	0.00012016919691409619	51.65076228069953	0.17861654600659108
1.7993705595608331	0.0003601090223959513	51.39270146819623	0.17809704264142964
1.8004495451841704	0.0007184309155380778	51.31116906337048	0.17178573703478034
1.8018840353163366	0.00071606182739709	51.35015682262358	0.17146214445052982
1.8026590769828512	0.00005956542362294773	51.84846581187499	0.1787004946058085
1.8034327379740713	0.0007135128843393537	51.25386522942673	0.19211918223254554
1.8042643728849177	0.00011869131310413063	51.74219030599518	0.17770495245420523
1.8046203009914559	0.00023718815784846	51.4525768151302	0.20408675489061745
1.8050944183622486	0.00023692936187137765	51.60436246729954	0.1746700796240456
1.806277452411163	0.0009451393435237032	51.287008637558245	0.16641090851730653
1.8076928524807034	0.0004710320368189309	51.27294397619554	0.1754779583145108
1.8091036546085186	0.000939008751361249	51.14835856565432	0.16575702550454113
1.810392876207102	0.00035108452399977655	51.19537393842878	0.17566514035032552
1.8108607367942946	0.00011690216940735425	51.44929494804886	0.16939101499108367
1.8116782819849602	0.0007000938713419217	51.00031588673359	0.17118667949082667
1.8126107387361376	0.00023286411320026405	51.1297589021813	0.17774413574483894
1.8133668884860674	0.0005230328094966224	51.004985277958426	0.1657933310209699
1.8144696675444234	0.0005796737634018349	50.81744576075432	0.1776560429653857
1.8156274703826576	0.0005781304462955586	50.692109045703845	0.20076388164016817
1.8163783904207575	0.00017313950680142865	51.12433501956215	0.17518367650475852
1.8171280142643658	0.000576136377329505	50.857477082725076	0.17683998951976865
1.8199419466254907	0.0007441401156798184	50.96244825348862	0.16952781330895245
1.8222255939312617	0.0015374163026947378	50.73490729350167	0.19094876220113532
1.8241572972277138	0.0003968204584850443	51.31541039819494	0.17656289167684977
1.8251199364230877	0.0005656312239381531	51.07593384262313	0.23724773695131537
1.825911099038805	0.00022584069626054045	51.664465686322835	0.17307579758705963
1.828500532088751	0.0023572305994398316	51.49187479052801	0.1720148674877188
1.8311861887731868	0.00033467122501164997	52.19284274446034	0.17913783790322144
1.8324672040175305	0.0009454422999452039	51.97467882571142	0.2104940190757427
1.833688997343334	0.0002772900708754874	52.416784761003555	0.17730698368397343
1.835956844356432	0.0019860901986942995	51.637669122916456	0.1840902390248496
1.838432388196601	0.0004937003476210446	51.653704001275955	0.17839825961128214
1.839746930986253	0.0008203470861646643	51.42483851480334	0.17143393638308851
1.8413845338035462	0.0008172596117936483	50.987493115833004	0.21396606211562655
1.8427445016023138	0.000543136275918538	51.09803248009456	0.17350822347334222
1.8490531529700547	0.0057277484502086815	50.42679003478267	0.17046625235997057
1.855165922612047	0.00042225750392889145	50.809496578056574	0.17916068620037606
1.8585309126365301	0.002932988945641837	50.28221160671132	0.18749432477290542
1.86218176050601	0.0007271091116045192	50.780144949581654	0.17528154659177053
1.8733588191615567	0.010325822612775393	50.56803758007235	0.1739964312309414
1.893534480175323	0.009857096289935662	51.23343042401287	0.17677666157349192
2.5208156333346388	0.010717192229509093	47.72298406861843	0.17083855707650877
2.5412433513104844	0.009543203903063234	47.70538084604765	0.17342596781733555
2.5687399852288966	0.020474683266764566	47.40773408028085	0.17052880086785419
2.6036245625083225	0.011218647717787631	47.6111663188979	0.17224540894538554
2.627582965610079	0.013410151087067668	47.49499432610571	0.17287347378757492
2.648203628062788	0.007992691045472487	47.73323806270824	0.17173649770252064
2.6705148313442097	0.014172502190287373	47.426955126043744	0.1732401674040342
2.6970865674194098	0.012379061885246992	47.45685810254546	0.17342595337271582
2.721029594747381	0.011264540978869236	47.467102814197716	0.17324019396091658
2.741463401421332	0.00859738183290769	47.57294440221747	0.17324016986452537
2.761104373440303	0.011504051163805441	47.463127336707785	0.1706830857027684
2.790249922595901	0.016136176609193534	47.257667507247064	0.172245393259871
2.8221532724052674	0.01499330199854498	47.24680476011191	0.17305601282120822
2.844377895728494	0.00983606783306294	47.39694162336517	0.17287345928952622
2.860551538312003	0.005881887838858963	47.351047914253584	0.17287347782608592
2.8749069546154953	0.007903803588661747	47.232493623277946	0.17156969304043093
2.8912434375845018	0.008829903824772514	47.40102926566605	0.17287344447482528
2.9129404845309854	0.013033875699468973	47.23113479089175	0.1717365028074239
2.93436564202958	0.008546722123705207	47.368611694623	0.17324018872379954
2.9485749654019364	0.005603375464441706	47.303437087541525	0.17306059150827854
2.961473575984338	0.008029558197632371	47.166119951299976	0.1717406718097806
2.9766920475237315	0.007753060601783774	47.332057910582655	0.1734259555478198
2.9939060607033423	0.007211320788108201	47.28637444723529	0.1730606025155353
3.007407392392796	0.006990677335715215	47.163604140753165	0.17156969519440368
3.0211606674805527	0.008127227497227716	47.2645448340525	0.17342596312248884
3.037607724769857	0.007390431474541308	47.35956397727187	0.17207434526955945
3.054915395083536	0.008772821444132772	47.240707884232094	0.17305601337192736
3.067409980855772	0.006494441119618514	47.19876554716044	0.17305601336934623
3.080730117745068	0.005117338950678497	47.21346662043705	0.17174068268293088
3.0949834304775536	0.008761425560240949	47.17341300044497	0.16146056169157996
3.4599880445682616	0.0041094627210854	46.9091775694397	0.17307548440745318
3.4677313219992305	0.005086415955369852	46.802363487218486	0.17348547536369507
3.4785539326014256	0.005039968564332557	46.79796708499413	0.17307551317378475
3.4882327410261866	0.005005923793136875	46.791087711435395	0.17327948200145005
3.4975562589054734	0.0031658789281692424	46.982129937657845	0.17327949380734953
3.505786383298341	0.00488157900716691	46.78361271791948	0.17327949988499014
3.5154155676723966	0.006004357306337684	46.55349544671845	0.1834928731705342
3.5278056950571983	0.005765151649795286	46.71196281181756	0.1723184502243932
3.5371937265874385	0.003371343739028348	46.92278186083628	0.17287347147559987
3.544782250543631	0.004124316947568643	46.83006690678114	0.17327948166071977
3.5547496139078265	0.005616580522931692	46.68918751997446	0.1732794988988291
3.5624724699989865	0.0031807115917765966	46.93360189217714	0.17307549747984424
3.5713463549763285	0.005978012181393511	46.74915584601041	0.16759734056966796
3.7336928985533753	0.0033697813454174525	46.796520386212364	0.17231520394324248
3.738743605399039	0.002638686762812678	46.868341873734785	0.17348281912832406
3.743979694785353	0.002564330887948209	46.856127674229484	0.17307463553707889
3.7497208734318477	0.002910255387117865	46.64324278918198	0.18242381721639295
3.754815534013508	0.0025428383303968557	46.820346818876246	0.17307463985761387
3.761095000201917	0.0030815509204064695	46.73046080777477	0.17307463361552933
3.766835233191948	0.002960003542540603	46.73643533468038	0.17368987523573656
3.7722920037848784	0.002642741606567616	46.80701949284908	0.1721262447795812
3.778523275883776	0.0026840264188431585	46.64743278132323	0.18348515772743673
3.782659127238615	0.0021503438308245054	46.87716960278559	0.17307463316017505
3.7873081737421277	0.0032878608565354143	46.691698432055055	0.17327772201571315
3.795491780852392	0.003985427091403876	46.74446447671949	0.16522095122849587
3.903344306603864	0.003938319925632509	46.76061108891447	0.17346164351625692
3.9114107963316203	0.005086632217967517	46.52323683347933	0.18186102488098863
3.926620429874199	0.007633854749649836	46.475650951550996	0.17203896894188875
4.190891327086322	0.0011912596994640254	46.60219115765818	0.18235693613189677
4.19347549708365	0.00147264901448348	46.5037986058206	0.1829900373356483
4.196080845113327	0.001539293109051585	46.486858469994345	0.1819428672986915
4.199454613825713	0.0013327157922146447	46.543220563187816	0.1823569426651831
4.201772391548072	0.0014149906488284613	46.514698206556744	0.1821490965250565
4.204640393972506	0.0017016072479931078	46.424563079220476	0.18277736712164633
4.210131611053383	0.003462653018049949	46.32041056384136	0.1687015729303417
4.260261029795371	0.0037621803487390333	46.10448668689757	0.18299604488688245
4.266103005349812	0.0031082390710684355	46.189913655520584	0.18235980934874865
4.272589882145611	0.0033025094905653504	46.3619560110204	0.16868589416543028
4.418261259972522	0.0031214595199960766	46.14549496653446	0.17247059486926755
4.461516649453117	0.019722038287394935	46.1642075951207	0.1844101724108955
4.494822897563954	0.0025335127056927437	46.21099996180026	0.1679102396967207
4.558537663318693	0.031971790437632305	45.88115608221199	0.16891262595025744
4.612829987423147	0.013567652389077933	45.97191739046351	0.18334246953523617
4.6390390208348515	0.004593069382252708	45.8026996315097	0.17268744215765877
4.711630072589538	0.010475299364708382	45.74492494724407	0.18480311952177145
4.7317376562012	0.013997059486229623	45.73853383648397	0.16697886359098668
4.846075319005898	0.03139595775678927	45.70972876801955	0.17681989919165322
4.868086004882576	0.0026527340105617285	45.66960210659938	0.18254981127713324
4.88249932124135	0.00258167316847137	45.80103631858667	0.18090686441611464
4.896053928056326	0.0024451291749390948	45.808289880712735	0.17614599491694297
4.957841804315367	0.03687498465579681	45.65967750824695	0.16963326178404642
5.084647560146415	0.019274008427488873	45.35958428720411	0.1681164957031624
5.196848314456288	0.01810580464996012	45.17232519724185	0.18247358232731495
5.335296778541967	0.10869131236189808	45.06376755616675	0.1823974868211518
5.512870399581998	0.023532875946953805	45.001674489095116	0.17318780797019934
5.590584560897424	0.032215980820435274	44.88046989691862	0.1881999305950995
5.6574163360665	0.04095586442520436	44.67596948734808	0.1882411520098668
5.751071678865015	0.04860577923443821	44.53247312320133	0.20546678467972296