-1.7292179979950455	0.4271749792611009	52.57680383789413	0.11982821516082434
-1.132530717532557	0.21624621876368033	52.323380585782374	0.12562097926027882
-0.8902656537092831	0.061894700064786305	52.47494616682249	0.12565208718458118
-0.765584884759598	0.06193147597272373	52.254228478667216	0.142518309636149
-0.6566124939007333	0.04818801529687968	52.3900266594446	0.11163183184817235
-0.5141136750775264	0.08677212423572643	52.055016702064215	0.11725383596376895
-0.3936449353592893	0.03945142911885985	52.10474728337604	0.11412013929872573
-0.3324185380286395	0.022842576269538655	52.106933284333905	0.12415097042756784
-0.2838434405086546	0.025531715659270395	51.97473067562101	0.1258244586033816
-0.2448013793811495	0.014001971469797383	52.075437859709474	0.1198867385876038
-0.2176632759369876	0.013153795478601725	51.83969923645558	0.16482894746438087
-0.18393108701016864	0.02028465593402955	51.95313575951059	0.12086831602854704
-0.15642246597642062	0.00761586112224524	52.1653618222089	0.11704551410253726
-0.13055296338962874	0.017938640316989975	51.81861703291756	0.13298513819309707
-0.10954308288300163	0.003418295766834606	52.29850220732468	0.12836208919772743
-0.08625093973305642	0.019438768353251847	51.78791058891858	0.1243162453916279
-0.05802989475851322	0.009107888468509085	51.88921805533872	0.12652361921634
-0.034397027524103896	0.014375851772272429	51.410571584916745	0.22125732814627053
-0.014723256460383471	0.005495659367832064	51.98619378635805	0.12587682405390746
0.0040977709172066445	0.0131564520647098	51.35884422843298	0.21178063105032435
0.02964435887370953	0.012404869498265891	51.61286254652002	0.12333606228702915
0.06075558037667983	0.018475702516934218	51.55439138203715	0.120614614894306
0.11902168982284944	0.038370588967728214	51.28214570660572	0.12889261295890816
0.2944055464331482	0.1186707480608108	50.87491422520443	0.11088979757704506
0.4435859229677489	0.0420855791341568	50.85923252038932	0.12689746575541663
0.5668355647635713	0.07561714717498777	50.749435775603935	0.1078142528466694
0.7502936726505988	0.10007111588213809	50.13058987699433	0.15020851747952654
0.8437869182962462	0.0034254855942269053	50.76362954103519	0.128533546873362
0.8834096274270345	0.03474216886683081	50.27269021404398	0.12778234061097204
0.9478652206379826	0.02995031081118124	50.362269872911746	0.14092894668831543
0.9878930241515026	0.010925303780896093	50.772872102992956	0.1261372115786447
1.0092117167691534	0.010401951604311893	50.82944432269142	0.13478346774425914
1.029532699910967	0.00992644740250354	51.100298463600616	0.10643736215155893
1.0489451985266225	0.009492516202685262	50.95885923704748	0.15749224229952413
1.0606516425016927	0.002310015594800661	51.44695903856564	0.12851111689956907
1.066616531979009	0.003645608305390757	51.29586363730543	0.14691606238147628
1.0738472202862406	0.0035854140555623333	51.497540816801646	0.1131173529346019
1.0846910383472164	0.007212560279633767	51.37133812545008	0.11787843884035815
1.0946303026374244	0.0027770238138247654	51.56951643823447	0.12741140705379803
1.1009919966504333	0.0035786850499625144	51.47461879715575	0.14739859111326667
1.1051819374856309	0.000625469117850465	51.97396771434967	0.1240638025927229
1.110363150523658	0.004532377601048926	51.62032569172708	0.11550534990891519
1.1171090524979617	0.002231260036450418	51.74848668677619	0.12586862408912997
1.1241511131036863	0.004789902606000547	51.662230241124725	0.12593358302607327
1.1295065968192968	0.0005913998529508889	52.17895378430956	0.12801511695844242
1.1363520278097425	0.006209612574054233	51.70989806882204	0.1403052690100208
1.1455679679756656	0.0030396149297947394	52.096010900914756	0.11797333396679983
1.150854981558179	0.0022521266969708475	52.187231630560056	0.12710898493977657
1.1564491141943116	0.0033349547469431833	52.04458919133075	0.16111651108843955
1.1630683238001982	0.0032845111128839226	52.33300298677369	0.1215317030743565
1.1742367947004908	0.007824965583898209	52.151247699988716	0.14562071042407734
1.1858184332587696	0.0038095247709926255	52.384417272528914	0.12733723368879424
1.1972679091868503	0.007589464937111824	52.16906000796834	0.14310409684007064
1.2076006073649657	0.002799721731524152	52.44311691744616	0.1289702870800655
1.211535277777355	0.0011424292567844818	52.64887094711234	0.1260324720163608
1.2194595466171378	0.0067306390066426275	52.16034935772174	0.14144294886318404
1.232716416614081	0.006528289844632737	52.10132814180526	0.1127570455450351
1.2455805776029383	0.006337752381079094	51.906261380609045	0.11412625261788907
1.258074628229915	0.006158021721408524	51.64824515136215	0.12464831386713988
1.2653444198285726	0.0011534854519704497	52.05942137005975	0.12478767582352694
1.2690771601752386	0.0025731310130715232	51.78392828831184	0.15747336522176883
1.2729198065266485	0.0012752321617072306	52.140747645530205	0.11825876586092944
1.2771499123648016	0.002946700092101458	51.966761197826905	0.12636725686128242
1.2820335181079177	0.001942500198598224	52.17549572748172	0.11385103690588977
1.2849375374684415	0.000964777256321883	52.274292746738396	0.12751083837640273
1.2875483552533593	0.0016439910356795982	52.130504485035786	0.14236648971914367
1.2908239533275552	0.0016316381343834741	52.09850359025927	0.12524145191505048
1.292994040028732	0.0005411684951224546	52.25120766540536	0.12493593396642204
1.2999728565285622	0.0063905014121445865	51.483441777786965	0.11898208717117337
1.312569401315102	0.006207809631094943	51.005223968721126	0.11757670898439126
1.3202606543957494	0.0015247096393530084	51.08951025125155	0.12465499145539606
1.3299356361166055	0.008076891982709986	50.69991277270527	0.10000068015161404
1.3398858254249468	0.001943124875384032	50.64749542720372	0.12632351137249084
1.3429113945281035	0.0010854196240288627	50.6964397415506	0.12664361904153262
1.345796244127638	0.0017970558278384782	50.38146304841238	0.16777454178958387
1.3479473748793978	0.0003576353455753795	50.98288512218099	0.12324019642911012
1.3492567286883914	0.0009508232934334588	50.8111627599616	0.12298615636094178
1.352099871821221	0.0018892379685825505	50.509946764975446	0.1927144940864533
1.354924523042098	0.0009384951190088478	51.044281694354645	0.11806174872392729
1.3605193012786545	0.004632412708209222	50.81008239113036	0.1341410029779425
1.3660429207752562	0.0009147735957247458	51.39905698815075	0.1290145062330845
1.368551290357464	0.0015916343363815441	51.39629141183948	0.12166158971242098
1.3799953689406523	0.009744372052354639	51.359254069775986	0.11393495668407562
1.3903894803922916	0.0007567895279959621	51.89730360108253	0.12535999499110775
1.392761472410562	0.0016128587733336842	51.43602810532197	0.222350294895438
1.3959752694348762	0.001600967603925326	51.746456226635615	0.12876017920806973
1.4047448177491515	0.007112637075630703	51.44665392214957	0.13254608511420735
1.4135458320066023	0.001742487389151936	51.805723310945616	0.12809514692033142
1.423776796346393	0.008409478102000082	51.61211579538509	0.112478425386921
1.4499051686455995	0.01743946324719486	51.49154203932319	0.12822325861164924
1.4993044498369463	0.03112890388615676	51.479295495029845	0.1255533302484348
1.583891754831773	0.05123969302078429	51.52540794712546	0.11813418518292165
1.6758988082117443	0.04145715218688531	51.02097362167836	0.1084950147416988
1.7341634324209902	0.018273088335737635	51.130553782931	0.11828062210279637
1.7560868367500002	0.004005697679001374	51.54349156574574	0.12214171365036786
1.7771340500459982	0.016729149200053226	51.14771012442806	0.17043285713221837
1.4249802359092518	0.001163384186770761	51.05719207591196	0.12322323792599844
1.426694604199247	0.0008005690863667562	51.44472002204321	0.11950583682026177
1.42831506906903	0.0008725381612866116	51.38621974550605	0.11958092571206322
1.43135570569408	0.0020128758879768816	50.86090697148343	0.12338624289752824
1.4355866769998427	0.002612927298413027	50.72081441092298	0.12338624289752802
1.4414934981610341	0.002979611320714834	50.65121207921305	0.1233862428975279
1.4474612052315798	0.0028839572767034635	50.6574252836178	0.123386242897528
1.452583007053748	0.0023419705922796004	50.7317298164656	0.12338624289752827
1.4598583874499367	0.004706457296951073	50.69832961653591	0.11785689397052694
1.4983695772311023	0.0014480838926194876	50.51644755772185	0.08849459621585735
1.501117913296754	0.0011813205356912314	50.595491445908145	0.08849459316824954
1.5033408052697506	0.0010460910220979436	50.683336489121366	0.08634120333085302
1.5055026163729708	0.0012544672310884095	50.543501927715724	0.08817890064188591
1.5078022487275589	0.0010415873394113949	50.687084656357456	0.08572227812099699
1.5100979751883425	0.0011530414064268727	50.54799496124749	0.08849459521412234
1.51229998570426	0.001106383941977883	50.58464737512063	0.08805414565809994
1.5144502651923486	0.0011029507678474615	50.57696605326068	0.0881788923331336
1.5166829174616496	0.001198335261728653	50.522646329522836	0.09017783481452198
1.51903280308012	0.0010089681962783459	50.63772715519966	0.0874658836800379
1.521058069244296	0.0010462854420115377	50.615468257632585	0.08786976887352536
1.5234043616833302	0.001351051722740846	50.52302799212767	0.08881702016097294
1.526003165208651	0.001174870076833011	50.58838948371473	0.08817889356859486
1.5280671319282386	0.0009901646468921024	50.65442766281481	0.08724063387100915
1.5302819631879259	0.00107913604419743	50.57239950608354	0.08824193438208372
1.5325167328154365	0.001247009620884021	50.51487576517011	0.08914637148069494
1.5347710766714453	0.0009730590662677969	50.651928798758824	0.0881788897562485
1.5366819708328774	0.0009880855613867087	50.726258992379975	0.08624768474840168
1.5387573871724411	0.0009680097067868941	50.74286692402339	0.08786975947057546
1.5409681854449797	0.0012172444690607353	50.611857595368534	0.08849459335124209
1.5435060768720446	0.0013127394402335348	50.551311112083944	0.08817889310096738
1.5463237707517905	0.001555285073311021	50.47260686750788	0.08786977629938221
1.5493257922902957	0.0016101781704485917	50.46202094324423	0.08849459652274423
1.552322097990165	0.0013310381605919836	50.551198058583545	0.08849458820309161
1.5550537522579746	0.0012486956061606336	50.56983848466827	0.08817889281929364
1.5574078576426942	0.0012401054092644965	50.56090162842105	0.08817889351330188
1.559745611230615	0.0010541039364566481	50.633479135002	0.08817889885795945
1.5618778568729068	0.0011236055355721033	50.61047687813575	0.08817889719244773
1.5644995652737732	0.0014589554796646505	50.50781499848127	0.08786976630056757
1.5673609660771683	0.0013342877603274902	50.559596630712136	0.08793475730668864
1.5695671775344304	0.0009768593285017653	50.689011167306745	0.08817889623886563
1.5715093903367374	0.0009030361412662455	50.70633608960921	0.0881788963420438
1.573630877089577	0.0012743965182530608	50.53510679618383	0.08849458682060828
1.5759042959007785	0.000996209582539634	50.63349367226441	0.08786976710707238
1.5781658759011963	0.00121730710690341	50.492033703437166	0.08817888826705136
1.5805064693126512	0.0010520040355582636	50.50128983689407	0.08786976691707372
1.582730386005196	0.001298308124564898	50.41443972816022	0.08817889849609313
1.5852157348197178	0.0010164970508051536	50.53182583065654	0.08786976062983018
1.5870549905950018	0.0008987797133359211	50.63869449749752	0.08634120349654403
1.5890815315475453	0.0011939343687956175	50.48536700722529	0.08786976319900336
1.5913948081714726	0.0011042221424745957	50.513932798220665	0.08786976130375324
1.5934046327701639	0.0010229134023411668	50.51356100253901	0.08914637292143326
1.5957119031122433	0.0010511852287304663	50.50575409773631	0.08817890018688256
1.598013683199548	0.0012936303025354026	50.43255161354407	0.08786976777505587
1.600356664788476	0.0011133362777514897	50.497122014867685	0.0884945788478177
1.602673811772426	0.0010593357023177383	50.515032815763625	0.0888170344423499
1.6045860153776865	0.0010744879172678373	50.5053895601188	0.08849459557768946
1.6069956779713293	0.001290129871786371	50.40856237218678	0.0881789092306514
1.6095683029333294	0.001244981213291834	50.413276200559864	0.08786975815288114
1.6118823932100348	0.0010711939355721799	50.47141441426259	0.08849459650640495
1.6140647333209999	0.001149798726500064	50.438338505512306	0.08881702497963928
1.6162650839368804	0.0011054266163620788	50.4677692298645	0.08849459073845507
1.6187515890134625	0.0012556757872943017	50.428519148069554	0.0881789034602371
1.621007851422009	0.0010203137506381607	50.520408877323014	0.08849459043805263
1.6229994059108308	0.0009760955236167097	50.55929762911136	0.08769716344542942
1.6254477594079928	0.0012600602737110507	50.444628341936905	0.08817889018045776
1.6274848696990634	0.0009018704900865015	50.59497938461487	0.08849459288786163
1.6292817567554825	0.001164784031357412	50.47394071422892	0.088494597962876
1.6317601677583307	0.0011224964118363616	50.46173623075754	0.08849459909054247
1.6337864696320086	0.001052457259308016	50.48266513686719	0.08786976116654811
1.63592929842684	0.0009612837431543808	50.51700319251595	0.08786976204444402
1.637982139073717	0.0009781476094921878	50.501054279698366	0.08817889991341943
1.6397788204411907	0.0009969400483872694	50.47987127076172	0.0888170196548422
1.6419075033830124	0.0010496204756919331	50.45218531560073	0.08849459443884858
1.6442216997788792	0.0011359421353420468	50.41861857725092	0.08817888913183108
1.6464606846457155	0.001365413697590635	50.33729392600661	0.08817891633722012
1.6488432365731653	0.000937592170065094	50.497270153119565	0.08786975647509385
1.650708447382864	0.0009588057582482387	50.484411491528924	0.08786976814763155
1.6527075355870484	0.0010356596242122327	50.44991743114258	0.08786976950425854
1.6550796645659638	0.0014032345525144994	50.327886944613084	0.08786975632677793
1.6578449852009989	0.001143202958858608	50.424159804745656	0.08786976749032717
1.659799937885122	0.000933128927843853	50.49115983159312	0.08817890209648944
1.661566668150122	0.0007281282478179017	50.47180085472189	0.08793475150087784
1.6629137131699028	0.0007244302335135387	50.50948029114686	0.08634119197019088
1.6643889270525918	0.0007521757448882701	50.44069419976919	0.0881789020277305
1.6659365400217614	0.000719405477364898	50.48735339442036	0.08775703354679366
1.6674158211308892	0.0007955105379438288	50.43858869798063	0.08849459723322058
1.6690295480934871	0.0008437848204832914	50.41889352711652	0.08786977291263243
1.6706231243121867	0.0007357847740332173	50.53604703806432	0.0856303504963506
1.6721091609178358	0.0007813084716791098	50.43598427305488	0.08793475578514841
1.6737252813051495	0.0007221021644822553	50.45583753505538	0.08817889585975927
1.675096936937071	0.000721228275979036	50.509709591804906	0.08595188809487805
1.6766572596197604	0.0008654459549104796	50.36954742913979	0.08849459757001517
1.6782677184756678	0.0006978732798129731	50.520487498083384	0.08619723044929196
1.6797056566575965	0.0007150034467353385	50.43328520138886	0.09017783174152927
1.6810059861648274	0.0006934869655251925	50.51696946902872	0.08614417191814865
1.6824459385139576	0.0007063672988337217	50.49453053745723	0.0874658792057752
1.6839361317080352	0.0007534440190803358	50.45664071018665	0.08914638488694683
1.685686967409215	0.0008627006892607556	50.389595211115996	0.08793475378985255
1.6871797467994645	0.0007942364253231581	50.396014268508665	0.08817889410327438
1.6886456521454591	0.0007493979654410077	50.415215104273756	0.08817889444469658
1.690234024590322	0.0007696989145336082	50.39150994435522	0.08817890972729886
1.691746394185555	0.0007170586677195908	50.40729441513788	0.08817889931184658
1.69313238420889	0.0007134278328034969	50.39738899260679	0.08786975610971115
1.6947178730890995	0.0008033698192791163	50.33437773058973	0.08786976165930048
1.6962788860179696	0.0007256505128729942	50.4251291932727	0.08817890366153099
1.6976531734559748	0.000706039923341994	50.50210223676729	0.08752422692239414
1.6990895184812218	0.0006851201585559875	50.492472033147735	0.08786977484993531
1.700465543100019	0.0007160416505438708	50.44362025421576	0.08817889124878935
1.701855692573507	0.0006860475441694238	50.44777384422626	0.08817889289412019
1.703262447859061	0.0007167053021888771	50.422886540279265	0.08817890373646779
1.7048219306299504	0.000894963525808666	50.32004411785739	0.088494609021594
1.7064411117637754	0.0007323662334529426	50.41557194869379	0.08817888948665799
1.7078955732044805	0.0007754561587055876	50.39081751950859	0.08817889902029291
1.7094229788267405	0.0006819763721724308	50.43399716669269	0.08786976626503615
1.7108804267539428	0.000728794757963397	50.38092404961067	0.08881700792583151
1.7123201210526418	0.0007701718232608495	50.385328321532604	0.08817888200299437
1.7139193364744925	0.000758358759306554	50.41652298069935	0.0878697670303791
1.7155714907468997	0.0008027766205981071	50.36144067918589	0.08849459156370493
1.7170467049682445	0.0007656571280085372	50.37338595889129	0.08786976168135699
1.7185423177180277	0.0007008148938843497	50.454425570624	0.08817890445361107
1.719992307937722	0.0007187247339039532	50.452602086802536	0.08786976945498239
1.7213870239399762	0.000771917632114097	50.42431715087015	0.08817889691728627
1.723008551692045	0.0008117653867350501	50.40593318225823	0.08849458715203648
1.7245464206123167	0.0007037144322666261	50.46275558569539	0.08849459449401009
1.726068880917333	0.0008410030650496523	50.37707060662805	0.088817025461147
1.727548718299753	0.0006478814835317464	50.50555851646149	0.08786975360884794
1.7288747866035625	0.0006508652422117757	50.50721970537116	0.08817889650473949
1.7301201810108138	0.0006415843175596548	50.530023340008924	0.08817889624465361
1.7315123732215003	0.0008132763163967784	50.4566853225963	0.08786976961283569
1.7331039677072217	0.0007317266203075103	50.48628168146774	0.08881701981925139
1.7346383709111413	0.0008502624437949239	50.3936707583999	0.08786977176204565
1.73637456950423	0.0008103145530051246	50.382249727559525	0.08849459581361041
1.7379606174783406	0.0008097888252956786	50.38675976493499	0.08849458433239916
1.7395433135851333	0.0007899078515601368	50.40396979176433	0.0881788971551487
1.7411925733264115	0.0007857087422470232	50.39708277839166	0.0878697718147637
1.7427515487552818	0.0007384653630531067	50.40740537619559	0.08817890064948924
1.744067982393986	0.0006464461308106687	50.4735040665208	0.0881788982640343
1.7454854539117872	0.0007660482717763309	50.41838611825523	0.08817889130126043
1.7469411284123644	0.0006766712128014191	50.48013617241492	0.08817889834865963
1.7481975134574608	0.0006011972825106177	50.606614659600766	0.0860998624111266
1.7495732242381088	0.0007742382778003591	50.42542182819216	0.08849458973846273
1.7509681566402877	0.0006197608669778793	50.55604075630772	0.08639555062772111
1.7521471639314794	0.0005981046534542097	50.521011127174994	0.08763388049149924
1.7534307788487102	0.0006853803519763312	50.444771051388884	0.08849459468302617
1.755053909325007	0.0008228899733973504	50.364560601690755	0.08817890723942083
1.7564360304304891	0.0007178863515019111	50.408757895788284	0.0884945871999661
1.7578601575102017	0.0006946614969239277	50.41799377410228	0.08786976295599826
1.759367470754229	0.0007708412129898853	50.36967312506227	0.08786976316212977
1.76088799733779	0.0006656507168770739	50.42880729461078	0.08849458868253034
1.7622011883709567	0.0006980860409707258	50.40720171753148	0.08881703475330958
1.76358596503592	0.0006844185658970019	50.425877253581284	0.08849459631289094
1.7649184206476196	0.0005899003928916232	50.50876655388511	0.08763387685529836
1.7663901047758213	0.0008801514704623973	50.32697731021803	0.08849459538821976
1.768004124340758	0.0008564938209070281	50.34592290938692	0.08817889390853258
1.7696257124221333	0.0007189857499307938	50.43926350268561	0.08817889921241703
1.7712884953287853	0.0008893947287376819	50.34633545444145	0.08914635530025779
1.7727208559239975	0.0005883625349635305	50.535900666668546	0.08786975478319732
1.7740032720155972	0.0007363574846894357	50.40564180895471	0.08948282999326929
1.775515810702636	0.0007761104487561509	50.380523302484306	0.08786976027574016
1.7772183532274903	0.000800802476093319	50.34906801517852	0.08849458520550647
1.7788545829297941	0.0008906088816648371	50.29897323034681	0.08786975023261204
1.780530903745838	0.0008640628156562126	50.33176309898868	0.08786975000232089
1.7825668533165189	0.0010605107300076882	50.273704350492004	0.08881701871832148
1.7844776978988772	0.0008736980796681333	50.36711939010749	0.08817889357873632
1.7862541785285315	0.0008505780017765478	50.345136264376656	0.0881788991049625
1.7878264734152962	0.0007977146674376846	50.3573048767757	0.0881789034569847
1.7894146657154888	0.000861665444217174	50.34871596512398	0.08817891064142823
1.7910164119408352	0.0006715373435532397	50.4705630271247	0.08849459354609002
1.792417394241057	0.0007411314844663683	50.43385253096462	0.08849460299876695
1.7940465376263184	0.0008642612555933104	50.38773452703419	0.08793476582588362
1.7957673783588617	0.000902291518132802	50.33627631747652	0.08817891368527458
1.7975280025433515	0.0009187519748577217	50.318402032366656	0.08849457765151347
1.799488093019432	0.0010189313955756127	50.2908620695762	0.08914638308250449
1.8018105570372254	0.0010533242134149867	50.282232311108885	0.08849459431518616
1.8036951092559201	0.0009746716408062943	50.31044369433007	0.08817890298564657
1.805671256102709	0.0011426888561570478	50.225935691231214	0.08914635566248227
1.8079713085941251	0.0009723550583429535	50.29701689481703	0.08849457718730437
1.8099754532145398	0.0010357634469904712	50.267402890713704	0.08881701587490655
1.8118618501271095	0.0008684414926096455	50.35621131208509	0.08855556547860839
1.8136972598040986	0.0009687972747614032	50.29968415690863	0.0891463619477328
1.8156995768938224	0.0010678806714774375	50.252090898961974	0.08817889436569536
1.8177735329383036	0.000990054508344546	50.268467824929004	0.08881700841659677
1.8198034446304439	0.0009834266500455668	50.261964584686304	0.08881700461388878
1.8215215411072156	0.0009234554376393489	50.285193777239385	0.08849459409873899
1.8232588053157333	0.0008359720863192778	50.336343740216705	0.08817890570147434
1.8251520698264465	0.0009117949328466211	50.30081542090119	0.08849460172264269
1.8268036643390166	0.0007450713687200936	50.4051782727429	0.08786976090650643
1.8285317950787472	0.0008929002932024394	50.33269048826669	0.08849459818639659
1.8303080450593163	0.001109115976944698	50.24862600600711	0.08817890049213951
1.8323741269102216	0.0008361923706069601	50.36470512650759	0.08881702404636002
1.8342184248996203	0.0009357572705038326	50.30868138305188	0.0884945737478304
1.8361401537476447	0.0010178156521746214	50.249028459659385	0.08817889836758659
1.8381209030845223	0.0009032859409535696	50.29807690763926	0.08817889674753647
1.8400408352169548	0.0010854962630554204	50.2494407247242	0.08786975681202452
1.8422407978610127	0.0010332205273974784	50.26286135508817	0.08817891702026648
1.844311842078116	0.0011632582430643019	50.19259738592004	0.08842989050000861
1.8463390040312135	0.000972435205934401	50.26544713227847	0.08849458427266359
1.8484452457115403	0.0009667891345566622	50.261128083365776	0.08817888046230178
1.8502339296711416	0.0009459404554823593	50.25902048036271	0.08817889592654768
1.851873336628414	0.0007751956352063859	50.16140371957087	0.0960142604831097
1.8536907712772464	0.0008538045657914481	50.28683289596426	0.08786977130624246
1.8553561203891005	0.0010089701601150337	50.20158404242765	0.08849458889782547
1.85743024964728	0.0009350057212951071	50.07635529071841	0.09601425338149973
1.8591603401821195	0.0008578139390390452	50.28937350617258	0.08786976244393913
1.861207282094938	0.0009662160963412695	50.23935930897721	0.08881701129449249
1.862909673611734	0.0009806467484260977	50.06994873962576	0.09666769274377802
1.8650532386693528	0.0010637055401843786	50.18644046592814	0.08982658772443974
1.8672061106266722	0.0011080320822139066	50.169717943324514	0.08849459749284157
1.8690863203507067	0.0007998304734120384	50.13941007803288	0.0960142581784751
1.871008475892193	0.0009410798146373329	50.246912720968915	0.0881788972683919
1.8727833331573644	0.0009933159849570413	50.22017868798272	0.08948284708855402
1.8748044180379808	0.0009975634659086137	50.245515904949954	0.0884945850659521
1.8767596993979794	0.0009604499611971869	50.1705113693118	0.09040522072113309
1.8784638182406006	0.0008609319405475116	50.07299739112563	0.09601428100489577
1.8802312768145684	0.0007156959997841546	50.15393910809529	0.09538012689426921
1.8814370104222866	0.00075733717919298	50.15746224721182	0.09625298523819138
1.8834009418145317	0.00103533733811059	50.22167093989076	0.08849457542097348
1.8853041487251283	0.0008128871677938069	50.330634131752845	0.08817890030520863
1.8868907010639786	0.0008754061026690207	50.26008787823041	0.08849459369623514
1.8885865009302583	0.0007252316867613826	50.15351862983739	0.09601427369958491
1.8900413907331197	0.0006997106366908534	50.170926442835324	0.09538012452914764
1.8916329216214596	0.0009315234737768393	50.2096476769259	0.08914635709605374
1.8934257862833324	0.0008105580966014422	50.10302139073736	0.09803547670922866
1.8948341260290422	0.0007597116278803466	50.31764964027471	0.08881701412270529
1.8966121658392905	0.0008366496729677705	50.09659653562234	0.09538011441902844
1.898077409058402	0.0007322268312586245	50.130841471254634	0.09666771496079288
1.8997636271650573	0.0008832972005243255	50.21943610057908	0.08881703600889984
1.9015949443831826	0.0009528787524737535	50.025106002100834	0.09538010822958348
1.9032825213716524	0.0006919745027191916	50.153754699737995	0.09601427423013825
1.9047601994927703	0.0009277676397814393	50.141110208481834	0.0897982567150915
1.9063861202505366	0.000728236944840103	50.11607956842104	0.09514321800555571
1.9081175815594782	0.0009444181069629672	50.1307106307411	0.08979824343957496
1.9098438017499912	0.0007208274991318556	50.138293281642746	0.09666768516442352
1.9114638640746975	0.0009689238815133312	50.19271002605846	0.08914639246694597
1.9133406552178784	0.0008609747688637836	50.2443097852904	0.08817890883850163
1.9149057462284635	0.0007205525693463917	50.127901787433196	0.09875140793272993
1.9164764857197434	0.0007227804779830166	50.15788128612741	0.09538010678091731
1.9180511883735076	0.0008717358741747296	50.24983878984024	0.08881701568087907
1.9196457715329838	0.0007606725420342864	50.170300374389114	0.09490126801462079
1.9211628656915716	0.0007882770667731619	50.13576993889522	0.09734119522746065
1.9226032603237857	0.0006959898338385653	50.20112524707814	0.09538011697781712
1.9242081310716506	0.0007835596911648597	50.30314523187414	0.088178892824995
1.925740915359508	0.0008241330523842031	50.25087516018532	0.08786975618755409
1.9274300143463572	0.0008711632118559516	50.200971902778235	0.08881700753461948
1.9291203872730942	0.0008873236096043525	50.20579363984588	0.08817891020583564
1.9307777278153924	0.0006541963568001181	50.18268249156044	0.09538010542192189
1.9319894144133576	0.0006787792868087305	50.20025677387659	0.09444050789844895
1.9332627810373948	0.0006450431733454497	50.193985306069905	0.09538011394872378
1.9346513123044087	0.0006383527890650635	50.33748720235444	0.08817890471626556
1.9359461548183576	0.0006503050358277562	50.15541987084501	0.09601426232771489
1.9373921167048165	0.0007708688702097633	50.27666605241044	0.08786975819105959
1.9387919957419957	0.0006758756997938035	50.16177824022394	0.09699049243865343
1.9401187814283545	0.0006341779062694255	50.16474506262046	0.0960142562747913
1.9413472863894987	0.0006749509957122888	50.11398382072461	0.09734117471103139
1.94275116280355	0.0006856523666284787	50.27273339897998	0.08982658967529687
1.9441384325394724	0.0007680492746817868	50.239856916465946	0.08849460985734087
1.9458554040206413	0.0008703311305293264	50.15028768066939	0.08948283757820993
1.9475011718359707	0.0007868549662287535	50.16830942797411	0.090903680975712
1.9490302212954322	0.0007161350810127248	50.23900855637802	0.08763386604097817
1.9503916541302369	0.0006677399371057052	50.25262614861495	0.08849458177526882
1.9518037437926323	0.0008169399569718988	50.147597830584544	0.08861745869904142
1.9535395140896221	0.0008218107844771292	50.195581580624754	0.08824194332249609
1.9550872556058643	0.0007143170915040615	50.29546868572824	0.08817889265646316
1.9563946216982013	0.0006475607634494426	50.18661756888218	0.0943215520272602
1.9576907439887816	0.0006390429715916257	50.156713840591735	0.09315700433818407
1.9590705807398088	0.0006574470381982423	50.08369090569686	0.09538013406255223
1.9602015793652918	0.0005865972537320288	50.11902132489399	0.09601425530525928
1.9617316029103513	0.0008296615901083769	49.99398360467386	0.09601424616516067
1.9633444139647533	0.0009024529883526293	50.1316852129921	0.08881701059136515
1.9651556533347407	0.0008029991845362639	50.19294213675086	0.08817888147346083
1.9664876234600488	0.0006176210522712704	50.147707357623396	0.09601426136495582
1.967988550349812	0.0008156496554094795	50.073029558663244	0.09490128362267025
1.9694486865536414	0.0006226862976167654	50.194461371268815	0.09601424846377475
1.9709351721581139	0.0008662260128468689	50.216072052852056	0.08786975741563922
1.9723401593268473	0.000687203928532179	50.17310174134259	0.09378667122564864
1.9737787084750331	0.0006750559853648669	50.282475188872745	0.08817888006826578
1.9751956344938426	0.0006812942216765114	50.27297795231208	0.08786976812746713
1.9766429916404449	0.0008149731224118553	50.17246547136518	0.08868797565700055
1.978162361426632	0.0006731645472703185	50.10464270541393	0.0953801052595633
1.9794202773797704	0.0006127297366094117	50.13859580399097	0.09538012097683249
1.9806676175386762	0.0006567953688263576	50.1018906530723	0.09538010197003467
1.9818989238577012	0.0006369355164673342	50.15852420522076	0.0928645034485496
1.9834028079693953	0.0007451222130964259	50.010077664492684	0.09538013434550256
1.9848767498157946	0.0007460355988350999	50.161413874961184	0.08817889117766316
1.9863210358291488	0.0006387066523394023	50.22260621695773	0.08849460353854614
1.9874735631341078	0.0005741327038125726	50.100625774941776	0.09538010722667091
1.988588954393931	0.0005685696312748212	50.131538563753	0.09502729232410795
1.9897871591421779	0.0006417877127687378	50.06493875728222	0.0973411841366315
1.9910674857516009	0.000589736937057824	50.122306416860354	0.09601425418765008
1.9923413454877736	0.0006190998391195618	50.11815608933779	0.09538012788475295
1.9934038690641596	0.0005407257630870335	50.19051671413635	0.09538012312526759
1.9947824845612838	0.0007285399315729506	50.02982659851059	0.09803546322471161
1.9961393183064247	0.0007309572790328594	50.02217577688479	0.09734117825904712
1.9975734029523964	0.0005869782851130125	50.13480001194489	0.09538012505363676
1.9986778404840706	0.0006387741454838539	50.10071457955677	0.09538012957883754
1.9999814059544159	0.0007085811199726741	50.0528438989525	0.09601424611762752
2.0013671352366496	0.0005951125644085823	50.13131374408519	0.09601426315548081
2.002504236651447	0.0005928961947105881	50.109902094802244	0.0960142684914296
2.0036581237131874	0.0005412778517562044	50.121962043848775	0.09538013059540947
2.0047734873616276	0.000584551907804712	50.07294003414691	0.09538010209911334
2.0060300962417066	0.0007027100887321443	50.07420399885394	0.09538012556150254
2.007595108960754	0.0007693523046977542	50.252697979799855	0.08817890313489375
2.008912557664185	0.0006108851916039809	50.135090345486546	0.09666770411999626
2.010019716419503	0.0005665015340755498	50.14123856035707	0.09538011226967638
2.0114993117037097	0.0007365987463112151	50.00013061000826	0.09734119668885176
2.01279853994303	0.0006144703385797836	50.07186601857467	0.09803545639000356
2.0139460113189678	0.0005877690954502638	50.1394132225697	0.09399683065697662
2.01528539496483	0.0006808409746589355	50.054822351913145	0.09601426709593977
2.0166475030148456	0.0006991596913310417	50.05534827228442	0.09678580108291597
2.018265207560451	0.0008907566430666968	49.95295954414391	0.09538011543512077
2.0199213109725354	0.0008036405956661477	49.96824126418521	0.09551102163348267
2.021220919768332	0.0005817996699686809	50.08614896625595	0.09734116551354013
2.022577175591439	0.0006140282383948962	50.0871039942349	0.09538011281706878
2.0238537874542426	0.0007303968702459865	50.015033811202976	0.09601426156265343
2.0252294291250013	0.0006591630789594569	50.04449532759769	0.09538010711411202
2.0265644985290305	0.0006758795795183882	50.01089519289562	0.09538012998619456
2.0280610952622364	0.0007806259858879179	49.931162074654395	0.09538011663886643
2.02954014469824	0.0006700237138523838	50.02392441221815	0.09490127800054665
2.030664080775232	0.0005699045343749126	50.09708099383511	0.09538010360979188
2.031912238943177	0.0005843113239769779	50.090914891662244	0.09601425678074409
2.032988209697267	0.000670880009515916	50.032671379004256	0.09538013337184098
2.034529112362357	0.0006826099507969259	50.01617274465461	0.09538010312545536
2.0358811858829435	0.0007300115036891164	49.987502905553775	0.09601425290718398
2.037344853675393	0.0007293833743096118	50.0099149491338	0.09538012275389328
2.038634743051842	0.0005200505794383456	50.16610491040322	0.09538011371157376
2.0397342049066496	0.0005938796361237671	50.03499203116177	0.10355270908856724
2.0409964839434815	0.0006779582280971368	50.00247818343438	0.09734117748594663
2.042404497168215	0.00065588839320107	50.02500641107517	0.09601425299681844
2.043656647766231	0.0007014436015031225	50.00691867860548	0.09538009981861423
2.04510755493209	0.0008301861219986911	49.94238931629265	0.0953801154858825
2.0466884322540926	0.0006739017345586047	50.02886310233669	0.09601426655377789
2.0480234469935192	0.0006545916105503325	50.039411769483564	0.0960142441152797
2.049506081221562	0.0007998973357146034	49.944478506318454	0.09601425905752944
2.0509848521197167	0.0006619532571370331	50.01162658091186	0.09666769944823686
2.0523503070175413	0.0007623001836107563	49.95584103735459	0.09601426069795507
2.0536739250191087	0.0005399088735801215	50.13735778394045	0.09538011656425724
2.055133917016949	0.0010112712002148373	49.878971743467915	0.09734117420228193
2.057052783108744	0.0007040120306417302	50.006674929413684	0.09666769709706985
2.05833430035118	0.0006787139471842942	49.99968371204789	0.0966676834521378
2.0595761546756983	0.0006397240622041874	50.02709808752117	0.09734116590868586
2.060959920141746	0.0008385177438501752	49.94582335429701	0.09538011466495373
2.062472731370599	0.0005762375471636673	50.10291434850004	0.09601426227726816
2.06368791458444	0.0005843766203167765	50.073029236127155	0.09538010484532496
2.064807052266035	0.0005382563154046229	50.072744583725864	0.09666770417837534
2.066006603748101	0.0006371667909449429	50.02323174566136	0.09601426734223983
2.0672142281167214	0.0007286877432224784	49.97483520191875	0.09734117898818291
2.0687315227456797	0.0007029051501680265	50.00229853865053	0.09601425994547268
2.0700254329876464	0.0005759109208141994	50.06871395828662	0.09666770989603081
2.071603913994511	0.0009207047971824299	49.85491468055464	0.09601426413209513
2.0732406378060486	0.0007595993588959629	49.92933698892498	0.09666770105164658
2.074761657925475	0.0007837777286701993	49.9218252938244	0.09538011961151334
2.0764700816726642	0.0007884964359943949	49.91878690510836	0.09601426464503808
2.0778466527937005	0.000670543326285453	49.99850976077981	0.09601427088976301
2.0791281180908756	0.0007986284476520986	49.92629853176356	0.09666769997312559
2.080879020586485	0.0008301422432347014	49.869000106097104	0.10025167578241073
2.082421906735377	0.0006168284727504139	49.99144962859037	0.09601426743076849
2.083572745795062	0.0005653449465222912	50.02419553730837	0.09666769261267126
2.085181434057857	0.0010517362515709916	49.78329377474005	0.09601425677024532
2.0868233358140102	0.0006503009774946907	50.017209348542174	0.09538011369980201
2.088473137142462	0.000856919261798796	49.865126995274	0.098751402370013
2.090082157704346	0.0008488933430512596	49.87277789069349	0.09734118090765438
2.0917873855775038	0.0007896615158493069	49.90581800104653	0.09601425912025965
2.0932631389541485	0.0007114452744509664	49.945405252307694	0.09666770208013334
2.0947766057814303	0.0007543486527611695	49.9447596402901	0.09601426099748916
2.0961666938471883	0.0007524701537445051	49.9485561501538	0.09666769478919285
2.097708274527342	0.00082828408741945	49.915405108272886	0.0953801179545095
2.0991968439971407	0.000649473748696906	49.994227636658415	0.09666769875722023
2.100664528793974	0.0008395186553372472	49.86137884815825	0.09734117213392919
2.102368658712182	0.0007355054885344499	49.91881697135925	0.09666770024344648
2.1036457821857786	0.0006915000819919338	49.94180484393533	0.09666769818398019
2.105606007003408	0.0010398689745991097	49.760271579345726	0.09803547226627281
2.1072670334554093	0.0007531927758483589	49.92543379776904	0.09538011948419191
2.108894859151673	0.0008180740537580261	49.86226181543421	0.09948983931141286
2.1101323499840126	0.000480275159988503	50.12104498120224	0.09601425691784908
2.1114413409825654	0.0008353832502575219	49.882718196500505	0.0960142642246085
2.113118114160653	0.0007579551485632758	49.919312648507194	0.0960142588817611
2.1144834580527028	0.0006724167375208055	49.969765400225214	0.09538011963489228
2.116058075443197	0.0008209581415974151	49.84535430150315	0.09666770456500545
2.117495294373625	0.0007260348357377544	49.88123395516232	0.09601426506010739
2.1188388862525254	0.0006323710877431228	49.92968900943316	0.09601426521688816
2.120344468452325	0.0008677594582454893	49.80963629055815	0.09601426156538893
2.1217364890686308	0.0005614358755371904	50.0195453790391	0.09538011129124666
2.1230870510056468	0.0007442561691048368	49.908375117021905	0.09538011360203838
2.124805240265896	0.0008808127314414855	49.83937664834066	0.09601425591223815
2.1263518764418636	0.0008071889867823989	49.86604035803794	0.09803547030772858
2.128125455784203	0.0008434515371051129	49.844424163613276	0.09734117020885551
2.129544050639484	0.0006879358317034678	49.9143965956209	0.09601426636539145
2.130937396405411	0.0006582243812551546	49.93287891238824	0.10025167414091364
2.1324653227827652	0.0008032483114038936	49.91386230942213	0.09666769807565079
2.1340191088953486	0.0007677011339718138	49.952959082965045	0.09538011721718599
2.135519724866744	0.0008335870564540997	49.85765825825722	0.0980354759975627
2.13733571868101	0.0007889662920059073	49.838935653872554	0.09666770150285289
2.1386126426500587	0.0005781635899864602	49.98296374521133	0.09601426213233344
2.140151361399003	0.0008463848273029623	49.826504458896416	0.0960142626455489
2.141625222097656	0.0008027792755198297	49.84645213491539	0.09601426557553809
2.143264109052395	0.0008221964570950166	49.81968027871708	0.09601426376426271
2.1449529605672395	0.0009179328483399619	49.74972164120179	0.09666770309909203
2.1465679889060394	0.0006330602314634625	49.9323320837573	0.09601426386066679
2.147915414127211	0.000755807385710746	49.85564882810359	0.09734117453915152
2.149405574253487	0.0006571831307796547	49.940484757080455	0.09601425646910361
2.150670080160256	0.0006862523670352478	49.9138479582448	0.09601426027612021
2.1521639324437833	0.0007358196020674128	49.87443581705834	0.09601426190532689
2.1535361031892304	0.000646299306726036	49.93604468131946	0.09538011788003521
2.1551205131548685	0.0009338607172626182	49.76320083991708	0.09734117300357985
2.156714902867107	0.0007554605918030889	49.86672158453946	0.09601425854970388
2.1583809377824363	0.0008318828258159549	49.81156707476982	0.09666769624887472
2.160118692370442	0.0008717341881058444	49.80865347183858	0.09551101941218532
2.1620973961397874	0.0009189782319138093	49.778173101874515	0.09538011341563044
2.163858624053385	0.0009576067785220702	49.754101180721904	0.09601426218700809
2.165326928460101	0.0006725550502209224	49.91399395859029	0.09666770482867637
2.166838225420491	0.0007620232859952716	49.8869171046394	0.09538011857813539
2.1684488251970184	0.0007533451746906663	49.86377756300746	0.0960142619087183
2.169802015257072	0.0007343824753766865	49.84982381990797	0.09538011432589716
2.1711357776262328	0.0005709275103123573	49.951522778094926	0.09538011499211912
2.172403846443838	0.0007215128546093629	49.857651973435765	0.0953801145331613
2.1736076744084967	0.0005583370210011808	49.97544754444009	0.09538011188687998
2.175186311446679	0.000965337422669283	49.73134350115405	0.09601426480559092
2.176967816942001	0.0007369445176154029	49.85312785541383	0.09601426269312445
2.178461226000583	0.0008326008804817768	49.79555083598266	0.09601425916463417
2.180117102831854	0.0008035537449873122	49.79701860976123	0.09666769534980138
2.181480825403133	0.0005421849056733272	49.97618863613832	0.09538011178451736
2.182721703801372	0.0006853894274343252	49.88407462297105	0.09538011977317472
2.184144214225837	0.000767020653777657	49.841799027679485	0.09601426057289575
2.185868646819428	0.000872193742709374	49.77494385602017	0.09666770503268132
2.1872472494902606	0.0006605938165470923	49.885103220976895	0.09666770045887009
2.188846811887856	0.0009100821766997783	49.74775198030545	0.09601426124583252
2.1906349172352306	0.000815151983761752	49.793502058568734	0.09538011725400959
2.1922920245461923	0.0008930817521849552	49.727443192058125	0.09803546852797755
2.1942843002062844	0.000954798478349678	49.70748368303036	0.09601425259395474
2.1959326426145225	0.0008589815658499075	49.738592689762854	0.09734118396822375
2.1977112449038696	0.0009157034655753134	49.70957239871548	0.098751403101544
2.199626035502207	0.000985900658300611	49.70369476743441	0.09666770318660022
2.2014104888210477	0.0006782379695303753	49.89609771571384	0.09538011161989136
2.2028422819427167	0.0008441745047087819	49.816613415437686	0.09601425927411533
2.204606962699781	0.0008415804499382394	49.8343740165454	0.09538012322487238
2.2059357029570537	0.0006608750005360754	49.89463448374517	0.09803547031971192
2.2076812977160976	0.000920443350182055	49.72481343110701	0.09734117521504279
2.209328054039553	0.0007549745248303028	49.80898840349982	0.09538011526441324
2.211024965078546	0.0009264556796717128	49.70272039737285	0.09538011775467069
2.212668068248206	0.0008065701491119238	49.74655164065464	0.09601425893514644
2.2145651778788125	0.0009424343250938205	49.67312902537928	0.09538011123028563
2.216162672808498	0.0007928396727878651	49.73857676732945	0.0966676940720029
2.2176634042473578	0.0006678074301228461	49.82166948046422	0.09538011005955561
3.068350766758393	0.002987357274091757	48.91497020544071	0.11631634495064097
3.072422709702322	0.0016910744942253218	49.09547378311983	0.12049421095568769
3.0759714167439234	0.0018171305571526943	49.07498434359057	0.11889907987632303
3.080184806674374	0.0017995865626916747	49.06599394613393	0.11962005268017234
3.083179784805723	0.001924680472511258	49.04710911581539	0.11962007041539394
3.0868099598521357	0.0019086595296059538	49.04382580731878	0.12049420550342467
3.0909404559974587	0.0017555657213627616	49.106159967196064	0.1199862553061397
3.0942169703086924	0.0017424242303391829	49.094353194269914	0.12246470310934794
3.0986035100332834	0.002786289086511162	48.87021344649739	0.12166353798733724
3.1038798457540997	0.0020972739651351486	48.95748134948899	0.12126953983764668
3.108274167884769	0.002335699536527184	48.90375191839551	0.12246469611685737
3.1129078215435753	0.002182493427848893	48.95582247087907	0.12166357505378116
3.1168447706395312	0.0017811219435666993	49.05330157140744	0.12206192520501641
3.1205420350872415	0.0026490850210866912	48.88384678722483	0.12328367079395998
3.1253576884080667	0.0018712881203072126	49.07817220878807	0.11962008064443952
3.1298158874606643	0.002222622119460485	49.003580419686465	0.12206194382879597
3.1345966953226605	0.002564727548749936	48.982490802908984	0.12110814639550394
3.138408355185165	0.0013317055694842988	49.230903192531514	0.1181929042713856
3.142531344852082	0.002518247080128962	48.85736540791918	0.12166358330744859
3.1468898016217732	0.00225568991521318	48.871953083349815	0.11889910452242504
3.1512443310818896	0.002115664561058712	48.9303166341209	0.1188990879063752
3.1558287402994467	0.0023260236118621217	48.891914622999714	0.12206191468931755
3.1608129524762325	0.0022995272865651423	48.90089677795274	0.1212695590012774
3.1664446893960156	0.0027238625561816633	48.820133214989184	0.12110817779041098
3.170354853120278	0.0017996621545542815	49.00514879699266	0.12049420777660146
3.1734143060599047	0.0015636389891738249	49.08675046187162	0.12087976515738466
3.176884571346073	0.0018835458428549195	48.994719202380985	0.12246471432534274
3.1802224468282856	0.0015393180084749456	49.067996248141455	0.11962004936883867
3.1835470487496034	0.0019639682872334236	48.90804121757471	0.12087976759681247
3.1871612904364466	0.0017313487055094483	48.973402596759485	0.11962008770958231
3.191290140562166	0.002250856414114955	48.831469435453684	0.12126955850048118
3.1963481891332894	0.00222479368405559	48.86940762277995	0.11925773145185099
3.199844463865724	0.0017865965504117755	48.956308300647606	0.12087977880654427
3.203528235298924	0.0017715063755700715	48.943630248582345	0.12246473491215713
3.2077030321493765	0.002477004792768972	48.80634421980669	0.11911198398393477
3.2123058966895477	0.0021444888238595365	48.80901100727636	0.12206193050074683
3.216583997488562	0.0018201498530883002	48.93573359645512	0.11962009173413564
3.2210578530038547	0.0032026328509840566	48.68641150050945	0.12454680175331677
3.2262740986211282	0.0018788629431075463	48.897909413701484	0.12287192621135826
3.2295062636390464	0.0014723248179927893	48.977692373973014	0.1208797470393551
3.233275857000321	0.0018488145166927524	48.8587274555948	0.11925768703631841
3.2373247125937143	0.0021208696688149653	48.82731399508021	0.11889909115152984
3.241637017714029	0.0020999148078560473	48.85773985611961	0.1196200464108028
3.245046746715939	0.001799415963797618	48.91701253722158	0.12206191702969875
3.2484768336393306	0.0013154113693289327	49.099995012522925	0.11740538102890588
3.252044798665332	0.0024229404778256143	48.78508892880357	0.12328369261620745
3.25629270217832	0.0018456902483678264	48.93296518259412	0.120879799816799
3.2609084624785223	0.002465323633428126	48.80089218127159	0.12206193964438096
3.2650659801790702	0.0017183167332218052	48.93631569576719	0.1192576797617055
3.26850569222303	0.00179450977190611	48.88107320070828	0.11998624342866152
3.2721224090759917	0.0018685964653627042	48.89119863166218	0.11925771921420843
3.275923125814609	0.0019405085828172743	48.91455660053033	0.11807772066495562
3.281331430837583	0.003832326097056057	48.79449267677683	0.10549330563892499
3.4654362457741614	0.0013113094983292824	48.61789279832464	0.12102075428578546
3.468453295853724	0.0014154777292868436	48.57862874785194	0.12190391410167119
3.4723079669330055	0.0019641534561924807	48.45932748387744	0.12145963968091034
3.474905046320997	0.0011156975348633558	48.722559189528276	0.12015874424500905
3.4771187312887357	0.0012765055914390495	48.662057674677826	0.1202542919725891
3.4800423433267027	0.0013782055460139565	48.60301164205096	0.11984104416739924
3.4819986353970656	0.0008232111820285586	48.8261151828243	0.11973546910087549
3.483958792903726	0.0010926793280654342	48.71508813216182	0.12190391142303131
3.486497074625085	0.0011949276735260415	48.686582025285674	0.12015874253883256
3.4887830749248603	0.0011346100053513954	48.682031147576126	0.1201587475928303
3.4911377411657276	0.0012896887775293933	48.60379924553153	0.1210207471951095
3.4938424593576847	0.0014953131318381234	48.540309869683185	0.12102076058554949
3.4971119087787854	0.0016430885621557861	48.52347322268991	0.1194325444194855
3.49984478897002	0.0012641106495797205	48.63993989658418	0.11902882039849827
3.502069007074215	0.0010480512318109204	48.70107985723293	0.12102074866343968
3.504550666928463	0.0014067771947268851	48.570175674640794	0.1223536639804414
3.507681614098226	0.001655325453038767	48.55511905145554	0.11756681173981255
3.5104711786242198	0.0010793405793605717	48.68170098555511	0.12190390261926481
3.5130686297897946	0.0015838346463400356	48.48686543414733	0.12102072424820882
3.516425350578031	0.0012674504384412293	48.58759201880457	0.11756680989539041
3.518072982251774	0.0007575946762570976	48.76622505573668	0.12145967725770383
3.5200689140933075	0.001156325410721151	48.59939659463801	0.12025429154960135
3.523119413194928	0.001946990494232068	48.388298983919135	0.11871047480428544
3.526431129148978	0.0015358448279877298	48.464008702485515	0.121903906393943
3.5290785982916772	0.001280291746317601	48.560805039321885	0.12102075658779671
3.5317051068830776	0.0013215112949524963	48.549034672058916	0.12190392648599312
3.534719668197743	0.0011665684074423177	48.603751485110806	0.12145962972819249
3.5370222252658574	0.0013054498005822819	48.553004574473874	0.12145963290693891
3.5395241265256714	0.0013940826648560596	48.540811592384344	0.12190391344658616
3.541992862438493	0.0011471753314830763	48.63886924775351	0.12326987880864648
3.544690068470605	0.0014726122207582098	48.52291736646878	0.12102074228107211
3.547351796933595	0.0013219736834422617	48.558257630158565	0.11862974117353946
3.550291649149868	0.0016882030383318907	48.39550759774405	0.12102072216082832
3.553050672039984	0.0009319490871430256	48.65129131185091	0.1214596451176425
3.5552810478643244	0.001390781304907281	48.48065726795952	0.12145966308181358
3.5581640679709152	0.001427625842156038	48.477191624364934	0.12145964846525055
3.5607448712762415	0.0015565066660359183	48.45938182518012	0.12145962173251561
3.5649026001916337	0.00226680646315413	48.55036920132962	0.10364753545445499
3.6756808233522196	0.000702701202091928	48.36978810886636	0.12102539998322026
3.677346468687532	0.00094500897429524	48.22780801266571	0.12059021667787471
3.6789884230238203	0.0007322333565058226	48.301881859717355	0.12059018499774794
3.6803647088407003	0.0006951493971541775	48.32107816783651	0.11863256585203383
3.6815438320896	0.0004506233753244264	48.51767853570243	0.12059020728008561
3.6826945031391918	0.0006914302184973793	48.410402996990506	0.11719797100347724
3.684053202228053	0.0006203516478920111	48.45819501481505	0.11863256988984844
3.685171725435618	0.0005156299925783451	48.516425150013426	0.12016027587746389
3.686263416479726	0.0005829044215919615	48.45761300270525	0.12146591950053752
3.687273844068572	0.0005473450154060905	48.49403185432508	0.11973547110492053
3.688626148319449	0.0007843733603579309	48.35077606821008	0.12102537922540724
3.690175182000566	0.0007815671022551459	48.37928530336813	0.12102536318560454
3.6915407887058582	0.0005758640634633135	48.53652518147544	0.11784524043811244
3.692834553867607	0.0007430262207397731	48.3500002615925	0.12059017732432961
3.6941263297037934	0.0004714378715520754	48.48890987506777	0.12102539825408437
3.694987528485283	0.00036968262793951064	48.60223683044798	0.1197354478686207
3.6959893311313334	0.0006705845267514894	48.36421794498345	0.1194383356487634
3.6971438601070914	0.0005016098271794677	48.48622915259887	0.11903310873099773
3.6985417940956746	0.0008333252522544551	48.21756667728992	0.12146588258261312
3.6998134161267244	0.0004653046374210258	48.47333886735869	0.12016023143714072
3.700809345213074	0.0005305492027175654	48.44371130395518	0.12016024595304732
3.701854003837807	0.000529274545162359	48.4953094786544	0.11863257274971004
3.7031373154438962	0.0007915759004180694	48.30938587860069	0.11823665662886897
3.7048786123220077	0.00085410041265547	48.21988729254735	0.12059021287999915
3.706684799930152	0.0008832783824984318	48.19951514217306	0.11863253875500265
3.708154649198646	0.000684660124488222	48.27735825005331	0.12016023003279772
3.7093658238901663	0.0006177366600367336	48.306962646188204	0.12146588961467973
3.7106125249894455	0.0005511355559388052	48.39972369529912	0.12059017626842489
3.711923443129441	0.0007433922165302965	48.33997317995792	0.12016021388047461
3.7130759057140224	0.0004513099321692787	48.62157406720822	0.12016022954949916
3.71407128960314	0.0005789217321292893	48.50481774153085	0.11823664913255667
3.71540338644902	0.0007374593161129613	48.31092129580724	0.12146591559209341
3.716751246836854	0.0006073205164665904	48.364852773006675	0.12016022649639502
3.718091708894151	0.0006054616037115062	48.33819825408547	0.12146587419743167
3.719192877095647	0.0005721219925220604	48.35830746263541	0.12102536387569186
3.7202088330466707	0.0004756648539628129	48.46639237239353	0.12102540403026715
3.7211780513896398	0.0006011614843726559	48.39400561394848	0.12059016480634846
3.7225616246561866	0.0007254163820035905	48.33254138277297	0.12102542627673582
3.723934634863299	0.0005659219091602487	48.46136673524323	0.12059019128179471
3.724905141739456	0.0005019146471740171	48.5020159873123	0.11973546587726411
3.7262892326945285	0.0007504701610555628	48.28311686074041	0.12059017778167531
3.7277410007757	0.000623306790898358	48.35340385457103	0.12016025258852787
3.7286159502611613	0.00040433524372251637	48.55016340858295	0.12016024798825894
3.729538781171519	0.00040347698527663106	48.56944767876807	0.12016026035349205
3.730279867822475	0.0004647613757246165	48.533994095978656	0.1201602501780539
3.731316575946638	0.0005872900237401161	48.45885502685431	0.12059019565404917
3.7323785599879593	0.0005858556728112075	48.43569172234266	0.11973546684001383
3.7339173863940593	0.0008295928781916612	48.24093512983241	0.1214658594066614
3.7357936791579314	0.0011011113028558271	48.32251647252249	0.10342384253460857
3.8193270561248718	0.0006057631113441653	48.36329321404661	0.12112940298960384
3.820655173427657	0.0006290731703162113	48.34386992762648	0.11973547542574489
3.8218939686011724	0.0006021932878094041	48.34248111344937	0.12112940747615931
3.822886508522711	0.0004506139515998246	48.452381231218645	0.12160631426950835
3.8240089956161643	0.0006492000556768932	48.29291317707001	0.11973544587410659
3.825366437707036	0.0006969605058574576	48.266918023722596	0.1178452288886193
3.8267178885565527	0.0007444169098427764	48.24343095795143	0.12001164171803835
3.8284333283548766	0.0007414823027527695	48.27475950766777	0.12257921588897142
3.829925850280705	0.0007635766132961355	48.3521893009686	0.11610015370831292
3.8311756843075417	0.0005649022432376174	48.40061609296813	0.11973547773533237
3.8324848692044307	0.0010529333488105744	48.07987487295733	0.1211293925773855
3.8347119751701872	0.0008526511993489703	48.161290076054925	0.1195674476012014
3.8361477074042063	0.0006070278674603172	48.281069448997016	0.12065867083631313
3.8375825311603013	0.0008712416060908286	48.114057682102064	0.12019406715374159
3.8397404587198936	0.0011558881394003876	48.00943748114073	0.1201940577694229
3.8417661738842015	0.000838913548946108	48.17303716752825	0.12019409489333346
3.8430559137954226	0.0005257542353834913	48.408919703483626	0.11869560366106073
3.8444209123523376	0.0008814504191227445	48.16715720464766	0.12065865928103611
3.846059367279994	0.0007357310779488489	48.259883340687054	0.12019405909188174
3.8472633466214616	0.000639026774342101	48.29393312857841	0.12065867449517795
3.848675237312769	0.0005661801533877599	48.33923264437177	0.11826781891982173
3.850021214421775	0.0008231181308760907	48.14164092407576	0.12208953462711912
3.8515916905318304	0.00082014698353256	48.16640610696291	0.12208953360857949
3.853448141171127	0.001026645595433741	48.10801112838483	0.11973547201666784
3.8556545951406913	0.0009053660560902568	48.17185513086292	0.1216063010352284
3.8576536714447474	0.0011552348996484165	48.07490403836513	0.12091707379163215
3.926391603081027	0.00035505819371971253	48.06070611112199	0.12119991230827418
3.9270912901865533	0.00037417770706280024	48.041454712612435	0.12119988767446774
3.927844913596107	0.000334207238972368	48.095354398986636	0.11973545877612299
3.9285108726888756	0.000314068325306063	48.10135272730245	0.12170156534970569
3.928975842831855	0.00023530114502990114	48.22642577035267	0.12070509251251711
3.9296048067799396	0.0003915958246462589	48.00672986331371	0.12021694899135335
3.930155031846635	0.00013688422370606305	48.529806128645575	0.11651038453588457
3.9307311527678945	0.00035152805375167215	48.10093786975985	0.12070508444898054
3.9313673035266103	0.00039001760968503606	48.08178251208881	0.12070508174732086
3.932111593030027	0.00036987723846421697	48.151481227317845	0.11973547251923741
3.9329187663440757	0.00034975405088540757	48.18507332271454	0.12070505999376467
3.933699146783884	0.0004655118408646665	48.033476703225915	0.11973546072593529
3.9345685269622703	0.00042586325263822497	48.05376959702855	0.1178452726249428
3.935331216035601	0.00028985358775826075	48.17016851953613	0.11973545769291458
3.9358931421026395	0.0003473745525249125	48.06907718257776	0.1202169644351788
3.936783770596984	0.00048147369636914453	47.92193870294648	0.12119991689249394
3.9375650637047275	0.0002883665175322838	48.201284674271946	0.11651032531188468
3.9382364591544348	0.0004222816741031886	48.02631436043633	0.11784528136264781
3.9389644474236998	0.00024911111232091607	48.26005489879408	0.11610019758605684
3.9394602924040636	0.00024883449206888	48.19694905066828	0.12070506299422518
3.940011171278742	0.0003440962749668284	48.063469736916716	0.12021696281917153
3.940694997821834	0.0003435548980360486	48.057530833399284	0.11973547005108977
3.941408240523779	0.00036204367029215705	48.0316339418241	0.12021699199830835
3.9421735428973297	0.0004184707919317299	47.96681045815027	0.12221021276128678
3.942918081391412	0.00030382039921489893	48.19556565672035	0.11486415488605912
3.9434668484275552	0.0003034367394290886	48.172807223071636	0.11610022886702441
3.9441356080422962	0.0002840365888677702	48.17967149858126	0.11873829211057593
3.944677167647868	0.0003404116008428191	48.05380718874308	0.12272591651120204
3.9453310685487355	0.0002832558107789106	48.180312703875046	0.11973543669603098
3.945882107395984	0.000245174580541093	48.276536550750464	0.12170156445437347
3.9464004292726584	0.0003013939860001133	48.2343631727186	0.11973545666687165
3.9470364990539655	0.00028213817310182327	48.377349020883436	0.11610019388521245
3.947662574503781	0.0003380795838101167	48.31182823257451	0.1207051020107848
3.9482333485839853	0.00035639848638732393	48.26796744416713	0.11919365725575332
3.948960394378744	0.00026217447237630317	48.31437360655915	0.12070510043761334
3.9495760077427646	0.00037399590893596974	48.11081979833955	0.1202169869909168
3.9504166806295236	0.0004479331439582192	48.01115337647412	0.12119991302089816
3.951170075355884	0.00037262568203829543	48.06557099194838	0.1207051026968242
3.951920266388099	0.0004091837963786229	48.00787737754165	0.1197354620114803
3.9528900198590233	0.00048238920771426913	48.11052060278491	0.10677788525015702
4.348957478795259	0.00027584259014612077	47.61452010828914	0.12007239061778481
4.349448514952862	0.00022340125237358175	47.69721200587685	0.12041259726455057
4.350071313093079	0.0003718048230320749	47.464078866557145	0.11973546718305447
4.3507690274548425	0.00033408895929904733	47.48214521128478	0.12110300771682081
4.351415948975305	0.00025945821950183734	47.577653293876914	0.12007240122324568
4.351852346538989	0.0002888194632405351	47.51660866153271	0.12041258029112943
4.352541988153491	0.0003696956530231295	47.44343845538086	0.12041259048447699
4.3531929365654065	0.00025101687563424514	47.6442300510637	0.12041259289350653
4.35359437679574	0.000199153537343941	47.73263314204308	0.12041258497220134
4.35434967231487	0.0005154228948393381	47.279986324093436	0.12145330453145121
4.355142938055445	0.0003086887951274233	47.51115263805827	0.11815569411071034
4.355949012643883	0.0003961504712819078	47.35554077158256	0.12145326932025638
4.356539201732622	0.00025641836671571927	47.53917081796838	0.120072389417422
4.357124901560446	0.00030728617830346106	47.4964563073525	0.1204126052853416
4.357648607407656	0.00033614496188905725	47.5152396530673	0.1181557180336417
4.358583456633455	0.00043750843562252197	47.43189639941461	0.12145326830152799
4.359336984032275	0.0003275160420762421	47.67561421325482	0.11070787382731426
4.3824195732163105	0.0003106072423911547	47.470595706778916	0.1204069643263617
4.382983101504716	0.00031709698475011067	47.46554121885294	0.11973546018127486
4.383765158034718	0.00043350217360229356	47.35836517430203	0.11846388731486267
4.384592502678418	0.0002953202636907826	47.50173072115817	0.12109156696232072
4.385213596361557	0.0003429041457754905	47.43779155138499	0.12074761865280119
4.385860492723541	0.00034924349098983056	47.42920771078789	0.1200696280698996
4.386589878916222	0.0003623284609653482	47.41797534345848	0.12040697196701323
4.387221416672314	0.0002730558204024263	47.56890368377633	0.11877748137451381
4.387828204991808	0.000340845941545317	47.474963805486176	0.11909394027348465
4.388554318407497	0.0003879173234795301	47.411885783017794	0.12040698276039001
4.389361371326306	0.0004075759189374715	47.42976209383974	0.12006959198319293
4.390212117598879	0.00037284405012434467	47.509943335956024	0.11846384716690526
4.412544167122079	0.0004121483277428091	47.41891627709009	0.1220898798402304
4.413627787796208	0.0006038347310486552	47.26286668755263	0.12239540060794649
4.414555801656089	0.00035896226813984187	47.50374828393625	0.1208930953370767
4.41539084024732	0.0004414452903632555	47.39356895652724	0.12060009328252053
4.416220522460042	0.0004469849036700766	47.385946559362885	0.11837409674412144
4.417224648930719	0.0005669741196451641	47.33101951544403	0.11361661434845093
4.4415123789411695	0.000331335445463416	47.362339948384616	0.12006898876712077
4.442545987703313	0.0007872955105313127	47.251776594370604	0.10096770675773362
4.657860779510994	0.00035508081759791393	47.03212616556845	0.1332460829755974
4.658499539686782	0.0003289725661412658	47.100673446807804	0.13076641028694747
4.659502740759023	0.0007111164694826742	46.990010612351504	0.11048709458049946
4.674515937266444	0.0004755927061757857	46.842839536889954	0.1332378462122145
4.675183921825877	0.0003060229294169285	47.02619603823493	0.13500268218347466
4.675845182318264	0.00025638671872948114	47.1099959405946	0.13323786692316683
4.6763534335692585	0.0003051873567494973	47.03429605826359	0.1332378702859941
4.693970275785626	0.0009229815595538972	46.771739231973285	0.11386428869698831
4.706665212831427	0.0011024972129998795	46.82954340708605	0.1109749648898057
4.720637625212265	0.0003262991891959316	47.03099612477937	0.13357712962375373
4.721510659472265	0.0004805622657840788	46.86124074691274	0.13357715676662368
4.722515615909486	0.0005582972944297583	46.82476235757405	0.13078966692375285
4.735165768689664	0.0005392161758804233	46.8456506717183	0.1329948913717338
4.7361369861034035	0.0005318986751714824	46.85467204514525	0.1333915874538458
4.742749132826105	0.006434352944862805	46.90292721369704	0.10790982242733856
4.776795792073421	0.0010299562934046023	46.65117882621307	0.11564275796215077
4.846550842962053	0.0006599823128721564	46.66607432626652	0.12312774118631789
4.858230106209184	0.0007430846778218369	46.62259354736039	0.12108151963926773
4.86892659957857	0.000725006354397909	46.54325600565796	0.13358348427834832
4.883056859881396	0.005084300090109875	46.42928980955362	0.12261336118096895
4.902543660968914	0.005389684033800221	46.47784389000432	0.11356937359641547
5.05899431091499	0.0008444907438884121	46.28264518019427	0.1367592285666181
5.065671579236946	0.0008988787087174162	46.51241567112915	0.11073880560016552
5.072309694778576	0.0007414621375772679	46.35653857739231	0.13414033255476612
5.115851995037985	0.02068710581436043	46.23482147477002	0.10904580930287458
5.167153354442653	0.007824505362474327	46.11908497706365	0.12370638999708923
5.1830475086511365	0.003074357951592497	46.17206230713292	0.12296020462540423
5.274737014612786	0.004665274990524009	45.99432763259379	0.11695808087683417
5.33190705712102	0.005444543985521076	45.97463376697088	0.11438343062992465
5.373424287730272	0.013431691285912133	45.910744110721865	0.11139466649155207
5.409956830360012	0.006212717328597593	45.780014965373915	0.12520887717906487
5.572405289882204	0.010211742873872677	45.52051808528104	0.1331573938412955
5.593842052363262	0.005154131396342105	45.60182548198197	0.12760918352017664
5.646167969623893	0.027873474805032033	45.318923562635405	0.135231583420029
5.729955839311339	0.025158982168557727	45.327713318605404	0.12244055034620244
5.767545140852071	0.011304501781427041	45.31092530202559	0.14265863120255345
5.7823333899129175	0.0014364324592297108	45.31183754565568	0.23335523571390498