-1.7542727891540155	0.4289327982758951	51.82360311645984	1.5718285785800545
-1.4050792247767183	0.04798833700194272	52.057163098244374	1.5728591038388235
-1.2140515233837252	0.12364256043003077	51.94486236111128	1.5714350363415361
-1.018319238457042	0.07878357880209674	51.6707844897561	1.5783060024845366
-0.913794963780886	0.030965737986361864	52.088096493908964	1.5726651299823238
-0.8696662238350772	0.01398693958883527	52.28700384312606	1.5724675485652917
-0.8296107112541683	0.025509220169669968	52.146407569303534	1.5729864130109952
-0.770106799218445	0.033364492956524175	52.18278862222222	1.5716980882650622
-0.7080330396299146	0.028920831131897133	51.89297304418887	1.5746572517544257
-0.6537320866198487	0.025521712767586874	51.93444587358924	1.5718256998703726
-0.5689860498908206	0.05599284210942506	51.351796697756036	1.5738998266652753
-0.4922027701190697	0.0234595262045621	51.40890375133763	1.5718456424992262
-0.4320535173559298	0.03574440174404745	50.94658050360987	1.573891293815133
-0.38836903580091214	0.009235395674066319	51.10981213080345	1.5727513313283132
-0.3281030642712709	0.04823261246195538	50.84044272397023	1.571464113508996
-0.26118498480033403	0.02067248618953388	51.38119410039564	1.5717742175688696
-0.22169142400474667	0.018875529773227998	51.48681176219599	1.5749164164260985
-0.1972262757360192	0.005947202778928403	52.032994845900234	1.5724740563486035
-0.18260710540290265	0.008625511040672508	52.06190070287974	1.5724745157513569
-0.15747215696597205	0.01628095525142576	51.96578425849881	1.5723220414280772
-0.1286047576175796	0.012694957089281492	51.6406211708217	1.5729700800232786
-0.11118585696054151	0.004878342946997728	51.63867179711673	1.5723676129529056
-0.08745449778426628	0.018475702480333662	50.970643715018916	1.5728889694758172
-0.06058927962971039	0.00868371869493397	50.753776017284046	1.572580616023631
-0.045652599945638195	0.00629260295585164	50.581892785631155	1.5727118867766061
-0.03324629782132604	0.00611538815644389	50.55376967261276	1.573953771720648
-0.019206463389193185	0.007894469114725125	50.64548132525096	1.5721921018087686
-0.007523323021176087	0.003842463882124733	50.88353506815474	1.5718447336322956
0.0019781378678636052	0.005638967507541904	50.63245669736497	1.5750426452772395
0.01311212325882083	0.005496238965810758	50.789533836288584	1.572455443955628
0.025750976102228873	0.007118123036688711	50.74357497599865	1.5729963819503436
0.039758866855484465	0.006892195688226046	50.8899084994721	1.5717180342482837
0.05332902161545472	0.006680168927222535	50.649325880095105	1.5786838984577627
0.06486474627463834	0.004878799647064331	50.97657169879868	1.572659365316937
0.08239506406563368	0.01249543553268676	50.8157137649839	1.572884656311249
0.10074503402698864	0.005989236085671934	50.962496864678904	1.5721143491217464
0.11401597083440562	0.007261235275027238	50.75684392366185	1.5734046696357717
0.12406454859575666	0.0028380622847581005	50.94555718636488	1.572894945668225
0.1297038992646259	0.0028014480393743105	50.731162594899686	1.577259979587079
0.13388587187201162	0.0013873006936105496	51.051075072472095	1.572821896365692
0.14619546773154912	0.010788249815768723	50.577571084510936	1.5719067649330587
0.16208364094002903	0.0052003530134452835	50.629847803777494	1.5718339062000146
0.1723617584175562	0.005078725124732304	50.35709533437729	1.5770318876362586
0.1836411420314965	0.006185649924866203	50.42494496755093	1.5722745560288522
0.19342709465147268	0.003628696412455436	50.78681206367106	1.5723083154301054
0.20181257511528272	0.004745739455919411	50.92894790248312	1.572634887704023
0.21582140687364593	0.009190201960804145	51.0275749974134	1.5751573950444417
0.2282775834917926	0.003348884323700264	51.70173652407618	1.5728226242136985
0.23602218204616576	0.004386259123497917	51.8704875072553	1.5723670693549765
0.24578080082270715	0.005360998414651647	52.07240716380309	1.5727588933800432
0.25216681521368955	0.001056549040781259	52.48040063464058	1.5722988772274296
0.2542747903053424	0.001051433197140125	52.453379463777345	1.572868389581419
0.2574176902786741	0.0020877033142796602	52.13589400755095	1.5768748029518542
0.2626058358282757	0.003094367522247977	52.265807260570526	1.5716852758161546
0.2667121848126003	0.0010217491626551389	52.437089331350165	1.5721017872661938
0.26976666580438224	0.0020291764114838814	52.09140538479094	1.5747175878728965
0.2738061745441318	0.0020103899123379786	52.26465853060495	1.5718288583933107
0.27780845505784757	0.0019919480869346183	52.065763556770015	1.5748081574689348
0.28078614436344995	0.0009891686209126114	52.27470816256061	1.5719615063993637
0.2827599903493122	0.0009846831015762497	51.91764183449771	1.5756087273075636
0.28472490588028454	0.0009802380789940453	51.94141687731837	1.5724589443156105
0.28765570735121093	0.0019472905828487735	51.40987842595783	1.5748073196784438
0.29153293031864613	0.0019299832534347666	51.254272261610886	1.5722113649910014
0.29633128317124524	0.002863165463692942	50.894623966462056	1.571070798045937
0.30013215634178836	0.0009460722824783368	50.66385545951627	1.5725390240710224
0.30296113790156143	0.0018798592471132441	50.523514450388696	1.5725165447561744
0.30856441382117694	0.0037115221163834073	50.7514988322706	1.5717757326699937
0.31409631468714216	0.0018322728915125173	51.16753440730719	1.5725600490537546
0.31774548690169435	0.0018169416651537638	51.43413849280803	1.5716583311725507
0.3222642509924275	0.002697202037090065	51.66436072117313	1.5714358284011531
0.32584571236564985	0.0008916835667830647	51.825174897297586	1.5727353540196451
0.328512556995859	0.0017724496782814748	51.55009809631393	1.574570774939305
0.33116312802274217	0.0008808325342261886	51.71887221692965	1.5727248018666629
0.33292122805616153	0.0008772739777338414	51.533727375674296	1.5748554424109398
0.33467224228255066	0.0008737440533881867	51.63684287275834	1.5728802121507286
0.33728559586447626	0.0017370042261136442	51.459950479561904	1.572369316387846
0.34074578389292864	0.0017232198435523684	51.337909788433514	1.5727525745566844
0.3441786197948118	0.0017096525215673985	51.291240104208995	1.5722452692500248
0.34673555555239455	0.0008498082045921588	51.33364120019742	1.572693153020577
0.34843185578714153	0.0008464954332804359	51.36718804027125	1.5721770845449838
0.35012155625365393	0.000843208389747235	51.01368855799087	1.5815048755408845
0.3518047056049467	0.0008399467802810964	51.263307651512434	1.5727897138228153
0.35515156434097306	0.002500496008698168	51.18826868439867	1.570769804440202
0.358472827054499	0.0008271488080123438	51.29062578919672	1.5716333900284094
0.36176888309048727	0.002462684896616628	51.112498018894364	1.5712905789691698
0.36504011298961014	0.0008147349790495578	51.353200512378	1.5713116366836826
0.36666653214421774	0.0008116895283346904	51.04306647603493	1.577583342504719
0.36828688553837363	0.0008086667559203222	51.293198970840365	1.5716566674006118
0.36990121345554816	0.0008056664183397708	51.12327398750999	1.5744359031022581
0.37150956531817525	0.0008026882579087477	51.18229177756408	1.572800083622219
0.3731119828338636	0.0007997320340362151	51.22508446821339	1.5722405710631
0.37470850725903126	0.0007967975095975538	50.93546724583266	1.5791949985668035
0.37629918650329097	0.0007938844378975052	51.14329631161697	1.5723223403978237
0.3786743332434095	0.0015791091052032844	51.03939458712132	1.5721705397286463
0.38182112395192425	0.001567708622493876	51.05012384961263	1.5716044446348698
0.3849452765547803	0.001556471577103133	50.994548921059376	1.5722521656501114
0.38727372972714913	0.0007740744726190714	51.1569076568229	1.5721263537432952
0.3888191266622354	0.0007713248948263601	51.119323951296565	1.5725302842805224
0.391126958676532	0.0015344739225857699	50.929015598848935	1.573083590083888
0.3934225917151535	0.0007631921304782787	51.22992454206773	1.5711179436358291
0.3987323452068712	0.0045235081847716865	50.72178278592713	1.5719034233997977
0.4039779648769659	0.0007448666164062096	51.02627617773968	1.5726836309504606
0.40768641816811524	0.002954133029684614	50.69227787872334	1.5730367520011788
0.41355485658625857	0.0029144835608574922	50.787501199465744	1.5720741041892508
0.41790472463521366	0.0014427189834088413	51.02454814360717	1.5719017664011055
0.42078061994152294	0.0014331968699291947	50.89758270929249	1.5751702283700617
0.42363759523900124	0.0014237996298891117	51.08185856470794	1.5729188412966855
0.42647589994519297	0.0014145248160308866	51.25633416062007	1.5716675250793581
0.43069887572100907	0.002801673942419303	51.02199115395033	1.5734527232813431
0.43488118445240675	0.001387411488910182	51.342532920554966	1.5727405958220255
0.4376471798925312	0.0013786032279820182	51.37854640438685	1.5727583509579894
0.4417634211076864	0.0027311971180399015	51.34071706238981	1.5727764870516114
0.44516406847239964	0.0006774736478208519	51.77311855346136	1.5719582787982713
0.44719174859724453	0.0013486359191212521	51.60525850020104	1.5726167226934604
0.44921000565251834	0.0006711915335371796	51.881914619783224	1.5716113248341146
0.4512189268153448	0.0013361879292244578	51.62504334370273	1.5743152766527746
0.454546615296644	0.0019889831992948763	51.863025906096325	1.5711654113945275
0.45719052878925637	0.0006589704596970531	52.132940365494804	1.572177330939326
0.458506472733504	0.0006569767532225326	52.227839581759156	1.5714387515238126
0.46047294525862514	0.001308017413332017	51.93623754604214	1.574883015215121
0.4630811320111923	0.0013001855615761984	52.145843182925134	1.5716889815229682
0.4663194927198764	0.0019357899788479517	51.77152092322987	1.5708835822841016
0.468892907294985	0.0006414511203252847	51.63477316058861	1.5716814456403774
0.4708130089400777	0.0012772427965462522	51.257230820769855	1.5718068283382627
0.4733600116387333	0.001269774085167518	51.0800321415366	1.5719710277444627
0.4758921630647275	0.0012623922157069842	51.20022370463718	1.5720471989530864
0.4777816352608	0.0006284559466510669	51.55587880546727	1.571342731095138
0.48028821172553315	0.0018745175821900531	51.40123775648401	1.5722719185282625
0.4827804048157003	0.000621263831082484	51.80475361856747	1.572242582909769
0.4840211572274735	0.0006194914518251723	51.893232928746755	1.5713482314880542
0.4852583768234	0.0006177291538840057	51.66156515637511	1.5753194532939594
0.48649208183392645	0.0006159768540926644	51.874545068373536	1.5717918880908368
0.4883360911839181	0.0012267339363683947	51.6518851189795	1.5729253845716138
0.49017230398392253	0.0006107791050706427	51.83850228426927	1.5724332230315752
0.49139214809832366	0.0006090659589157868	51.94360165174322	1.5715768022327716
0.4926085755153946	0.0006073623961303231	51.793341900076605	1.5737588343629638
0.4938216035165075	0.0006056683390415505	51.844133160883715	1.5728111492254775
0.4956348190722366	0.0012062897896994956	51.74031694251751	1.5719720209790906
0.4980407217209226	0.0011996256668437523	51.5010743134992	1.575459082615647
0.501029478559746	0.0017870975171412156	51.52941484915165	1.5717480940881312
0.5034057630267643	0.0005924486473538605	51.65110854723928	1.572491186857114
0.5045890457350228	0.0005908366533872391	51.61803136690296	1.5728261699853043
0.5063579484559337	0.0011768700819767188	51.43813199727886	1.5723951476556317
0.5087053336883225	0.0011705261953162147	51.28381202527513	1.5750702342271723
0.5110400984876424	0.0011642503373889028	51.50122926913801	1.5717452853879676
0.5127829730678326	0.0005797937135980413	51.66065659823002	1.571673127747095
0.5150959770882257	0.001730142015758922	51.41546697062764	1.5719728421396915
0.5173967275392612	0.0005736668412070071	51.6150369302189	1.5729669067309584
0.5191143271652812	0.001142805031423538	51.50181956322244	1.5722181211904414
0.5208251605744536	0.0005691559950176805	51.64980888701405	1.5727330555648962
0.521961983982999	0.0005676681019396774	51.586263790759645	1.575522334569207
0.5230958376856096	0.0005661879701065247	51.72598597345547	1.5729320037792769
0.5242267405188787	0.0005647155345723431	51.436501945190635	1.582374485831862
0.5253547061280399	0.000563250737641738	51.80909680277432	1.5719525348822234
0.5281618672877051	0.002238487117307108	51.677257951667244	1.5713016905986628
0.5309510010186931	0.0005560392825021948	51.97145951297326	1.5726354145352628
0.5326159235056136	0.001107823433539894	51.89472719464245	1.5723905418887094
0.5348259372622268	0.0011022003223024623	51.93481887441748	1.572532047905405
0.5392125107498538	0.0032733708823883324	51.64556135172515	1.5722926849722259
0.5440950185995079	0.0016183882304038292	51.64006540107014	1.5724786332359166
0.5483894180437703	0.0026707735194170072	51.36940713095288	1.5725931012310692
0.5521124972516207	0.0010591902483538234	51.484007265904154	1.572178305370506
0.5542257275811484	0.001054048861167703	51.53630838594502	1.5720834547611804
0.5563287257127607	0.0010489571443226115	51.74615530804258	1.5721130269421442
0.5594642510267462	0.0020828222843025926	51.88520498089688	1.57187928879554
0.563610044042723	0.002063034176286162	52.31721036198347	1.5712688679308482
0.5666936228425821	0.0010242190472987643	52.61982528366937	1.572975498520494
0.568737244711969	0.001019410790347839	52.54746203915294	1.572493979472138
0.5707712958652449	0.0010146474659775788	52.23910099894604	1.5718948381324662
0.5748110384527125	0.0030157593794375086	51.154750849964024	1.5744143384577247
0.5793112807720122	0.0014923354279432067	50.78809030513219	1.5716459589173255
0.5832727197793148	0.002464641516559487	51.13968282777551	1.5717064948809347
0.5862202645962822	0.0004895941395840696	51.809350504100045	1.572533589691307
0.5881742384952977	0.0014621889296666626	51.864742882377875	1.5721947089834334
0.5901194604541511	0.0004852181244972761	52.1134907018632	1.5721251212018061
0.5925388003723215	0.0019300904694347929	51.839679636697504	1.5714096478201733
0.5949447374158452	0.0004798568931909728	52.02565538422985	1.57274563846712
0.5963819268021602	0.0009565431019008558	51.785096552606745	1.5743941485526856
0.598290811327741	0.0009523479682871808	51.903823043374146	1.5719935735940196
0.6001913430113466	0.0009481894698452246	51.861096288891645	1.5736312333659528
0.6020835939345537	0.0009440671303000313	52.062726777102	1.5717178239255745
0.603967635243893	0.0009399804815966767	51.99669416731094	1.5736693791101306
0.6058435392589183	0.0009359290592153924	52.13880485188817	1.5726372003308815
0.6086422890698806	0.0018598339771655026	52.18967981622902	1.5714232999215965
0.6123461177694656	0.0018440400489205821	52.1622683444027	1.5733008469587348
0.6151034068766559	0.0009161847615002129	52.26456274610644	1.5723425022570645
0.6169319213031024	0.0009123354486680195	52.23580574354571	1.5716561107160891
0.619206791845196	0.0013613535812226562	51.958941346984616	1.5727858458046546
0.6219209994848345	0.0013528720688806841	51.63940030340042	1.5783069492100916
0.6241699530691072	0.0008972563031079506	51.89482844067777	1.5720181135530658
0.62596076867045	0.0008935640796626404	51.802688234930656	1.572519671039386
0.6281889532258251	0.0013334869711790344	51.605476691032706	1.5727001268435634
0.6321711015222524	0.0026426316016002786	51.32427267281896	1.5745464675392489
0.6374244630656138	0.0026108580640426694	51.4331745798376	1.5724224317783633
0.6426150370502772	0.0025798395038623663	51.442476687616946	1.5720601116628317
0.6464676573337087	0.001278527496804189	51.633480666959564	1.5716687556527094
0.6485933257937082	0.0008481899946278194	51.718239842239846	1.5722934000178181
0.6498637514901453	0.00042285622055256654	51.92752363647605	1.571787562367279
0.6507086407552953	0.0004220343832900416	51.62947669796681	1.5787093095364653
0.6515518907942526	0.0004212157331577245	51.922248107828686	1.5721379702003453
0.6532334935582964	0.00041958792524351084	51.87618079759179	1.572742345938636
0.6553263823888922	0.0016702830896055	51.65958099751215	1.5724195061855253
0.6582395851917595	0.0012443373721144325	51.84371279158567	1.571532398349458
0.6598955402656741	0.00041320059195018447	51.9814727639322	1.5726658969284362
0.6615452060146274	0.0012349020852866247	51.80877502014591	1.5709221067679098
0.6631886288126458	0.0004100792990222323	51.83248999715018	1.5723671630711316
0.6644171269684371	0.0008178418759773274	51.501212980061396	1.5736001217044333
0.6660497384610895	0.0008147731943580095	51.47136297834665	1.5726486335348075
0.6680819095881252	0.001216454363032604	51.22361579554288	1.5733860464767886
0.6697008276328389	0.00040397607718528573	51.53964226417753	1.5721686667456636
0.6709110680677219	0.000805703783183277	51.57252683791029	1.5716516610333988
0.6725194937857555	0.0008027253481222707	51.567912034356304	1.5756802457131691
0.6741219840169554	0.000799768853741807	51.92508859716106	1.572452077684792
0.6753199828924299	0.0003987828679584169	52.216767147752954	1.572968916913537
0.677309334479772	0.0015878414400616395	52.258634228401185	1.5716779329285198
0.6796845894726273	0.0007895904400361564	52.73697180216683	1.5716911950090473
0.6816540930928665	0.0011790266911995593	52.790334255069645	1.5724060916521665
0.6840057675933822	0.0011726595976766642	52.66871156450627	1.5732414169276427
0.6859558157676231	0.000778270654400444	52.828739986213634	1.572227505395031
0.6878971470550017	0.0011621992288785184	52.658995796885264	1.5722524712281407
0.6902153474744137	0.0011560121070578828	52.54577645928447	1.5736260573360439
0.6925212393512059	0.0011498905123232105	52.564045572765465	1.5720143252465815
0.694814952321622	0.0011438334101709316	52.347034557140525	1.5737064235733107
0.6963373923605216	0.00037994355584946736	52.546113658814185	1.5727214891828678
0.6989888864113676	0.002265785740374107	52.13640888341285	1.5715405200883705
0.7019994749388134	0.00075004443997077	52.13398397087225	1.57257568813189
0.7049893372508726	0.0022346956747361364	51.51221121319737	1.5791764881907626
0.7079587567741865	0.0007398228047988361	51.86094642262361	1.5722797361210332
0.7090670761575391	0.0003689685921524412	51.899044446548935	1.5728980388796447
0.7131068826781666	0.0036555236046910233	51.22670738268877	1.5723179045483235
0.7203570737076361	0.0035950041956550683	50.96445134889801	1.5738251124995946
0.7264259787364697	0.002481581464065637	51.16270231453515	1.5727266016469765
0.7299567042434405	0.0010549236427380248	51.38745330834453	1.5726742066939605
0.7324112430562291	0.0013986376780093215	51.39337551745742	1.5720618632397476
0.7341560307501231	0.00034825747310599165	51.6816216712557	1.5724108880200187
0.7358938367605519	0.001387466895673593	51.46684641244519	1.5715995878444113
0.7376247162238252	0.0003454870387361531	51.74138439116224	1.5722369936065266
0.7386599425674398	0.0006893289663138135	51.55410770302313	1.572750157301889
0.7414085423781072	0.0020549401769285	51.39434678035999	1.5720980842388286
0.7437993796801687	0.0003406097657328587	51.7494144864532	1.5728994470477795
0.7448200087951633	0.0006796204870817582	51.644665007655625	1.5723290188532941
0.7465157452003883	0.0010154580453390087	51.487805971426354	1.5735527050711482
0.7485419271447558	0.0010107315044709476	51.6412964238492	1.571833004567982
0.7508939205159437	0.0013403633556403943	51.56839801038714	1.5717508293526457
0.75289982583406	0.0006670934018494497	51.69084316916808	1.5724832730044533
0.7542319676799432	0.0006650503146447788	51.67255637219796	1.5727520794976895
0.7558914187564179	0.0009937709820026586	51.73590725037465	1.57117449079084
0.7572144298916281	0.0003302494061853535	51.91775879230723	1.5720607199938048
0.7582040492861608	0.000658995458528038	51.778480546860735	1.5718895286355112
0.759520044545263	0.0006570015987906587	51.67047687930288	1.5737734779544035
0.7605044305186268	0.0003277570520370289	51.85808610589188	1.5728605125527335
0.761159450762098	0.0003272630883920746	51.863784794198224	1.5727218864555332
0.7624665339231853	0.0009788388454024975	51.685158130988434	1.5722977450358715
0.7647445062975413	0.0012982907423711263	51.528926627574954	1.5739694856257296
0.7663643455007925	0.0003233643435253629	51.855989351358666	1.5728985380381888
0.7673333562408355	0.0006452872954419098	51.7178845353291	1.5723742505991232
0.7689435858942502	0.0009643487993579378	51.654899824597116	1.571795008584417
0.7708680135429944	0.0009600850706644039	51.46326852822695	1.5743509673329446
0.7727839510374304	0.0009558588796223787	51.550812954316015	1.5716619851379379
0.7746914735909207	0.0009516697313039606	51.13611162234571	1.584031043020994
0.7762747003672488	0.0006321378144533916	51.54932187238692	1.5723172134466377
0.7778521767384348	0.0009447688229337317	51.44135652726493	1.572982164992161
0.7806772745365591	0.0018772860421457172	51.494756531955744	1.5725686781046397
0.7834841137031321	0.0009325961458300538	51.821775695752	1.5728847543100195
0.7850356656945738	0.000619513543648922	52.04147072884014	1.5729071274694324
0.7862729288882175	0.0006177511208475876	52.09567258458401	1.5738240982225404
0.7875066767901586	0.0006159986979062733	52.236764455352194	1.5727946956448187
0.7884296933238388	0.00030734544563500664	52.4465437215121	1.5723571585727392
0.7899637082729825	0.001225047020394078	52.10871463808926	1.5724367194133302
0.7927113539341317	0.0015216512450341804	52.027905893313694	1.5715646407535124
0.7957440430624623	0.0015110625303420525	51.932093390910666	1.5721408978512839
0.7981550383391496	0.0009016182454651682	52.016356267103774	1.5716812425886382
0.799355535580716	0.0002997097971253804	52.149634676629894	1.5726578039675185
0.8002537351010506	0.0005981811672261165	51.837139927935155	1.5757062642902624
0.8014484528257704	0.0005965378685343107	51.97647968622831	1.5720336444307967
0.8026398925257678	0.0005949035745191642	51.89860008276886	1.5732250311811433
0.8041246107309519	0.0008893098841592429	51.93085819840659	1.5713463500194067
0.8053087415191684	0.0002956294761118457	52.046585653289824	1.5722986092869247
0.806194725640232	0.0005900539816541284	51.67155542804959	1.576672175150446
0.8073732333419734	0.0005884549732789839	51.877332157429876	1.5718696382234527
0.8097206972923239	0.0017558484492567617	51.656167615035	1.5716292502474227
0.8126372958605819	0.0011627307837956177	51.67901555563362	1.5722025280914516
0.8143778993692843	0.0005790400077510969	51.792768829659856	1.5723904536689728
0.8155344382583045	0.0005775000586741613	51.81099649246782	1.5719868340313594
0.8184123815270707	0.002294743142718439	51.34876064920938	1.5738177944034366
0.8212713791943389	0.0005699215668354653	51.71811983534178	1.5718517976157873
0.823828483559141	0.0019830151479994754	51.357692031548765	1.5717808434574567
0.8277765141756455	0.001965069889756605	50.96221885383286	1.577633602075149
0.8302957120431207	0.0005582011911573571	51.41093804115109	1.5718273848743765
0.8361176267694248	0.005232297742932739	50.72965864573792	1.5716862727518806
0.8415906771572113	0.00027193543211006805	51.281061128499594	1.572180808134825
0.8426770590103143	0.0008137681180632689	50.964616991224176	1.5747826332127595
0.8437607303420964	0.00027058003270728705	51.35669893788506	1.5720439818146805
0.8451115271339269	0.001078958993771434	50.97066827577261	1.5740352771624395
0.8475324249778147	0.001341201574639653	51.069246114657695	1.5722218543547795
0.8496730632988327	0.0008007642330585573	51.23468749076928	1.5723850858287287
0.8515375054577403	0.0010631118551472144	50.98334428337217	1.5780222763696947
0.8531292523590135	0.0005296112704587438	51.38846947641119	1.5722617150415488
0.8541871854741223	0.0005283227175382229	51.188490184187685	1.57659889288079
0.8552425477455003	0.0005270404195402159	51.38385309834616	1.5726567332071864
0.8562953512457627	0.000525764331505047	51.44027875642186	1.572619808159071
0.8583933330396516	0.0015696918111435957	51.21464219548643	1.5724390569872206
0.8607415111049719	0.0007806137896731206	51.33173829332007	1.5725299000409059
0.8638527950277641	0.002325124378587306	50.994079009362764	1.5733637497928648
0.8666853563825256	0.0005133352817916763	51.32868822276081	1.5721974034440902
0.8692444779685387	0.002041277197899348	51.01180826077006	1.5722552488703478
0.8722956503235526	0.0010134931466372534	51.08361422909367	1.5727192380258137
0.8770832567084053	0.003758932072174753	50.777633142950876	1.5718531568028449
0.8845367930805192	0.003694970209408239	50.68819541253468	1.576390886659041
0.8896791858240842	0.0014605907296151716	51.22349850293784	1.57236887158943
0.8916222868494847	0.00048469013898585773	51.4739154902556	1.5728965492870695
0.8935567327285525	0.0014476080614265335	51.315801560315194	1.5727282157508125
0.8983554830141611	0.003340635007849672	51.296790345388445	1.572459397272795
0.9028657009746797	0.0011807576789276016	51.67627992969897	1.5726980900615823
0.905455629988265	0.0014084845766238522	51.76583484495869	1.5729313327248868
0.9101253825579068	0.003251315604423984	51.913563288043996	1.5717893567075238
0.9154342488659761	0.0020647369784546777	52.299157076398146	1.5720273135121139
0.9181785427657077	0.0006839103673719333	52.6245491779371	1.572858186493627
0.9236156485070814	0.004727811160464145	52.2714015005857	1.5723108339695302
0.9303176844331345	0.001995176405461163	51.89267739021896	1.5722631783733645
0.9336303126029744	0.001320010582843814	51.720942270438734	1.5718190020281229
0.93560582862795	0.0006570098813934401	51.67210239200847	1.572403176223327
0.9386611024310219	0.0010873400312004533	51.298771353139074	1.5722088086922343
0.9401807169423604	0.0004334168126483863	51.35548490358445	1.572598227975549
0.9421267259460435	0.0015101767832765226	50.88769153810544	1.5737034042762075
0.9453508220612536	0.0017131509846851937	50.99469106777586	1.5716898771800953
0.9477000392959252	0.00063896591343567	51.174021272903154	1.5723132129564201
0.9508831750818241	0.002537199085844785	50.959358535823945	1.5715929056860776
0.954252999488749	0.0008391961197691132	51.18491110830835	1.5721231987337048
0.9555099730962906	0.0004183853777377176	51.29898731322148	1.5722960041768481
0.958013057987465	0.0020799046089699865	50.96926401965544	1.57234445278977
0.9613282201246187	0.0012384529316502991	51.16096260739845	1.5718599330217637
0.9633874186209026	0.0008217298209226722	51.23245840878871	1.5725673746106847
0.9658456380335325	0.0016341835114186628	51.03085621948612	1.5739896250953123
0.9682900212619507	0.0008125057541912538	51.344277483896164	1.5719632334327425
0.969912000272434	0.0008094769121361305	51.28116076184446	1.572837776695481
0.9717295148628198	0.0010076204307110982	51.258889169942975	1.572815364172003
0.9741410957953025	0.001402857051536883	51.23288931845242	1.5727144753551958
0.9783294060443504	0.002778786017653263	50.94844711542916	1.5774323887398631
0.9838517190238449	0.002743675795308002	51.27988052046064	1.5725560206225508
0.9896915840177898	0.0030937475611819854	51.42491122596657	1.5728584612702021
0.9935416522387435	0.0007666105900794612	51.86633334919512	1.5724015444849317
0.9958354160662106	0.001525144687154141	51.83038928621021	1.5721278476346243
1.0003869161704333	0.0030184886124166046	51.840745985837174	1.5720579939809376
1.0041437310529804	0.0007481225328784109	52.00235673267757	1.5728557637971394
1.006382319299145	0.0014885524537978298	51.68445441942782	1.5740607981387285
1.0086094278003355	0.0007404692684799134	51.78809247134368	1.5728568170212638
1.012479595799453	0.003119074878710213	50.981614230295065	1.5821475334799642
1.018854207233891	0.00325442878960424	50.961728923278066	1.5725767803243884
1.0229928614092831	0.0008954340773339617	51.01310248284371	1.5728877389826523
1.0309779085807615	0.007032966650259805	50.82746377314993	1.571881528128757
1.0396813216345266	0.0017233566076117442	51.28150452722654	1.5726352726860253
1.0436270631503197	0.00222010116356072	51.115181451513095	1.578772040050811
1.0473679991123037	0.001523810583521755	51.51165108198	1.5727227406225903
1.050573076817257	0.0016806736783001202	51.5657042256794	1.572987844428246
1.0555860542706188	0.0033227710400842558	51.28360874041853	1.5778707626144604
1.0621812643309492	0.0032726925407701273	51.55402767827561	1.5725194389177921
1.075078616650681	0.003176931525526019	51.63790753264597	1.5728822476618487
1.0816994480281783	0.003441753066871878	51.57035541242845	1.5749343783003753
1.0854379505620624	0.000310204804810756	52.336862160916034	1.5715507412831915
1.0919038781846653	0.006112411560304787	51.6349976416131	1.5729492687729072
1.1161238664867366	0.017776150570092884	51.69704705381519	1.5718046556200673
1.1392012553806559	0.0056187418175209025	51.94414841097933	1.5719853626071014
1.1709055350108437	0.025351520773814414	51.70376932222712	1.571235612925846
1.2621465951185686	0.0617463178436869	51.4585293817002	1.5729697116544303
1.3208729652356552	0.0009921473922063742	51.95533157167439	1.5718256294714783
1.325983900646533	0.004100439479637419	51.509942705071126	1.572810153487906
1.334108311248856	0.004024444992815104	51.266244258832394	1.5764373397746474
1.33828755876867	0.00017330013944960528	52.08393515722987	1.5722725644851172
1.3495773452631534	0.010975453707755493	51.09836037326293	1.5717520859284924
1.3618140296068966	0.0013953763793448468	51.354809892197494	1.5724469638432175
1.3642695038544754	0.0010610364992813435	51.37839050829458	1.5725826355884254
1.365980112563485	0.000650378760054737	51.631395013433156	1.572038452077163
1.3669545866268364	0.0003244605350232903	51.8923913020468	1.5724309228040019
1.3676030233571603	0.00032397645072304387	52.01505181254366	1.5719810965683143
1.3683313592926127	0.00040429197448088247	52.03268295117025	1.5726756071954264
1.3695425447571241	0.0008063320650255109	52.06984957483279	1.5721835720157749
1.3712325495896567	0.0008835204595509797	52.2220083412297	1.5725452291833923
1.37267590922346	0.0005603748118725311	52.296239149762854	1.5724772422743951
1.3749116438235733	0.0016724922969210394	52.02132538239376	1.5724583400783776
1.3767395689287538	0.0001586159665584228	52.479789210051884	1.572666495457525
1.3778484637503696	0.0009492689106085076	52.11901451389571	1.57202865321382
1.3792700379569973	0.00047308337639590523	52.20683857109795	1.5726392049551512
1.380215175529371	0.00047205494359054616	52.1489606504537	1.5740714944068692
1.3811582607416917	0.00047103097245008584	52.279971752291004	1.5722502788150932
1.3817074493564683	0.00007840595083834043	52.65931608077893	1.57274382018051
1.3820209600635869	0.00023504811352996653	52.42447000922668	1.572663761259476
1.3829601363227086	0.00023454036337934968	52.431077992881285	1.572718553098196
1.383428963846124	0.00023428731008846745	52.18326670054731	1.580515166054823
1.3838972858862786	0.0002340348022222929	52.48561150925168	1.5722558621062597
1.3847545668513315	0.0001557155213272879	52.4563276191072	1.5729404456917877
1.3850658863352987	0.00015560393827316208	52.42074877696554	1.572960898414554
1.3853769826971314	0.00015549251506298298	52.385068092718384	1.5720054570245676
1.3858432098594646	0.00031065135821257446	52.0264879970189	1.5740042525180447
1.3864640686246366	0.00031020757448895246	51.9338695245183	1.5728295029320887
1.3870840410316385	0.0003097650569400026	51.756990956641864	1.5729487575032874
1.387471074820447	0.0000773722810087502	52.01034599693762	1.572013291639806
1.3884757515306567	0.0009263219812328519	51.42714463003494	1.5714209405328088
1.3897090945285477	0.0003078983574572933	51.45161392004795	1.5723737059319163
1.3900937970727132	0.00007690643466740721	51.73829554160037	1.5721933647467974
1.3903244551226634	0.00015373119950422642	51.53248427946032	1.572396267536872
1.3907086131818118	0.0002303929135184598	51.346611782071065	1.575369722706728
1.3911691546771425	0.0002301487260784576	51.68990319803895	1.5718001204576313
1.391629208391125	0.00022990505566592548	51.7597525178985	1.5730827914662922
1.3920887752799638	0.0002296619006807325	51.9082135703714	1.5728977586588622
1.3925478563728817	0.00022941925948920694	52.16478054791063	1.571417604729657
1.3930064526958315	0.0002291771304645796	52.08725674376551	1.572840921950519
1.3936171620494011	0.00038142514286365283	52.01773089804218	1.5729625259512456
1.3943793431802216	0.0003807563337780412	51.88523039483233	1.5770873530865215
1.3951401889455621	0.00038008986610999315	52.11605901670099	1.5728083727316655
1.3960514479661892	0.0005310104493686825	52.09019746711622	1.5728399135207596
1.396733639638448	0.000151479140172371	52.355571349200574	1.5726974122436925
1.3971121724154225	0.0002270207518210542	52.28479900166334	1.572039096784735
1.3980193074072178	0.0006796411675940212	51.827272206536335	1.5737759782971767
1.3993764669656954	0.00067752062074012	51.75952898315893	1.5727422395159016
1.400278889605288	0.0002253714196532071	51.98377588723854	1.5720752810925742
1.4012544026343188	0.00074955252698525	51.57294057375106	1.5727764430642834
1.4027509263087656	0.0007469741090941895	51.40608569186614	1.5735285248748028
1.4038699446271006	0.00037252595350315736	51.56080527949305	1.5720414337263098
1.4049117666447193	0.0006689400804559252	51.083524662180864	1.5783272855440142
1.4062475903065745	0.0006668856838062714	51.1950278636139	1.5724483076506957
1.4075793177988734	0.0006648438670903496	51.13764670780112	1.5731411043672703
1.408538587577415	0.00029483421350609264	51.4412157806473	1.5721577336686317
1.4095692833369833	0.0007353383088271223	51.01806141884622	1.580358221679246
1.4106708924536482	0.0003667377254935784	51.53234031817591	1.572470134971604
1.4114037492652287	0.00036611939021176647	51.40911386116403	1.576246700528545
1.4120622646374394	0.0002924517348449823	51.642102074795886	1.5728030447196062
1.4132304989079756	0.0008749983265408832	51.437464143616246	1.572213208130058
1.4143955991231432	0.0002908846924519254	51.597740241642725	1.5728794854026644
1.4155575820356303	0.0008703223557839345	51.23058135991748	1.5740415045138811
1.4167164642640764	0.00028933435390264816	51.49461363638384	1.5727678347055505
1.4172947477821591	0.00028894934799294055	51.20793474355227	1.5823182973899348
1.4177279556337246	0.00014433063265901794	51.60341380774766	1.5729097265162841
1.4183048948354904	0.000432417071094381	51.302894573333944	1.5739524774019824
1.41895303658335	0.0002158861062554675	51.495489391376175	1.5727548754838425
1.4208916781167147	0.0017193965020731923	51.16748507868342	1.5715572253957124
1.4231781771552592	0.0005701226368646831	51.587306216356644	1.5725306484604593
1.4248851859538896	0.001135772298384917	51.635947653035416	1.5726103425151357
1.4264440717030082	0.00042438854593311164	51.99707321465102	1.5728775548862959
1.4272920204905029	0.0004235607466217888	51.88692456273944	1.5792321786975876
1.4284200495656834	0.0007041033744765648	52.064741683298045	1.5726416609308254
1.4295451563271044	0.00042136898817886657	52.13804492200309	1.5727767689838326
1.430246870761574	0.00028045913862383094	52.26386149097412	1.572342472752496
1.431017449371424	0.0004899334208769673	52.11250018512311	1.57242428282076
1.4329727747222114	0.00034838039312483485	52.12953333005747	1.5729876688225013
1.4340166603148659	0.0006950880384986287	51.98321518537005	1.572674704420806
1.4354046161526741	0.0006928701620027996	51.71357510617334	1.580159025051823
1.4363044146187376	0.00020743083490754106	52.20769005528193	1.57248254334662
1.4376161602124407	0.0011029613590869266	51.720186209475024	1.574190906455348
1.4392674589398713	0.0005493877902840389	51.91004706756098	1.572625748378351
1.4403648468970054	0.0005480013336074342	51.90539202337861	1.5724291284670866
1.4411860719964722	0.00027348303735622254	52.02469798482912	1.5726213738495254
1.4418009732703114	0.0003413701212115205	51.693152696168376	1.5804029062734952
1.442210424275643	0.00006820968611390732	52.28429471093888	1.572993163649866
1.4428919861457759	0.0006129245241750642	51.599156830864935	1.5774841742037007
1.4441161083697962	0.000611199339655088	51.738459550624604	1.5728710083124195
1.4468240896943347	0.002092156073160841	51.42922554366357	1.5720512816847558
1.4493811256548537	0.00046964898668806445	51.58429973706019	1.5728198843983052
1.4511888613499513	0.001336280434435114	51.3522972276657	1.5723613435520891
1.4538532326087685	0.0013281075278711004	51.396984643941536	1.5741147710297168
1.455840838663441	0.0006610215780739342	51.7673190603686	1.5723666108185612
1.4573585333387753	0.0008563302666373385	51.80236710152369	1.5723805870597383
1.459067825728286	0.0008529665533091975	51.68554721127358	1.57783313480872
1.4601818135998015	0.0002617789087706498	52.191011930869415	1.5728680974582911
1.4617496536200478	0.0013041778421866396	52.022937593535154	1.571824824108931
1.4638313411543205	0.0007787649199650042	52.09783301458742	1.5729049709142737
1.4648684550512379	0.0002589691382114092	52.27498387243367	1.572885641928682
1.4660322554376235	0.0009039663318675488	52.00892813578965	1.5715634022398224
1.4678364353681588	0.0009002187941372675	51.811214347488594	1.5724205242580396
1.4691846686622194	0.00044871423431320557	51.8661636426303	1.572385720424693
1.4696971824845744	0.00006402643085329593	52.23529806918012	1.5727630482417674
1.4705287293986309	0.0007668474750367092	51.64088893825411	1.572578079569956
1.4720597226114387	0.0007641489113355488	51.56638446709063	1.5729429788706495
1.473204436048121	0.000381068709835967	51.7202894737053	1.572837529758166
1.4745994450947715	0.0010129243533741682	51.542388196310704	1.5722847084873197
1.476116180021046	0.0005046964875439753	51.73518754018813	1.572278385230899
1.4771244017892313	0.0005035261853276348	51.58133683437701	1.5812214206652362
1.4776904996588367	0.00006285878403851331	52.4057539279419	1.5723475300224978
1.4782558605167042	0.0005022160659828159	52.00400778219552	1.5726158303813427
1.4800100691815479	0.0012504789970921573	52.016002756028286	1.5729938115934243
1.4818817486871645	0.0006225507011670876	52.4331439178932	1.5729740749311831
1.4844886220094085	0.0019802400126151497	52.43015496855687	1.571508772349019
1.4868953584543825	0.0004307835955978706	52.64333099417394	1.572615457302186
1.4911819696061979	0.003838972977478242	52.31650705716502	1.5707565524068967
1.4955473539051136	0.0005429397402410823	52.51984545750649	1.572896113258303
1.4968725161433747	0.0007818569688015565	52.4480318477022	1.5724607744833738
1.4980137294352385	0.00035991006850104166	52.57237670885835	1.572712730784055
1.5003468665655173	0.0019688994995799678	52.12171559659611	1.5724517771158142
1.502964163405245	0.0006523565045611451	52.20121619334877	1.572911942813068
1.506272617098784	0.0026484780134680623	51.7092772171282	1.573514284013415
1.5089715465219047	0.00005849044543607419	52.45905728169574	1.5729621985335611
1.5099063867608449	0.00017509403185277716	52.178615965128316	1.5727992372759636
1.5128728310744337	0.0027824340642227242	51.415273205792204	1.5729530457840595
1.5184023479204163	0.0027472321783318693	51.32188655621284	1.5722383257734989
1.5238623461387035	0.002712909875767658	51.30135255943673	1.5747474657445353
1.5274645786530174	0.0008968336175297011	51.69445367878644	1.5729346408602671
1.533365825717363	0.0049766048561286766	51.56569105510235	1.5713269294219772
1.54809820621693	0.00967468522933458	51.63747512298102	1.5722914397886913
1.5670289247471667	0.009262028764157588	51.735361181319654	1.575543717199483
1.5851688130057122	0.008883134485935845	51.87465043170806	1.571890529375438
1.6026284504989652	0.008580239545453937	51.6958490476317	1.574135461812728
1.6112174831263089	0.00009244192653705128	52.70453025607489	1.5728846352816788
1.6190956001454253	0.007716312302088712	51.553745028733005	1.5773415963669446
1.6305185186317066	0.003758000922431003	52.00333221364312	1.5720527643223587
1.6527527995845104	0.018104266997154162	51.9629613594818	1.5712948517151906
1.6707720617698765	0.0002820865982038569	52.96118700646917	1.5723776877115834
1.6731030837686334	0.0020442008644810153	52.310477775220846	1.5791339989017743
1.6753817902851853	0.00023923567110152935	53.033191978605736	1.572883642159042
1.689658177580965	0.013812787302715686	52.21929062340898	1.574792400209429
1.7098983038485172	0.006591908985327105	52.10513660623112	1.5716788932155434
1.7229574486679893	0.006468113043491469	51.595990311882126	1.5730254317471501
1.7294482849672403	0.00007041062283217694	52.37561104459761	1.5726045883258455
1.741632815424867	0.011946731051109206	50.951040593135396	1.5715992999573845
1.235627608805396	0.002265023988471446	50.97771793503131	1.572529041791193
1.2392070327378581	0.0016075664490659012	50.9663115224533	1.572529041791193
1.2428434745674477	0.0018485108494467326	50.88359758110897	1.572529041791193
1.2462979160896726	0.0014669754497141842	50.95750643330621	1.572529041791193
1.2492239212179026	0.001580254856015582	50.9274379810844	1.572529041791193
1.2522298911115974	0.0015834525193943517	50.92657287740929	1.572529041791193
1.2556011409905925	0.0015665438709867962	50.92789515999047	1.572529041791193
1.2585040621544843	0.0013476660903823092	51.00287330701921	1.572529041791193
1.2611199986479558	0.0015145797122573213	50.965098629200924	1.572529041791193
1.2647263249856648	0.0021092122863463313	50.768736262632885	1.5727786230472667
1.2692977511552854	0.0026789713933236944	50.88621035256381	1.572529041791193
1.2751880609465713	0.002825556765936971	50.91639062968435	1.572529041791193
1.2808862862393189	0.002812949960980531	50.97356437465054	1.5723874921021743
1.317672802763294	0.002335160822836908	51.29752260248913	1.5702659466237527
1.322165341757652	0.001996384126030602	51.37121816545891	1.5702282470755278
1.326304686087831	0.0023760535117921177	51.311682133762226	1.5701923288251205
1.3316737097372118	0.0026349937671945366	51.27435771529399	1.5702489788006848
1.336290020420142	0.0019673194878811573	51.41922156745214	1.5701923291842805
1.3399566935485814	0.001780302242788629	51.44452370128029	1.5702659459551722
1.3437552744144996	0.002081392809113613	51.37175051863918	1.5701923288604165
1.3474954697247485	0.0016521081434657686	51.45071683533269	1.5702100722057901
1.3513677143416147	0.0020977769584508417	51.338158567755535	1.5701580853838641
1.355176568455393	0.0020127833994710085	51.352176125131294	1.5701923292008118
1.3591588182436591	0.0017714339082727526	51.41156879835156	1.570192328928021
1.3629821110625147	0.002103814710744646	51.21091125300269	1.570285499706752
1.3662929945992628	0.0011109405413544898	51.503457539493695	1.5701750043353853
1.3687233455586603	0.001361234773725291	51.41098036804037	1.5701923286545514
1.371373086910468	0.00126463135815268	51.44953043262856	1.5701580851974954
1.3738071921484616	0.0012236290144078787	51.45284612277133	1.5702100720959908
1.3762039097690482	0.001222850277240246	51.46347842686869	1.5701415596505968
1.3788401078118018	0.00133383795735924	51.405482976902384	1.57022824668124
1.3817662499266727	0.0015737863684984618	51.333131881799225	1.5702100722346317
1.3845910347356571	0.001326027592500446	51.40299360743867	1.5702282471483324
1.3869717366691805	0.0010360447856911485	51.52451089078304	1.5701580853986778
1.389069735061441	0.0010561055073573641	51.51150572869059	1.570192329326679
1.3911384671150537	0.0009897094532521791	51.53449111383307	1.5702282469735986
1.393033189150682	0.0009663040764196249	51.60324156876334	1.5700591081243411
1.3948778477312793	0.0009603068225494876	51.54501012665311	1.5702124580940495
1.3973126611383224	0.0012537107542272146	51.41653372852252	1.57022824680734
1.3995458140939168	0.0010666789598493568	51.491814464548554	1.5701580852046793
1.4019808606566377	0.0014835043038952341	51.31658272387135	1.5702282469552997
1.4049117666423554	0.0011836523090353985	51.37404423360882	1.5702100719807652
1.407549768142654	0.0013777979787018525	51.288338261795225	1.570246866683471
1.4098375988989427	0.0010251633792832738	51.41744715804664	1.570175004273951
1.411831897797476	0.0009893770937259311	51.42982748986227	1.5701415599570998
1.4137114815404936	0.0009122686030268805	51.39581319251732	1.570101691012893
1.4156083478486086	0.0009318612552630825	51.32263701380428	1.570176650860877
1.4173922572366775	0.0009063750536943842	51.354205671641196	1.5701319100940345
1.419122114399059	0.0009279489211501554	51.333748263284065	1.5701588899998158
1.4212103659168414	0.0010505681236182675	51.290841894116916	1.570141559484405
1.4232209342430988	0.0009441726572023144	51.3413525648855	1.5701588903153585
1.4250945434815943	0.000899310988094056	51.39497749802817	1.570106477283661
1.4267940512048798	0.0008904980426331933	51.38898685518642	1.570148638897042
1.428617153766744	0.000999373124128147	51.3344118330529	1.570158890019058
1.4306813650018786	0.0009666164832490426	51.344721319332365	1.570213519879318
1.4327044389088812	0.0010614739431992885	51.31144994267257	1.5701948562344181
1.4345723750440003	0.0009336979054832902	51.36861517259071	1.5701948557073726
1.4365774460043832	0.0009466721403459903	51.3701583224183	1.5701588899611238
1.438566423998836	0.0010180093496310694	51.34280469833228	1.5701624311444855
1.4406011081849888	0.0009687502039774595	51.34039635472696	1.570176651039987
1.442612675148719	0.0010954556047975854	51.252151046319696	1.5702135198856937
1.4444317799353097	0.0008923812736577904	51.31791084751907	1.5701948557961645
1.4463784343258028	0.0008664338573698488	51.325381534456824	1.5701588902374255
1.448050654057356	0.0009489098043367065	51.304553402287745	1.5701624311586997
1.450252456244183	0.001051244342223858	51.25746040654907	1.5702724172431042
1.4519398693651027	0.0008537418592848775	51.38825481172533	1.570141559782174
1.453610785303164	0.0008604298299747737	51.368587498891685	1.5701948561046077
1.4556722454405147	0.0011704624788256653	51.22679591953061	1.5701766510443005
1.4581416983014182	0.0011112236647007102	51.23923322440375	1.5701588898736956
1.4602047186339095	0.0010666927935361044	51.249338592141996	1.570194855604547
1.4622579853565776	0.000988387375673095	51.28120048076712	1.5702135198281044
1.463967603620899	0.0008206904828956826	51.384287043458414	1.5701283766310252
1.466022569962653	0.0009588713861733431	51.3154654524316	1.5701451980052423
1.4677174615825275	0.0008361464803682167	51.36850871392021	1.5701766511226933
1.4694345946459169	0.00092574148850515	51.333231348183936	1.570141559536887
1.4713491198721458	0.0009200748874934874	51.332999109142875	1.570176650641541
1.4733187415962956	0.0010159158037752333	51.274770566003944	1.5701948564263226
1.4751878086447994	0.0008914310953490287	51.328995028474274	1.5701415599451578
1.4771149605511258	0.0010527073160236941	51.2434974240161	1.5701415597565753
1.4790273321050844	0.0009979495442956395	51.243393596780706	1.57021351935543
1.4811995200814307	0.0010038823790961152	51.223711800910515	1.5702724176443195
1.4830319430242096	0.0009313561599457831	51.271441442644374	1.5701588903415353
1.484912310387667	0.0009381512566558734	51.25478344303888	1.5701948557121248
1.4867691820727738	0.0009341486552631958	51.265647722574684	1.5701415597366193
1.4887774909339353	0.0010677062160029576	51.18907708927078	1.5701948559355146
1.490864986331269	0.001065635483934557	51.18927911854256	1.5701948555511076
1.4933883352101598	0.0013231905557509365	51.10311790622528	1.570213519592293
1.4957433712191535	0.0010296125235685857	51.229626037708414	1.5701766506757169
1.4977016953120177	0.0009079253942772391	51.277526052247964	1.5702135196900375
1.4997796919575979	0.0011858705787537811	51.147322364890016	1.5702326576190322
1.5022251860833238	0.0012742615704353613	51.116629604940925	1.5701588897604006
1.5044383564177595	0.0009279354603503089	51.246518950849286	1.5701766508331938
1.5066109019414717	0.0012291131339749167	51.137393190866504	1.5701624317136438
1.5087228909403	0.0010256321145098223	51.21924071495716	1.5701588903083439
1.5108916313964207	0.0011238857193642704	51.17222884826311	1.5702326579679158
1.5131596748285194	0.001167271416613382	51.169088551054294	1.570194856707262
1.5154735603278422	0.0009997292390287204	51.2463162899879	1.5701766510220716
1.5174483547187456	0.0010611575026032384	51.214841561269054	1.5701588902441896
1.5199848431347551	0.001255993955148097	51.12085280786032	1.5701415595220416
1.5222513977466223	0.0013799327645509954	51.049649287066366	1.5701766509728774
1.5248925941100968	0.0011417970292692896	51.137627768671024	1.5701588904513173
1.5270832570000346	0.0009410999430230324	51.22161463782558	1.5701766511856035
1.5290758863398033	0.0011140982420864325	51.147489395555986	1.570194855730088
1.531406713748148	0.0013067105384237789	51.07308569462071	1.570232657453886
1.5340951150788757	0.0012696651414121568	51.08719118173614	1.5702326575931025
1.5367779495167657	0.0013715717594215886	51.071928457456295	1.5701415596025856
1.539466122846347	0.001457162768920159	50.99993639428837	1.5702724172445834
1.5423300910800417	0.0013297741328067787	51.03302237953691	1.5701766510866255
1.545194130332716	0.001564523418867418	50.94757741618486	1.5701415593618688
1.5479805974243386	0.0011989700359701855	51.04546913512004	1.5701415593602295
1.5505925502381956	0.0013870893344438372	50.96322121107536	1.570194856502427
1.5532047362330468	0.0014963102728827	50.93333672854653	1.5701588899293089
1.5562474236994042	0.0013888169886747224	50.95563511942091	1.5701948557413852
1.5589849371510163	0.0011637588741841124	51.03234882930521	1.570176651431134
1.5613814164005013	0.0013595355107685891	50.95700488452401	1.570232658316976
1.5641976112690805	0.0013777888009715467	50.96837434236028	1.5701588896269216
1.5670135730378603	0.0013752807848881952	50.95487038503592	1.570194855445169
1.5696461172089673	0.0012983031441180673	50.96076549135315	1.570176650696753
1.5724599330718776	0.0015072212015295222	50.8663489911721	1.5702135195840399
1.57520039951267	0.0014387346464924307	50.8871009807196	1.570213520199687
1.5777115390061887	0.000952378281328121	51.07394206335517	1.5701766506791566
1.5800617739949734	0.0014438245587880811	50.89839262812935	1.5701766518211064
1.5830089227658164	0.0014106315261446997	50.91136503955936	1.5701766505643004
1.585622548233059	0.0012036089916490557	50.9840554799635	1.5701800889351616
1.5875889687592524	0.0007577031894755277	51.177895669318964	1.5701588902328338
1.589541667131025	0.0012061576212436204	50.955195851207286	1.5702326579953318
1.5916282913033715	0.0008389337439135813	51.13610970996251	1.5701415600937223
1.5935124037795256	0.001021860873146931	51.0467546733558	1.570252284865389
1.5953811870866257	0.0009419716730759523	51.101545993786935	1.5702326577547698
1.5974042237083992	0.0010592664716435236	51.05598349063434	1.5701948554029133
1.5993585087329707	0.0009951349833339485	51.074945472665064	1.5701948561081351
1.6011787073235928	0.0007994006049399005	51.14479968266167	1.5701766508880812
1.6031702703587964	0.0010299929844402246	51.015452455482944	1.5701766508695585
1.6048597000051974	0.0007949988086030692	51.130736654524995	1.5701588908085227
1.6066476930905538	0.0010696563274341464	51.00727757990441	1.5701451980029717
1.6088352036817157	0.0010166450098862592	51.033549545651695	1.570176650950773
1.6106948719396004	0.0008063700521765805	51.15409853380197	1.5701415595801829
1.6124129591954144	0.0009472297776056787	51.09345306610001	1.5701588906250012
1.6143170666602107	0.0010038931025095376	51.05502278997223	1.570158890149521
1.6162128622434848	0.0008658702682413132	51.10058578079258	1.5701588896896037
1.6179616387075406	0.0008646661101907959	51.08376511312671	1.5701800885553074
1.6197373952081355	0.0008180809624463791	51.091897267337146	1.570213519827614
1.6213433902056849	0.0008353814233351172	51.091692625134115	1.570158889948191
1.6228984761827363	0.0007716531324092712	51.13093154829515	1.5701451978670675
1.6244771548849923	0.0008181674343070442	51.101494625852425	1.5701948562722543
1.6260434153982206	0.0006644618243851404	51.186074302289526	1.5702135201948895
1.627526149007238	0.0008513963227684294	51.08032390968825	1.5702326577811185
1.6290681638905873	0.0007219536370668339	51.14637045251177	1.5701948555321876
1.6305516761894603	0.0007482271734168587	51.11814530847802	1.5701948556844443
1.632047761091122	0.000794116075383316	51.0784779984298	1.5701948564590311
1.6336747952363255	0.0008942919005910996	51.016664581113886	1.5701948561604888
1.6354203638688054	0.0007202139592992207	51.11699727250574	1.570128376690963
1.6369520759814462	0.0008625208248719248	51.0152052606824	1.5702135204722627
1.6384892569546368	0.0006912683282667951	51.13550123874543	1.5701588906531387
1.640023179015744	0.000767770910898243	51.104081653070914	1.5701588895795437
1.641566788041451	0.0007650468734370487	51.11971850652723	1.570141560166084
1.6431521712230415	0.0008610307883081379	51.06146378838701	1.5702135199529574
1.6447382062316385	0.0007733864788572684	51.122274277354315	1.5701766504344288
1.6464910963414845	0.0008629594848951628	51.06905336445516	1.5701588895642462
1.6478590211133228	0.0006425291531796974	51.16438561313486	1.5701588897955234
1.6492925194986638	0.000797074546341885	51.02576279452145	1.5702135200247824
1.6509385888289294	0.0007286784779334277	51.06180708453699	1.5701766511044928
1.6522736754208347	0.0007600831515786531	51.056440365532154	1.570213520119192
1.653776520408962	0.000738599621124704	51.101128579244374	1.5701588903582604
1.6551927391139418	0.0006150622032667503	51.1674263193662	1.5701766506615207
1.6563961327705747	0.0005894090262398885	51.17188015718529	1.570176650787872
1.6576086627788842	0.0005981502720540612	51.1468674447223	1.5702522852754086
1.6589358556046603	0.0006211720107700528	51.15965523764952	1.5701588902707404
1.660252812048814	0.0007441816150835489	51.09557638084453	1.5701415599819661
1.661726287021258	0.0007745780274402139	51.061002941246215	1.570176651561267
1.6631455680778047	0.000665419636419291	51.1163158678646	1.5701766512772533
1.664404859454647	0.0006634929633039171	51.10984720893637	1.5701948556843721
1.6657583593385878	0.0006186240725106981	51.1545512125251	1.5701766515098423
1.666916606206658	0.0005549738506599438	51.21693266536199	1.570141559449691
1.668067717327437	0.0006021645874486621	51.189608602415646	1.5701415601835347
1.6693653978613778	0.0006670755479700297	51.14640154989051	1.5701766505683346
1.670707580025015	0.0007244656429393623	51.094949657027776	1.5702135199742224
1.6720596897684692	0.0005675253196981632	51.18598343178954	1.5701766510482476
1.673237338946943	0.0005990462157194433	51.165555860836015	1.5701415595197348
1.6746035775305568	0.0006620738499750656	51.11305842799857	1.5701800884975134
1.6756448698256927	0.0006116739501878594	51.14079475985678	1.5701766505593397
1.6770869797377024	0.0006791498450416193	51.066695485540365	1.570176650426232
1.6782708980480943	0.0006119473536017912	51.09128166467728	1.5701800885889543
1.6794970211219409	0.0005875115765919442	51.10114647944359	1.5701800887895745
1.6807827045732544	0.0006625655386365332	51.053159395021744	1.5701766514214086
1.6820037300326887	0.0006096553006083498	51.099363377729695	1.5701588902991714
1.683522754322876	0.0008491676772525658	50.95932358724613	1.5701415601917719
1.6848921749116446	0.0005412492308058437	51.14892251697057	1.5701766510394795
1.6860239091299547	0.0005670758201742385	51.12803914527733	1.570176650759947
1.6872206077657335	0.0006528162259636304	51.068724121290785	1.5701588895735428
1.6884836613851888	0.0006315765605618013	51.08377072345875	1.5701415602761861
1.6899108240632341	0.0007789274709610291	50.98852064651111	1.5701766511030208
1.6912141483827898	0.0005286217463158526	51.16001925889324	1.5701948559805987
1.6922394245196213	0.0005129922941457098	51.18776474252321	1.5701415600259272
1.693329243326345	0.0005585731910732826	51.15132862873248	1.5701766504614387
1.6944163341852547	0.00048562152909863127	51.23191245198935	1.57012837685214
1.6953274684834125	0.0004769872180988367	51.24474442594307	1.570128376965001
1.6963639872056036	0.0004815489675732833	51.23620797102752	1.5701624313078217
1.6971952166561153	0.0004787322064793422	51.26596910859027	1.5700942998218732
1.6982064858724975	0.0004927512349335228	51.217508543126776	1.5701766506148567
1.699277677936508	0.0005802216393827413	51.141002515028326	1.5701624305584616
1.7004290460577993	0.0004939997638364963	51.183734902846155	1.5701588903228025
1.701376491391614	0.0004919843403118842	51.167854292520445	1.5701415601844366
1.7024867303359963	0.0006358863872262646	51.05415748810906	1.5701588901942871
1.7036520498147703	0.000509027137671397	51.16668767465344	1.5701766506407777
1.704640957499415	0.0004705945622559622	51.225123316009395	1.5702069937987422
1.7055327730717085	0.0004668393202530008	51.23942209478679	1.5701657731365977
1.706498854914414	0.0004954945546494272	51.21054500538909	1.570194855848537
1.7074683474666423	0.0004925380297438231	51.226487938089384	1.5701766513334912
1.7084966447149867	0.0004747477971133075	51.295855271740024	1.5700542528173314
1.7094248277916428	0.00046728260624808707	51.22107804712956	1.5701766509661423
1.710271930096711	0.0004829296356056137	51.21636740665855	1.5701222608245897
1.7113688635930753	0.0005028149464486798	51.151472509567135	1.5701588901322416
1.71237150013235	0.0005098943256975127	51.11891741429406	1.570158890138816
1.7133955730225823	0.0005443110746911654	51.07131190564102	1.5701415602167814
1.7144955867269587	0.0005483999272263774	51.06731293497581	1.5701415598427102
1.7154637717111048	0.00045992098852472643	51.14597669203251	1.5701451983677426
1.7163880829902058	0.00045622217014463693	51.17180806693274	1.5701352548520255
1.717400929609379	0.00046330342986124353	51.22247572491487	1.5700488477892574
1.7184655834108866	0.0006093049037344009	51.057505349127446	1.5701624315828462
1.7196248734256077	0.0006472923895814689	51.01639293747373	1.5701588899971055
1.7209929237022943	0.0006048719660833672	51.03210290511567	1.5701588901323953
1.7219951001202933	0.0004843938816311427	51.128282096060644	1.5701588898657317
1.7229771027033116	0.00048419317978122214	51.12396863596858	1.5701766506177188
1.7239230179007665	0.0005170129955909354	51.10616816434058	1.5701588904954507
1.7250127253411567	0.0005708457692472332	51.07518941244808	1.570194856345887
1.7260784181844884	0.0004541381921263999	51.21244634286892	1.5701319102724263
1.7271273450265936	0.0005707275715092488	51.07893862621514	1.5702357478185511
1.728217878292366	0.0005066295277524187	51.11221968717918	1.5701766505780153
1.7292422850381495	0.0004825415972226362	51.10129967467182	1.5702326575692513
1.730448722881791	0.0007551725796368567	50.92933865322409	1.5701766513948596
1.731821667015833	0.0005891011644171039	51.06306619099908	1.5701766513104392
1.7328550837329806	0.0004872766482120744	51.15578412242768	1.5701588902921988
1.7337745212296334	0.00045923246016712815	51.191028093200096	1.5701624309715234
1.7347807033797993	0.0005338068613170502	51.12833777438429	1.5701588903045112
1.7357203685381812	0.00043809418992677514	51.21094798041593	1.5701766506966863
1.7366891669756932	0.0005470466908283907	51.099931321522774	1.5702522844633817
1.7379251861224019	0.0006395720933968567	51.04306468512437	1.5701766512024722
1.739223103805034	0.0006462689893066458	51.02075858084898	1.5702135204623378
1.7403832879535048	0.0005818926745182139	51.06467538533521	1.5701588907017665
1.741478747148572	0.0004614307172963101	51.150066963998604	1.570194855882436
1.7425407073576757	0.0005773012163482377	51.058035405449615	1.5701766511530826
1.74365970711315	0.0005604832915418073	51.07940372309741	1.570141559698113
1.7447401458995115	0.0006058231543631484	51.03145262641483	1.5701588905977835
1.7459314637542171	0.0005584064612300606	51.0374799299091	1.5701948560554604
1.7471752916497205	0.0006505967919562333	50.9396656838338	1.5702522844787645
1.7483616426545925	0.0005713004092509686	51.013691379889366	1.5701415600302666
1.749455677265255	0.0005799491248664496	51.00211004264805	1.5701588897197012
1.7507263426358326	0.0005824450328485199	50.9943480483732	1.5701766512205877
1.7520016571285002	0.0007420066415968007	50.89329588858753	1.570141560302812
1.7533815336052248	0.0006347020801964676	50.96403011731322	1.5701948562199672
1.7549330294289691	0.0007668941514772748	50.8889737762439	1.5701948562301455
1.7563698216020807	0.0007196907402615421	50.9076714031501	1.5701588905371786
1.757763947052262	0.000685225569811239	50.91206782779687	1.5702135199263736
1.7589809687412366	0.0006175262909046093	50.96465813526134	1.570194856021768
1.760466736720321	0.0007424341582876634	50.88637648309279	1.5702135197944849
1.7618036805340795	0.0006478373616448185	50.959909454392175	1.570158889525074
1.7632195863934872	0.0007353001386696699	50.89364316069564	1.5702135197476321
1.7646162812135897	0.0007305041915010346	50.88342303527498	1.5702135195981397
1.766087780614033	0.0007005297690131017	50.892454976575266	1.570194856019329
1.7674865850505872	0.0007031150335486448	50.922098644746455	1.5701766506163253
1.7688792911028866	0.000701667621685492	50.92497181755844	1.5701948564790367
1.770512636518298	0.0008039287502228432	50.86640120033079	1.5701948570258166
1.772198890169722	0.0010217548868438594	50.7664291846661	1.570158891219631
1.7738102857015299	0.0006643431718927716	50.948222204640444	1.570158890177455
1.7752906120329548	0.0007618701248612781	50.88217194351241	1.5701766510614654
1.7769505617301025	0.0008181344467945415	50.85041236768387	1.5701766508122261
1.7783824978244451	0.0007124299749849647	50.912891776970014	1.5701588905215207
1.7799366797488705	0.0007655161685727221	50.879705247685195	1.5701588904556922
1.7817506930481992	0.0010791156003697438	50.72451463425279	1.5701948556038987
1.7835820252012702	0.0007295919793811091	50.903821155872656	1.5701588909234812
1.7852942356434036	0.0011554789977110647	50.6904506596349	1.5702326576712018
1.787523616512097	0.0008839236532473345	50.81598643371902	1.5701588904897594
1.789393687403974	0.0010050912408913406	50.75418211252285	1.5701766509423392
1.791240472421532	0.0008618862522961755	50.8267925007646	1.5701415595413724
1.7930718355727302	0.001059710950531833	50.71887554089096	1.5702326572608025
1.7951286046922654	0.0008867383490601337	50.81070106389461	1.5701415591746706
1.7968065302955478	0.000834329451999729	50.65313856270612	1.570700074514566
1.798641639452632	0.0009396349743598596	50.79666357880863	1.5701415595573316
1.8002656985917038	0.0007813526255068523	50.87024555607762	1.570176650679742
1.80200287883556	0.0008601527642279975	50.81852686338125	1.5701766506390396
1.803589212759659	0.0007894941187994148	50.67393339649459	1.5706584822735334
1.805221522045002	0.0007562242426187939	50.67633963990573	1.5707432568704924
1.8066326198292557	0.000923240686215079	50.686405558573675	1.570362920288549
1.8085382809883213	0.0008179618911330726	50.641510972066484	1.5706184005735444
1.8105217953949142	0.0010325809250317766	50.71908862448716	1.5701588899515684
1.812278154254405	0.0007869471927521467	50.6698604835075	1.5707432566635293
1.8141853257880765	0.0011542489156450536	50.53263531698964	1.570700075362137
1.816226885730612	0.0008547798724439186	50.730887788365976	1.5704527936033523
1.8180292773418143	0.0009474169227387386	50.62401333978772	1.5706184014393032
1.8205498294064981	0.001400056807492146	50.44227421376071	1.5706184009253912
1.8228613958392084	0.0011669087632530301	50.53122055166636	1.5706184010682616
1.8252779124587273	0.0012232553791641642	50.52585005589929	1.5705797622528899
1.8276726337194351	0.0012102110436567454	50.53560265197259	1.5706184007975386
1.8306472363376611	0.0016272343347859283	50.39578869163987	1.5706184007021995
1.8332593934228052	0.0009591205155949914	50.62134849159945	1.5705797610781163
1.8354424110884076	0.0012735645688989365	50.48369111062721	1.5706184009954325
1.838204148637592	0.0012881017924805135	50.448675235443275	1.5706584816931757
1.8403284238179454	0.001005680618443208	50.54125638312932	1.5706184009453192
1.8422211095109373	0.0009279912665014117	50.572576762408715	1.5706183995581264
1.844513642308845	0.001183087711572545	50.470218949528935	1.5707000753475733
1.846283312875242	0.0007747572521564453	50.65950017047406	1.570618399848727
1.8477429425750118	0.0008438772355150278	50.61875308513073	1.5705797611198664
1.8497598039906296	0.0009266994936072152	50.562113601707296	1.5706184010512658
1.8515282029519537	0.0008956909232864803	50.58221243380679	1.5705797611239976
1.853084233222434	0.0007600709582788575	50.66125371500479	1.570618401668531
1.8548681875538213	0.0009639969703918823	50.571854660341316	1.5706184004671593
1.856857555058968	0.0011322127163190282	50.501500630852995	1.5706584818541343
1.8591343797729658	0.0009983195813752484	50.544581451407154	1.5706584819248322
1.8611004450635915	0.0009561118737086908	50.54956370268767	1.5706184008262014
1.862946342891729	0.0009475261788899264	50.54899056599321	1.570618401893733
1.8645355861735016	0.0007151422621536358	50.67282014200124	1.5705797614231112
1.8662976150816848	0.0009177641680169456	50.56033872105704	1.570579761106243
1.8679092181719967	0.0008196650086456552	50.60819587654089	1.5706184019644653
1.869549286692567	0.0008127507558023743	50.620422457615255	1.5706184006385702
1.871277163351935	0.0009371425954574023	50.57277329720983	1.5705797619539543
1.8734014826102785	0.0010949481749780836	50.50792162501383	1.5706584819493663
1.8759465729342415	0.0012625423897691898	50.43161920714533	1.5706584817219285
1.87782188482288	0.0008255597870280708	50.607374173700755	1.5705797630498388
1.87963432914424	0.000979072148663871	50.50633103965078	1.5707000756219176
1.8814677709397196	0.0007882686660826398	50.612717831268476	1.570579761097937
1.8831489640861279	0.0009748875377944028	50.51723321728965	1.5705797620457038
1.8849135165457584	0.0007285085779242797	50.63209297403876	1.5706184014571731
1.8864919512985938	0.00093430677838368	50.69215611021517	1.5701588897570373
1.8881782725473462	0.0007151137135611324	50.62806117801934	1.5706584809188924
1.8895318845730589	0.0007037565233020349	50.63262811658801	1.570658482136737
1.891090013258063	0.0008917103458070348	50.70834090812707	1.5701588909299509
1.892597840848646	0.0006462139787127746	50.66914883564429	1.5706584826693872
1.8940257455891458	0.0006772313431214502	50.82888550927273	1.570158890672148
1.8957059293288692	0.0008714794908228968	50.723300559043516	1.570141560651358
1.8972947300629446	0.0007152089385334532	50.63154748578679	1.5706183998525398
1.8987823971197655	0.0008724793635916995	50.718905601199296	1.5701588903434698
1.900549975995699	0.0009021735617116975	50.71042052498845	1.5701800880605914
1.9020975295036215	0.0006387379350358316	50.68396129688465	1.57065848135527
1.903594796855726	0.0008080516881037248	50.76408839565495	1.570158890720937
1.9051350814065102	0.0008228099556528772	50.75557023790523	1.5701766509785666
1.9067986539422208	0.00070674828662224	50.652279340225114	1.5706184017196887
1.9081037074209768	0.0006258820530661493	50.70678361184308	1.5706184004636659
1.9094699803667525	0.0008274302680284796	50.751972483876436	1.5701766505137973
1.911062607292344	0.0008429404019673968	50.690137823240704	1.5702721670968802
1.9126147800992899	0.0006251873190945631	50.673048654807374	1.5706584816595568
1.914140716710197	0.0008726525217588467	50.71002034074227	1.5701415593156989
1.9156418200203815	0.0006661327591885479	50.62812793556094	1.5707881032839193
1.917221153492963	0.0008819066683921457	50.69519604079487	1.5701766513506175
1.918719634474855	0.0006614286118347754	50.64504450280198	1.570658481094987
1.920100630542925	0.000671244280234579	50.64769243010588	1.5706584819416136
1.9216039279432227	0.0008351664723718682	50.54231659209418	1.570834697993283
1.923117817401719	0.000672795368832496	50.6539787511357	1.570618400188567
1.9244523399592623	0.0006915159424335318	50.61977660956989	1.5706584818244567
1.9258981257879235	0.0006640228849524893	50.61776813647093	1.570700074698959
1.9272442390725206	0.0007629933616783385	50.55502973457869	1.5707432551780645
1.9286651987422154	0.0006759390906898034	50.68845236545531	1.5704289978661217
1.9302788876023194	0.0008923669400347589	50.51751516180289	1.5705797619795738
1.9320599643149967	0.0008771228335400016	50.5158106934751	1.570743255944276
1.9336809100016683	0.0009178504192623732	50.51567803921379	1.5706584816104083
1.9356189684893008	0.0010314743053911864	50.47964244020204	1.5705797623423472
1.937604009756407	0.0008076825087160383	50.5782262527707	1.5706584826968903
1.9393499294121084	0.000970541407498943	50.51362524522473	1.5705797621483553
1.9414250058715494	0.0010804420387681656	50.45318742439903	1.5707432556567695
1.9434998924015174	0.0011398099726839246	50.45611878628263	1.570579761914666
1.9458473518049872	0.001055057714597728	50.49685252345381	1.570579762031981
1.94815878746278	0.0012212640700589434	50.41281356963931	1.57061840072671
1.9503034611698562	0.001013059506318918	50.479817998525796	1.5706184006328474
1.9530386650001736	0.0015421328374441501	50.2616578331168	1.5707881024562638
1.9559041222262616	0.0013522488903233447	50.348611911248696	1.5705797624866207
1.9586957697308691	0.0014816809016153327	50.33196632645499	1.5706184005719612
1.961942883141387	0.0017277748748494364	50.30428771700052	1.5705797625009785
1.9661458153941729	0.002610335361048466	50.143198236136485	1.5707000755909108
1.9707338529816207	0.0018729210221071439	50.29880948926095	1.5706184009949256
1.9744035511818578	0.001987348501487306	50.26672454497514	1.570658481569561
1.9796661261338937	0.003142745499615407	50.07939845342469	1.570618401529488
1.9871064266510017	0.003730771508699868	50.004629696458096	1.5707000764700831
1.9941095309099588	0.003744784207436761	49.989763502905035	1.5706584808263442
2.0013018743139535	0.003397124686948174	49.814886385627744	1.5712467888855743
2.024046403783996	0.011198410434605784	49.46045275562338	1.5719994812100313
2.049496953794697	0.015841739356490008	49.1765893261322	1.5722774847026855
2.090414483050685	0.022106342311600316	49.00319995389269	1.572025169578381
2.1277468876687013	0.014993526771425313	49.06795929912734	1.572340238322523
2.154230739814519	0.010787398676505567	49.18099977073396	1.5722774866062743
2.1795461713762148	0.01565620895249713	49.014968272717375	1.5721600266575237
2.2155536592307135	0.021616040919785633	48.81175570427396	1.5723723230165452
2.252377546922509	0.01588674907114062	48.79364772911205	1.5721600246504404
2.4265844508962884	0.2949459306920614	48.38486936970576	1.5709531823368552
3.1039532673548855	0.00372660908922867	48.08362099261218	1.5724537486103736
3.1112534523658963	0.0034812536173841648	48.12098762965648	1.5724267608410494
3.1189479372475724	0.004590155527219267	48.0017588389517	1.5723220563045759
3.1271525653125734	0.0038860290701745125	48.0509339500191	1.5724810752127305
3.1369687924631355	0.00466262317634735	47.9532159995816	1.5724001027103414
3.146124461500869	0.005072621526469341	47.893067657658115	1.5725367537819572
3.153627325249074	0.0034900078146465783	48.05042720521029	1.5725087407004807
3.1654395592283278	0.00743944451874261	47.883825891530726	1.5714465026882563
3.4017987985802725	0.0043640426200686425	47.8277131785555	1.5723433909528555
3.411036009709206	0.004364084138830932	47.818616012834	1.5723433902668849
3.420258407069471	0.005711506690490799	47.57724376395258	1.5733686123492048
3.429743540676882	0.005104115791851594	47.67765504879054	1.5728710610498189
3.4434955015531736	0.005967970367191919	47.70708830784609	1.5720890023319278
3.59252770206076	0.004657982236071111	47.35500716002152	1.5734477466708463
3.6000537863690907	0.0027051523129440216	47.58339230551147	1.5733307809152934
3.609477294912942	0.006283132142663768	47.4295791234122	1.571697684767162
3.7072573566274016	0.005782927748547717	47.28823965318236	1.573405064378857
3.7143223780615005	0.003039028566746309	47.542234842257585	1.5733754870371208
3.7218052406910234	0.003773188266976799	47.481755635207314	1.5730588285469738
3.7313608908611764	0.0059978954869821886	47.32018806558539	1.5726694797481124
3.890470226819697	0.004721679305342755	47.039895626189605	1.5734275839780965
3.9000308448269916	0.006615356777801958	47.03610617925234	1.572227282098981
3.952677502202758	0.006797267496757265	46.85179490455935	1.5735652494073886
3.962523548617953	0.0061674383003236044	47.07991142197072	1.5720106294258738
4.009253777894762	0.007299440219904673	46.988811891615896	1.572110452069319
4.382461604436061	0.02662377432261676	46.5508024003057	1.5713682240475657
4.643672038493669	0.07565702866147332	46.27026312751369	1.571617367068782
4.834153878552613	0.08092302308230563	45.835836422531	1.575404935268687