-1.6328405933849597	0.21579845686342192	51.617501022851705	0.2617927203303463
-1.3331615056074164	0.10823538019516693	51.79025486716243	0.24795544155386637
-1.1398288049742142	0.08668552013219145	51.75476989972252	0.25144478101366424
-0.925323385935741	0.11637610593997577	51.685542408071775	0.2482486784899465
-0.7900609342655941	0.030993361062007906	51.928834871264215	0.25146443328679674
-0.6462636468257019	0.10015759831340014	51.58170705913566	0.2640118339800099
-0.5471889599937545	0.008858632915499378	52.297938146387054	0.2481422480201579
-0.44855493855516054	0.08117653780911803	51.87566762877774	0.24758815936333425
-0.16014781091425112	0.16895790255456966	51.88466306469029	0.2733638711238545
1.0766873609461873	0.005054772644601495	52.33142540303372	0.25253549106113876
1.0915929374322921	0.009768458722430947	52.20581389522995	0.2468986963477444
1.108359871470538	0.00704888418479847	52.30411392532454	0.24233446103330072
1.115737342466379	0.0003850085720038764	52.784454943951054	0.25212799316685836
1.1321703570925457	0.015755286841495214	51.93699062770729	0.25198766323318955
1.1477360132717935	0.00008941527916595764	53.0119648817148	0.25054196160269343
1.1592942370684183	0.011318708239336778	51.65517620955029	0.3030821389581725
1.1719081155715787	0.0014377671474470918	52.35797669679953	0.25154830463393524
1.1739331758220741	0.0005892676699544521	52.601018375209904	0.24688224509867246
1.175110114989259	0.0005876729149186879	52.56460575900964	0.2508081138986544
1.1780385839258827	0.0008338907687002071	52.467450874900585	0.25170163894584296
1.1790381017232976	0.00016639475938072315	52.79625745478771	0.2520301038779977
1.2169372317659737	0.03614005922989882	51.52413863515335	0.24970683073136912
1.268021552064758	0.016064771180295766	51.5362674116469	0.24880820435624926
1.299018152447537	0.014958152054140889	51.10679479402525	0.2954658187468593
1.3140903977474676	0.00036577043829806404	52.08779691754356	0.25153130241717486
1.3220637055562432	0.007541445374594023	51.39082645437698	0.24968928614680785
1.3445164803948124	0.0003978591126656121	51.884311693689234	0.25058171787849326
1.3455950432935397	0.0006803524496602341	51.74960637033632	0.2541049002135996
1.346331467116035	0.00005659998068274709	52.37717719819779	0.24941482992048758
1.346557808000346	0.0001697114706137214	52.03304359883573	0.25990730503963494
1.346897098386083	0.0001695789361561913	52.10554996826015	0.2517562680326431
1.3472361238537074	0.00016944660856191236	52.19992980779594	0.24537884344804597
1.347461993928091	0.00005645283494132708	52.4216362732091	0.2459331298668873
1.3475748849847484	0.00005643816242712379	52.458656398656515	0.2474426878706883
1.3476877465358315	0.00005642349755977798	52.386600514288375	0.25196305479663755
1.3478005789329375	0.00005640884028964269	52.430335306815124	0.2469880618510569
1.3479133820231044	0.00005639419063263929	52.51146570878393	0.240697793830269
1.3480261556535251	0.000056379548604650955	52.4696050598019	0.23965028284634626
1.3481389001755013	0.00005636491415611694	52.10566288591115	0.25956787237344664
1.348251615436158	0.00005635028730294411	52.222757404115086	0.24184037891032453
1.3483643012827917	0.00005633566806099908	52.015507110852184	0.25105374603496855
1.348589585522348	0.00016891935687829632	51.71404398667495	0.24073580025598687
1.3488147530153225	0.000056277266804269436	51.73491755529812	0.2486318069304399
1.3489272928589644	0.00005626268542103318	51.788155405334415	0.24615248113430604
1.3490398037150508	0.000056248111570172644	51.49787921705856	0.27766004667080296
1.3491522854309719	0.00005623354526755169	51.7001401286449	0.25016790678863543
1.3492647378542686	0.0000562189865289968	51.681256376009365	0.2500500665014492
1.3494333621640577	0.00011239432503552524	51.53925064923901	0.2483819219060842
1.3496580926125854	0.00011233618040295153	51.474987098425075	0.24953376413724548
1.3502194106197933	0.00044876432658951166	50.892437447196244	0.28401668972371397
1.3508920359940086	0.00022403491430023816	51.296192741047015	0.2471152189993519
1.351227958387291	0.00011193084627956506	51.53845082966133	0.24912605820526965
1.3515076953751208	0.00016778815919507787	51.42863776401603	0.25655652941685875
1.351731355272186	0.000055900590406710226	51.810472844059866	0.25125503249680414
1.351954900155604	0.00016761547211256977	51.712501274541495	0.24544799105085702
1.3521783299772343	0.00005584308726651226	51.96028429921002	0.25166824628949275
1.35229000185313	0.00005582872995624827	52.01594721611836	0.2461798364671293
1.3524016448554335	0.000055814380048019996	51.897395263120316	0.2671878221982348
1.3525132593316216	0.00005580003749337163	52.10699630167747	0.245606196566401
1.3526248451300553	0.00005578570230800788	52.115039531654176	0.2467603899594307
1.3527364020992554	0.00005577137450759541	52.150086932322225	0.24364472191902087
1.3529036840083966	0.00011149979315992641	51.95903738890394	0.2528701525603234
1.3531266263984265	0.00011144257011854806	51.91421554039893	0.24967924608434375
1.3533494543180873	0.00011138540580343857	51.74133085774542	0.25971597589137574
1.3535721680507162	0.00011132830008171612	51.7848943110341	0.2453606457239449
1.3538503996681248	0.00016688550034210436	51.6389931983162	0.24639912241909104
1.354184042434981	0.00016675734131637842	51.32036189685815	0.2741948338072047
1.3544618824551478	0.00011110046158474344	51.50419088317112	0.25054593663705393
1.3546840265910465	0.00011104364758852932	51.313125715956836	0.2682961056956779
1.3549060570743348	0.00011098689169026062	51.4006729925557	0.25029490145264366
1.3551279741865017	0.00011093019375864533	51.2501271656249	0.2611217658102767
1.3552943376155993	0.00005544385415813297	51.533328392824046	0.24549741187937135
1.3554606373409332	0.00011084525540464685	51.317318604416755	0.24480862332122538
1.355737662063317	0.0001661618591327192	51.215638864117835	0.24347021672010083
1.3559591547817602	0.00005535904574057565	51.47772790300928	0.24268101193237057
1.3561252000967041	0.00011067576834067318	51.06503612388997	0.27613306408389404
1.3563464952795008	0.00011061938775906083	51.344706361233854	0.2443263699917996
1.356567677758544	0.00011056306459112667	51.237798903352896	0.2539823954693377
1.3567887475662372	0.0001105067987701673	51.38925429848731	0.2432993274490166
1.3570649267133317	0.00016565482044738077	51.227272244657726	0.24830465922971034
1.3573961100587462	0.00016552854390714382	51.04396766496335	0.276550767374025
1.3576719033607252	0.0001102823069575689	51.31352933923496	0.25167166299906324
1.359487759958974	0.0017022434978561094	50.9809637043213	0.24248898359341045
1.3629334527417276	0.001743268471570755	50.795110475334184	0.2909652484412702
1.3648359793335696	0.0001627170362933188	51.56686088327632	0.2497315082705385
1.3651070897123772	0.00010841032740949025	51.64102009422439	0.2514384006268603
1.3653238562970853	0.00010835623076829674	51.747331725391334	0.24488292459259092
1.3654863601624077	0.000054157846864575824	51.99722562514458	0.24171417089036143
1.3655946624091735	0.000054144342927832265	51.896133348883446	0.24691183698352806
1.3657029376547878	0.00005413084572366213	51.90827072344762	0.2456860119513398
1.365811185751424	0.00005411735526712956	51.73478695781422	0.2672130373830361
1.3659194070351393	0.00005410387151300095	52.035578022540086	0.2392770037462859
1.3660816883328089	0.00010816731697113105	51.78034873824537	0.24290505396770565
1.3662439090140435	0.00005406346055553015	51.93710523624083	0.24351638155138863
1.3663520225351213	0.00005405000364125089	51.62680949641712	0.28316142668808303
1.366460108988012	0.00005403655344445236	51.906599980259124	0.24668638593881662
1.366568168708227	0.00005402310992005122	51.892274510711225	0.24453291674560151
1.3666762013871079	0.000054009673103118135	51.82302349301783	0.2568786082960691
1.366784207359986	0.00005399624294861959	51.951832144503285	0.24561345722715414
1.3668921864792192	0.00005398281947159937	51.9596644278211	0.2452595437066714
1.367000138597315	0.00005396940268706633	52.035237891590306	0.24088681480432247
1.3671080640493352	0.00005395599255006155	51.95947487747081	0.2499486425612354
1.367215962687733	0.00005394258907561312	52.08642278408203	0.24164273540984413
1.3673238343651035	0.00005392919227871529	52.042591640338806	0.24657322661427666
1.3674316794162418	0.00005391580211448315	52.127410128483	0.23753916686761864
1.3675394976936834	0.00005390241859793082	51.966071705050844	0.2488243709701096
1.3676472890501201	0.00005388904174403661	51.93253298025157	0.24392968816935512
1.3677550538200767	0.00005387567150799013	51.81949008829029	0.2523884729011078
1.3678627916956572	0.000053862307924698645	51.9025041511318	0.24535068185911765
1.3679705030112088	0.00005384895094940077	51.97870232171322	0.23904890014129396
1.368078187619417	0.000053835600597085576	51.834646165962866	0.24750835955267583
1.368239664324046	0.00010763117499161335	51.78948956197948	0.2502512754122885
1.3684548733784627	0.00010757785295738422	52.11340420621953	0.24160058974873555
1.3686699758416134	0.00010752458373000129	52.21728990372022	0.2473555654276269
1.3688312327018477	0.000053742333220779747	52.47924837112211	0.2512496643357479
1.368992429868507	0.00010744477874019459	52.59891815020729	0.2441351802941384
1.3692072662348718	0.00010739164120701565	52.62249449814068	0.24722236818667243
1.3695293216900324	0.0002146240667450467	52.324273141309426	0.24335018516551588
1.3698511385785705	0.00010723254345509963	52.186406022998526	0.2516962709331594
1.3701727170940607	0.00021430634246468052	51.707176169006615	0.2665120768095872
1.3704940576690916	0.0001070739164233773	51.85372011484364	0.24573141484725114
1.3708151606953662	0.00021398955751610608	51.50441314627625	0.24636406027269442
1.371242929101308	0.00021377888731582856	51.44614117066489	0.25333015009203824
1.371563479078151	0.00010681057835240014	51.687259212541036	0.24695742706021356
1.3717770477489934	0.00010675806609112488	51.452335743814025	0.2929653381827776
1.3720438608953551	0.0001600387475274564	51.682248158060496	0.2470553245243258
1.3722571935486827	0.00005332005104835219	51.95420656732434	0.2461579214000327
1.3723638204586202	0.00005330696164784597	51.983320523149374	0.24604084982332283
1.3724704213550338	0.00005329387865283802	51.985191444291885	0.246657759345839
1.3725769960918672	0.000053280802078107875	51.9868310222343	0.24804682573629386
1.3726835445232024	0.000053267731938402435	52.02516270711699	0.24603560398925944
1.3727900669794066	0.000053254668190049185	51.97932013491557	0.24949885266759653
1.3728965633145043	0.00005324161084781385	51.82890095986109	0.27091531290387283
1.3730030333826737	0.0000532285599264276	52.060722081548064	0.24451918670687872
1.373109477514019	0.00005321551538228939	52.15227556469727	0.23801762816479696
1.3732158954040976	0.00005320247724957354	51.99575311659758	0.24795619792852086
1.3733222873828415	0.000053189445484726014	51.965207488299846	0.25016306665020005
1.3734286533044227	0.00005317642010248788	51.859977700881274	0.2588397555173497
1.3735349930231693	0.00005316340111756544	51.992969259309035	0.2440380434918425
1.3738007287764584	0.0002125235259564674	51.61408429250393	0.25051065967813424
1.374225567995777	0.00021231573104839267	51.61216007600268	0.2470988358237767
1.3756034321615642	0.0011640375729262623	51.191131106195684	0.24998925415150072
1.379291484088066	0.0025182422343719597	51.06215189957077	0.2450045629942553
1.0604820038369103	0.004541891699743296	50.86044467001186	0.2377316235600607
1.070199571966278	0.004102008600516205	50.87534809332251	0.23784960870885
1.0762817365593969	0.0023637332548615167	51.102297139489195	0.23774648655879616
1.0815307368387979	0.0028534323200127324	51.00372754039045	0.237849952614204
1.0865626702637163	0.002365051487763922	51.12981228487852	0.23774138076356968
1.0909055488464094	0.0021249477736096493	51.21463367851347	0.23776618938574962
1.0951650622991504	0.001988148930702963	51.269800977207446	0.23777298645559178
1.0993282306723047	0.0019991690288428646	51.270381441316644	0.23774753817773353
1.103248843532004	0.0020133972023501914	51.268558418409604	0.23798961130587282
1.1064170892244496	0.0013103818785985463	51.45408990488527	0.23833632144771835
1.1094793955375102	0.0016356228379717744	51.34835178815251	0.23844207822026886
1.1994499984027183	0.05444308481158654	50.917946708643534	0.23948982228540988
1.2298387415709544	0.002501645163149717	50.95567856582922	0.24007181177829764
1.2350072889349168	0.0023733137878193212	50.966517712375634	0.23908648931712798
1.2399632284244317	0.0032610770759942485	50.82635083630822	0.23852605052745893
1.2467288702418164	0.0026251305663769213	50.930064913463525	0.23935771763318828
1.251106276088191	0.0022534712783954815	50.99679253663852	0.2402891680192239
1.2551014536169776	0.0017248178965325912	51.11714571405135	0.2404792950024089
1.2590013918556902	0.0022682402805228514	51.00378427910274	0.24038135249804235
1.2634115942941877	0.002164827212061513	51.04531473858697	0.24022280549645184
1.2681164389949142	0.0021364188753910875	51.04054507737972	0.24004576764957652
1.2722307994938062	0.0020743184491433552	51.02877157895568	0.23910333973740938
1.2766754823059068	0.0020830985323847836	51.003403786156795	0.23858735796600075
1.2803312231210682	0.0018893827830192675	51.06164148326146	0.23984678400478937
1.2843058860477932	0.0019684717228114043	51.07948062679265	0.24026712663276947
1.2883544783215712	0.002087658810635367	51.061795316670036	0.24045676069805266
1.2924553920564201	0.0021545404448308596	51.02869096365045	0.24004449400102715
1.2969969459362756	0.002284308699035588	50.964449411992305	0.23907750982379236
1.3010080071037762	0.001799966280157127	51.018234458337176	0.24006722643904857
1.304527671451857	0.0018259450300284518	51.009661978941445	0.23980149523225344
1.3074653990794394	0.001202384525950039	51.17502683607276	0.23954060742857342
1.3098696905331142	0.0011803571420160948	51.17265495777386	0.23947695861134802
1.3124382440104347	0.0012238818709405434	51.16275774913873	0.23957491560847913
1.3145138752293906	0.0011754148788013965	51.193485009418396	0.23936104774300485
1.317297308121979	0.0014659333585216737	51.12242636671117	0.24024819199603153
1.3201471878737636	0.0012038519677347512	51.246356435603445	0.23974154193819142
1.3223299685400125	0.0011036062517891321	51.29547167542617	0.2395984684477116
1.3244810016241582	0.0010133369269590233	51.353139011976616	0.23931535841192408
1.3268375613031775	0.0012564866762169392	51.272892135093976	0.23974815772348962
1.3296580675700662	0.001679174363437116	51.095807592787416	0.23958666383708735
1.332915943326873	0.001806726689414911	50.991909407180216	0.23978347797092514
1.3371103459386044	0.002039409446293151	50.93540300705415	0.24001695596804376
1.3408549942459977	0.0017152479735716203	51.02587707933141	0.23911264552971856
1.344462481802783	0.0015816866217664668	51.092717543326344	0.238146976699757
1.3467359684179327	0.0009542354863307433	51.54629910991643	0.23503216814695554
1.348448796527152	0.0008589518061648765	51.62534346381247	0.2351850300193285
1.3500623146267792	0.0009231054982470513	51.39681612762335	0.23792049472451982
1.3520079750767953	0.0008826669428957267	51.436786539300805	0.23666047678050753
1.3542896425323314	0.0014184820952892214	51.131951158794905	0.23812800630850395
1.3568301855722944	0.001044189612758429	51.27331799718706	0.23855013335044606
1.359007021954369	0.0013275713248817806	51.1776493936112	0.23877201965282335
1.3623692479503502	0.0017168969966093735	51.15126522548257	0.23854368922243505
1.3649173301462594	0.0009449377661579391	51.40652691453316	0.23940483275097363
1.367043311963159	0.0012330782645662264	51.453088536805524	0.23741856511253778
1.3693119603938202	0.001117945931475305	51.47671610760152	0.23731170619503678
1.3714806929320589	0.0008813552612266961	51.37629942069294	0.23949104851663688
1.3731414055569728	0.0010349656837794132	51.47805735921824	0.23657446725716583
1.3754049712631602	0.0009753270637430876	51.35881622192368	0.24004458990183275
1.3773038266890345	0.0009328615429977921	51.403542235402654	0.23981535821145766
1.3792495112911145	0.0011897221150933262	51.2727575256672	0.24013345056282903
1.3819823713097956	0.0014064582086968267	51.167324198987195	0.23929356252604728
1.3851952745073013	0.0016458096163934773	51.05143401666067	0.2389843296686143
1.3881841691833112	0.001443056534793864	51.053351403097544	0.23873823513556464
1.391336375114669	0.0017145519650739066	50.87562473263918	0.23844820086295218
1.3947317602171538	0.001756893615622325	50.86617613791914	0.23832085656153348
1.3979023133157646	0.0015556292129975861	50.920069263760524	0.2381975960003444
1.403577422641253	0.0035682082910267	50.531089279618925	0.23793203014564085
1.4087652981664904	0.002373843485827399	50.683675182345176	0.23779165603149266
1.4152004174272736	0.003944904333983729	50.468769690033724	0.2381355598278056
1.422618377495311	0.0032394622017000332	50.57194176096277	0.23903717106583852
1.4292014717581623	0.003693481371100053	50.49312427977332	0.2392088976796103
1.4357162142217792	0.002758525876800866	50.60016094622863	0.23909506377036133
1.442386545346762	0.003678308596054943	50.41693200126721	0.23829587552449738
1.4493423546570297	0.003199054140882903	50.438105701793354	0.2377837784780041
1.456520207343404	0.0033793732880095483	50.422979289864415	0.23812133228296756
1.4625885909790863	0.002999017063974291	50.541709632009216	0.2389019830225992
1.4681630964027472	0.002777991687340151	50.63969611816052	0.2388975198491169
1.4738400071916393	0.0027851698065495746	50.6541582550479	0.2384072292357821
1.478348752477499	0.00179270694698905	50.86653116906572	0.23856197290723685
1.4816832791388568	0.0017541286331286506	50.92130318826504	0.2380743611667153
1.4847784711301824	0.001104876073801971	51.16843881772354	0.23779963956272623
1.4866795467199165	0.001029376557894314	51.20975454023524	0.23792701730364194
1.488780326405196	0.000982617436159503	51.233658447028205	0.23777431969897933
1.490984592957986	0.0011459920617014868	51.15690105557889	0.23785185070892267
1.493113144597384	0.0010576352007831235	51.18055004505254	0.2382589679963419
1.4953156663460732	0.001296278550045773	51.079737701427135	0.2384325170136874
1.4978286445333606	0.001038227321829416	51.16212286505993	0.23886375621313402
1.4996536818349497	0.0008738219544415208	51.199539095221674	0.23938865804687173
1.5012750259697452	0.000722005093038277	51.25945682444961	0.2389224827479688
1.5026455621813768	0.0006367983232722817	51.307395570383	0.23859985608395842
1.5039310763637266	0.0006674002672995083	51.352482866903635	0.23744240159490215
1.5056679579574626	0.0008706282732754371	51.21801052138254	0.23818941117780232
1.507216246520323	0.0008147747522333369	51.20429146451143	0.23808798267189965
1.508677254596936	0.000705908661509859	51.16728581556771	0.23799594500506363
1.5100071928038092	0.0006406554153169952	51.205484149486615	0.2377844264438692
1.5114066121118008	0.0006066646470403136	51.247362718964666	0.2377896415131132
1.512550703397813	0.0007276263217943716	51.1782177721466	0.2378294908780592
1.5140573807065159	0.0007751137121656796	51.15500718065333	0.23795167332250378
1.5155300972699415	0.0006085992134965924	51.26519746450403	0.2377934840988789
1.5167016266458377	0.0006031363332019065	51.24420603429118	0.23817076922415178
1.5178471250883785	0.0005767611622482041	51.24609607694031	0.23826122142212777
1.5193089680559906	0.0007762486309489004	51.13109288738005	0.23786416404567817
1.5210006842556023	0.0011243551543134848	50.98166495464861	0.23814645628355735
1.52303075001507	0.0010051281314600623	51.022835987694464	0.2383458504330199
1.525368177502124	0.001073752526905493	50.9460274961665	0.23834707909580063
1.5275420891145606	0.0012529823066146255	50.854848742413566	0.2381944442185294
1.5302132262204546	0.0012786556998832714	50.82617908409473	0.2385681774521219
1.5328275126535846	0.0012138797214873754	50.79520468968657	0.2383408061064253
1.53526316539859	0.0014259792498563112	50.7168856533237	0.23835359236556364
1.5380493845192897	0.0012567012666493257	50.77716927383963	0.23849189673286555
1.540665908452027	0.0014300582251809725	50.72786005771145	0.23848685251493965
1.5438795348420404	0.0017598039787686034	50.63383553847358	0.23834749607690897
1.5474366117100926	0.001772165279113413	50.62810636180693	0.2383083820463106
1.5512102872971139	0.0018504133360760099	50.61190129272814	0.23956576672738922
1.5538068603998436	0.0008959971751424982	50.946539975748394	0.23957253137302315
1.5556947880586436	0.001121036174718075	50.863819157763984	0.23853061211345575
1.557762420933813	0.0006930804667827198	51.07102425237002	0.23823232434571076
1.5590874249693112	0.0007247806851768452	51.04644647669302	0.23877584124199794
1.5605000080664584	0.0007889664364718724	51.01993966860568	0.23876656758362402
1.5622765129914047	0.00079693377373999	51.06414444876188	0.23819406971252952
1.563560379151693	0.0005997973675430783	51.21125530234841	0.23803031490830254
1.5649089000236924	0.0006766363767150397	51.27005589672546	0.2350994573118322
1.5661082506139987	0.0005433991321432078	51.16497985098826	0.2380136102530223
1.567156248761905	0.0005310263842119035	51.259676310736616	0.23680303488417126
1.568261147038163	0.0005907936943050147	51.37700094627326	0.2348403334258881
1.5694123467035137	0.000587536541532694	51.40085696548805	0.23489093311783207
1.5704473440310944	0.0004695860710486451	51.345495798527544	0.23753858885822496
1.5715270622097726	0.0005813126680683842	51.41617415622085	0.23478916684043466
1.5726209102927458	0.00047564537660507006	51.31425444087304	0.237706054984374
1.5736080542803732	0.0005013960271408472	51.26735668246914	0.2378797892418675
1.5746582060276202	0.0005144043926523039	51.246934026520776	0.23790148616176193
1.5756641018273103	0.0005924913381895454	51.18438874234571	0.23798382347671235
1.5769090510291632	0.000602444819145302	51.35698559694749	0.2351777374436787
1.578039243467618	0.0005270141071326071	51.47090910437606	0.2351978874134489
1.5791499462093799	0.0006440467744790153	51.437730857394044	0.23540815628732736
1.5802644212536818	0.0004202823189321732	51.6211356773744	0.23548191345200659
1.581048130605598	0.0004467236187496442	51.40029023825679	0.23822766448884206
1.5819735596863396	0.0004465951770562031	51.37352266133572	0.2383903052973995
1.5828215089214424	0.0004646037180995557	51.355185153803596	0.23798477259583442
1.5838316262026377	0.00046680015139287644	51.32781879511812	0.23881434361827755
1.584798545126306	0.0005360348833064275	51.28123677641594	0.24004696122210784
1.5859589471561342	0.0005810564701057932	51.38955519168846	0.23709573551085644
1.587210528860282	0.0005753213456590929	51.35690965192142	0.2374473823691138
1.5883077778294385	0.0006370925505615058	51.29923092207376	0.23680357336875044
1.5895283708519927	0.0005811500483676799	51.252747592262835	0.23707437336155782
1.5907068526240793	0.0005723204375731922	51.17658340131597	0.2383782009382353
1.591928769255862	0.0005867888455589866	51.17005454133591	0.2383316402798987
1.5929788956263478	0.0004979668853941303	51.237652710182864	0.23845446702292408
1.5941224719544551	0.0005974284340687135	51.15619943136512	0.23824597368717423
1.5952821886669915	0.0006062045090076907	51.12617673677386	0.23851810750720012
1.5965135888508453	0.0006283494817124015	51.08117583039004	0.23852424869119637
1.597757369766367	0.0006955526063923092	51.01957154995081	0.23848533910118158
1.5992837895462126	0.0008353701573234212	50.949223977839985	0.2383415132533582
1.6007843861785132	0.000548954248658126	51.14111268332076	0.2381446070555934
1.6019971639163662	0.0006738727312517904	51.01280254893789	0.23784610115254104
1.6032488559423408	0.0006124147693800858	51.0473088054029	0.23784246060655267
1.6046312434050822	0.0008360764412795109	50.94730287638264	0.23778003292768796
1.605940759602098	0.0004654233664599978	51.242018095691634	0.2381499926443789
1.6071268242610661	0.0007459063805497919	51.03566310189878	0.238048232276073
1.6086609425232732	0.0007278073542251428	50.977094467560306	0.2378709171446543
1.6100046478494536	0.0006893196037665462	50.93080242726991	0.2383157687789595
1.6114610316766877	0.0006155441995188901	50.98248091686989	0.2381679692010009
1.6128206295242364	0.0008579957801917788	50.84230129173508	0.2380234468600284
1.614640054099099	0.0010275791895289256	50.764496369565435	0.23814268772270036
1.61679513197848	0.0011075106691477829	50.73347137456189	0.23838916636777252
1.6191147744414658	0.0009951496499391258	50.87494180255631	0.23852157160128906
1.6212733608099406	0.001176538533741527	50.802725011065306	0.23875628190517922
1.6232687351358162	0.0010477487681567574	50.88050469795172	0.23914273644521794
1.625432125431891	0.0009949174328150393	50.92745058373588	0.23966457197647453
1.6272010634716763	0.0009004569889290971	50.99979549016456	0.24037096253453608
1.6290144906987694	0.0007513132465817268	51.11159122820613	0.2400110918349384
1.6304306704129345	0.0006701553134349791	51.15306164229486	0.2389211956102159
1.6316574316209453	0.0005758375531110063	51.19217627663017	0.23843820955502848
1.632848550677024	0.0007300788197810996	51.076879323012655	0.23849972164635175
1.6346415114241188	0.0008909897427182795	50.89553456396107	0.23822609290647703
1.636129527613119	0.0007238580181913262	50.99282856120389	0.23804130950479882
1.6375762832709957	0.0007366467098837497	50.96424330623634	0.23816435590757448
1.6390528527018278	0.0006995304767194181	50.97889236160896	0.23788518214267107
1.6405416679913416	0.0007812241044364116	50.92692141174768	0.2377808252000777
1.6421714865308545	0.000812666081325576	50.90104411422409	0.23775393877939624
1.6439292975288877	0.0009256209032177049	50.81763055851285	0.2377754986296299
1.6457070108852663	0.0009303621711717876	50.788887849538455	0.2378585287563273
1.6481121781859525	0.0013546408984307146	50.616736859903334	0.2380233167986501
1.650773736107272	0.00150360405801451	50.62820207222467	0.23867364259150417
1.6536492620376797	0.0010920191501880105	50.753023703476494	0.24003528815955383
1.6552918511742862	0.0007669463430266847	50.916365785590386	0.24007186497145722
1.6570721809606104	0.0010191035739329543	50.809477778971164	0.23957991776278306
1.658994048804896	0.0008196730786363846	50.91726092469131	0.23865900288338232
1.660523246622689	0.0007508995328229922	50.93809517552568	0.23842376904911752
1.6619034201999732	0.0005596772349835367	51.047583907796266	0.23842313262315018
1.6631687173176957	0.0008118316951433552	50.85148344832659	0.23805975253971431
1.6650285312535829	0.0009544112540848525	50.6997717007252	0.2378459317107181
1.666957518129205	0.0010455377793975908	50.65148127721352	0.23783694700528918
1.668705575503565	0.0009409760924410451	50.68519249199597	0.23815554375066753
1.6711049244115181	0.0011675627249326244	50.59115654056444	0.23801596094423208
1.6738653266724701	0.0017139559872314419	50.426786930761985	0.23843378073835386
1.6773827914582644	0.0017621932813195013	50.42095862325036	0.2395732678745349
1.6805430809209612	0.0013987467579583196	50.542567999448636	0.23896427521038885
1.6834475122400936	0.0016602765234042527	50.46407383953883	0.23834257647447957
1.6868665587083087	0.0015044947915404932	50.50004787237632	0.23818563714447943
1.6902999176600026	0.0018739811124041644	50.39691011999917	0.2378943465664568
1.6943125615564005	0.0029076748546406927	50.185531582296356	0.2379421613252326
1.7015356356948086	0.019167398063970314	50.112853854647774	0.24143774210019292
1.7352081597511364	0.00031266326888483353	51.20714179190226	0.23782211984006815
1.7363163813217573	0.0007396019266316138	50.851812236811384	0.23781357170445225
1.737610340406746	0.0006034853300421299	50.9487746129776	0.23794552881915343
1.7388500249313417	0.0007095097673963702	50.871351442030594	0.23817402383364294
1.740436928355492	0.0008730885963370044	50.76560713122964	0.2379838974938498
1.7422842386836397	0.0008204834988470733	50.77805366513187	0.23835389434564352
1.7438246720571393	0.0007943485375756787	50.80915808824897	0.23859669965856703
1.7457998127775194	0.0010907982078166372	50.687012720136195	0.23926818182468174
1.7477356912472666	0.000878190664809213	50.761118131855056	0.2394992284719794
1.7493431034483127	0.0007199845916357536	50.82348327507309	0.23929037390601982
1.7505999972222983	0.0005572540708343377	50.94487496324726	0.23893979641454657
1.751852151498127	0.0007408662859049141	50.866389935531714	0.23876897210241257
1.7535530314050467	0.000905842064999511	50.841249520510466	0.23841774986235573
1.7551181180462794	0.0006685190446096248	50.951010985117854	0.23817271888245023
1.7563518270162604	0.0005499224124040476	51.014871939684205	0.2382104603054593
1.7571998277657235	0.0004038083267326469	51.12391005397658	0.23803517722933243
1.7584813314527237	0.0007745613759024024	50.797997209611005	0.23802979235423416
1.7598016640923073	0.0005723311415856947	50.91015661106793	0.23780110405723942
1.7611539280352817	0.000821529325066448	50.74210307189584	0.23791621589284898
1.762686484327601	0.0006987424647005626	50.817110608464795	0.23794683177091294
1.764021156086688	0.0006322387551555178	50.85812786596129	0.23788119560281717
1.7655889143544274	0.0009037158660191401	50.695325781273056	0.2381135265474517
1.7672176106649613	0.0007301449006947674	50.83865622900971	0.23847154286602937
1.768484923431438	0.000535842199414711	51.0134605586299	0.23963035663142662
1.769604411961173	0.0006327056273532302	50.9812999515693	0.2395639522388707
1.7710968453198142	0.0006741670590220218	50.920779076444525	0.23933717442583408
1.772388981407123	0.0007156665633482038	50.87292949642734	0.2388047722145013
1.7737375800021047	0.0006991681463519201	50.87984782058961	0.2383160297752837
1.774943845776939	0.0005115824615354727	51.02521468983559	0.23817167860045876
1.7760804961640417	0.0005128754113371024	51.084564427053905	0.23808581508403331
1.7769937685334694	0.0005333197884500235	51.116306463114235	0.2380661926895668
1.7781428739205518	0.0005811227311783455	51.06454189440737	0.23794796076459365
1.779311921075596	0.0005247372554194234	51.07937764553937	0.2379269833774783
1.7803382525910778	0.0005755880703798909	51.026130030865616	0.23791320480699998
1.781727856326373	0.0007684606217173342	50.90392160348662	0.2380237249913405
1.7831140631029827	0.0006852699388148471	50.98029395492938	0.23823520650358282
1.7847145591847604	0.0010184513765969306	50.75943299444121	0.23869823221662384
1.786633767311407	0.0008912585564437916	50.756499411361574	0.23898696185356552
1.788112911583771	0.0004860695914836915	51.00724343750747	0.23905832760084603
1.7893656741885944	0.0007616963812249546	50.81087976275838	0.23894454976431706
1.7908325081242107	0.0007316713413009336	50.81604160358718	0.23880626533765342
1.7925163040809795	0.0008686315090232721	50.71843408741768	0.238250336987917
1.7941845152400666	0.0008970879025509861	50.67919078453325	0.23789636713928536
1.7957799918213553	0.0006861837330951246	50.81743974615701	0.2374913717292837
1.7976530239537971	0.001254341529688529	50.560395592324454	0.2377579238088168
1.8006439113118629	0.00157033920482704	50.4458081125253	0.23876445540601435
1.8032883698860989	0.001073146985062279	50.595664351957254	0.23957387618892118
1.8057655380225213	0.0013844051605205352	50.45302753985989	0.24017676239419855
1.8085138435142665	0.0013009815230029564	50.4596551487408	0.23896584942267343
1.8112778528990896	0.0017244456492999758	50.32102702162686	0.2380238939769093
1.8143828558102788	0.0015407037620861345	50.367327694964914	0.23778097854135344
1.8178482193867689	0.001722920592482756	50.3477085848442	0.23792630344621624
1.821247278731656	0.0018995897716480587	50.19739656498769	0.24178296402740096
1.8260401080897877	0.0023166610906173663	50.21561161401925	0.23932490509010407
1.8298520796017748	0.002050553869141263	50.127533168098	0.2407198701753064
1.834001160760602	0.0019560201712171214	50.10430813217366	0.2412203889644955
1.8377633573855685	0.002142236854993279	50.01363825793801	0.242823873321908
1.842457752314874	0.0018537405558839114	50.07479348962078	0.24280983222312974
1.846140544836294	0.0019826812256603667	50.065821451922936	0.24365585222419045
1.8497612950600417	0.001852570944753656	50.09882326269963	0.24249453681689795
1.8545770181493046	0.0030478623555083967	49.85213526209097	0.24282805492483137
1.8908718642132851	0.02025126659344136	49.71375133305932	0.24867974222816164
1.9133869067735465	0.009614450626108833	49.78984271583429	0.2467924796534215
1.9340255613774482	0.00825119367558677	49.7312681036336	0.24867974183456393
1.9490906125068905	0.007084454650691593	49.81667010299488	0.24522952445535695
1.962060180998026	0.008594762463285796	49.67627448755478	0.2485554291249034
1.982097126450066	0.009848487053479847	49.72997310372628	0.24607028407950862
2.000127511699728	0.00866073018547402	49.74664636741402	0.24861744138814246
2.016883505078938	0.008332945003013539	49.80310294387628	0.2477462240258607
2.034152586876604	0.008008099004685172	49.80480850394383	0.24684401792140062
2.0512359990346414	0.010499173030936915	49.61286744868589	0.24763316426622448
2.072577293563062	0.009995713473608607	49.595926881548436	0.24757699317261891
2.0950252638484135	0.013921523101794996	49.437727072858976	0.2486797330925648
2.118839512114948	0.008386487587328975	49.68050933929279	0.2485554400233846
2.157411255238083	0.026310106019494905	49.43338860169257	0.2397338958716889
2.886187845996982	0.003684763990521422	48.66277791460019	0.2488226488356483
2.892487872918356	0.0037326057763903795	48.64945029868109	0.24868560237803825
2.9007686932096655	0.004156964409563723	48.611991941709924	0.24766913958401363
2.9106998012205754	0.004449965135959676	48.54224139484455	0.24886863984652102
2.9180390620954717	0.0037095475021317386	48.598616995857505	0.2485499084140665
2.926374601215722	0.004758740378276906	48.46256833136741	0.2485499083516841
2.9337161136660628	0.002844054820339116	48.66042829320243	0.2484601907245832
2.93933941200898	0.0028074670316486647	48.64095107590563	0.24854989981707865
2.947359193106996	0.004000822690847302	48.465527276124746	0.248731119947816
2.9541001574158554	0.0033264441298953445	48.55453666485623	0.24864020495293931
2.961209298471463	0.003875245309718393	48.49387443936976	0.24859498595918056
2.967904052111626	0.0027983657201261203	48.665192748914876	0.24754649678954943
2.973966063628589	0.0031777104877836354	48.60140359430493	0.2486402095468592
2.980760532566811	0.0039516359646339805	48.53950314168142	0.24787615750315467
2.9891823519301868	0.004440725475145457	48.52656862360229	0.24612218977540617
3.2153514971016635	0.001726834977354246	48.590280340638614	0.247548076080091
3.218985932572292	0.002806492946245251	48.353308398319726	0.24850760928916643
3.225454983897683	0.0034210716728308574	48.549730277263365	0.23928782293434253
3.2406071930962006	0.0040816239226338915	48.1788042868586	0.2550177093229119
3.246428130846423	0.0023666940829902175	48.42273607401905	0.24878483265701198
3.254754500973292	0.005475816405956614	48.26744911745965	0.24103747008117266
3.4015126601399417	0.003155760046944948	48.03980425042012	0.2552497707504282
3.408354209374169	0.003844606904895197	47.950624786968376	0.25535677462567824
3.415133106129963	0.002664678430094436	48.127644325662565	0.2535814315567138
3.420434061478296	0.0030809926629265603	48.20036181396569	0.24701563318616976
3.4996837625364585	0.004785329934186262	48.01625484470848	0.2428431175280331
3.535099563685765	0.0074198740859703575	47.791636673842284	0.24334790482885113
3.601465547360775	0.003489840633141729	47.73086486533923	0.2555138350727011
3.616936026380254	0.01581097987429976	47.67519688175215	0.24129501495019604
3.685611967326659	0.005457893803377625	47.53496662294615	0.25576377190764127
3.7020518012517365	0.01049453383452203	47.5263606155136	0.2434610387024707
3.7560885331057166	0.0044055393753374954	47.555444545414055	0.25544192406088617
3.763359067075515	0.004481795967610535	47.53856827769523	0.2557977069389256
3.771665625072219	0.004783185653670511	47.53445562762299	0.25420915857885423
3.8178232492207536	0.005247440595060602	47.37157710523822	0.2562856549533061
3.8265283344409338	0.006587586521900652	47.388522166320655	0.2494462220385513
3.9494448778941993	0.04895964361154361	47.18078929850827	0.24163737921432205
4.226679274740411	0.20694640327961847	46.60330222522907	0.2590076894418784
4.537600103087257	0.1005529121251293	46.288900031367135	0.2940770031748541