-1.3846674994946118	0.427174700992237	50.37443277254153	0.08604929815535897
-1.020778449379218	0.06160205771223835	50.56885571837906	0.09575008634323107
-0.866801427616577	0.0864267522136817	50.415622589458614	0.09536980915131395
-0.7533570352823664	0.03327927106952713	50.594824812587675	0.10984930871264124
-0.6914310153287597	0.028856774469055508	50.584678477099445	0.13377082136732435
-0.6372431076685537	0.025471814164090084	50.75919037294856	0.09728523976914122
-0.5890725597603392	0.022797610512999486	50.594115035764176	0.1483688119417227
-0.5457154176199477	0.02063156571459849	50.99672540048473	0.08117288615811824
-0.487852437874339	0.03611596333345971	50.77945083488222	0.09239458610375356
-0.4368002497583577	0.016055248048118642	50.940032656388524	0.08166742276632732
-0.40582141251777176	0.014949896376756769	50.876197525238375	0.08148813179982198
-0.37690592922007327	0.01398693958883527	50.862151003381285	0.07603304395408637
-0.3497960562768959	0.013140528308599644	50.72983066720139	0.09145469904286552
-0.324279522644923	0.012390712851590963	50.81207388746153	0.07270095277901606
-0.300179319864711	0.011721848115539025	50.80374322576133	0.07443042463016572
-0.2773464825070116	0.011121497086325071	50.70122334128019	0.0971389768581784
-0.2556543804516061	0.010579646343671825	50.76777552103399	0.0833833217110522
-0.2349943752705541	0.010088141035096181	50.78846751838148	0.07766793299459275
-0.21527272586140145	0.009640276618804582	50.65022813605455	0.08116805084142997
-0.19640791187873752	0.009230488419610541	50.49241895746891	0.08398510753896594
-0.17832851849839518	0.00885411764964374	50.96137650490425	0.06660540976541938
-0.16097177510248267	0.008507237258101371	51.19898669319062	0.07113714393081191
-0.14428214965195915	0.008186512316493522	51.52999761478573	0.06957551419561374
-0.1282102062451114	0.007889091190800088	51.3462427566589	0.08481205370674041
-0.112711895733799	0.0076125238385397935	51.415608782152	0.06854419851005929
-0.09774763454326993	0.007354690550270386	51.34012904129641	0.06820886473599676
-0.0832818607405214	0.007113750524522287	51.103427633487485	0.0798219987021476
-0.06928245164306374	0.00688809647982279	50.754842254727436	0.07281601092775226
-0.05572023445630339	0.006676317845573732	50.20241480351004	0.06151821444181222
-0.04256874639746133	0.006477173289869381	50.15150037831281	0.06010394051879504
-0.02980385803807467	0.006289565263626177	50.558536555572665	0.06502045192553794
-0.017403452143878645	0.00611251899940929	50.870049728980085	0.06621616024277077
-0.005347307950095526	0.005945167265175552	50.99590682731719	0.06467489254909747
0.006383156970264009	0.00578673524463275	51.229436024105865	0.06264398705294189
0.01780510944619776	0.005636527892393293	51.52409269243741	0.05506301738029723
0.0289343299839617	0.005493921376153434	50.032244245048126	0.060459969778732255
0.03978548072026436	0.0053583526090676395	51.24963622206144	0.05544286255631095
0.05037210386283031	0.005229313346480985	50.866079835034625	0.056779793841756285
0.0607067750850612	0.005106343131854079	50.48511879137751	0.06346001551426429
0.07080123797603219	0.004989023296702821	50.40778086090637	0.05768797206046083
0.08066639146620991	0.004876973305263506	50.311163839541685	0.061148196268207014
0.09031240850090683	0.00476984604207243	50.457281888865154	0.05641351474440911
0.0997488408491371	0.004667323773436985	50.58734568845913	0.07191241644322323
0.10898458938525979	0.004569115963354707	51.261919870135614	0.055773700389452084
0.1180279991753233	0.004474956012877085	51.52644981235464	0.06129216297723535
0.12688694401243655	0.004384598448892398	51.705322830481556	0.060492695552039226
0.1355687864905934	0.004297817633462566	50.46579421440169	0.06596638639485311
0.1440804565212695	0.004214405435173458	50.26717409379012	0.06284118880680215
0.1524285215490575	0.004134169211742758	50.86457594491069	0.06153718672686549
0.1606191285835472	0.00405693118680591	51.257045827249144	0.06589550990586283
0.168658131170753	0.003982526173724244	51.52268297625302	0.0583111166158786
0.17655102828847924	0.0039108012165391835	51.16788350885885	0.05794825842709003
0.18430302463765091	0.0038416141755364033	51.08088651066072	0.06017802822294354
0.19191908502203547	0.0037748324944223335	50.997126883481215	0.05810837376013046
0.1994038839723356	0.003710332973609315	50.79447217442831	0.06193876579710334
0.20676185859923474	0.0036480006857818287	50.2929290155375	0.06284667260138989
0.21399725648099083	0.003587728028066283	50.50841552620959	0.06344335020273506
0.22111408446197878	0.0035294146613368983	51.23325615029122	0.06977538673808689
0.22811615574035743	0.003472966659950633	51.652196406168116	0.059689410161388554
0.23500713271071422	0.003418295766834606	51.58663189805911	0.05738957336787318
0.24179046571211782	0.0033653195169967656	50.17201537133529	0.061814322335057785
0.24846948569728172	0.003313960168531097	51.09747727278582	0.056909151430523656
0.2550473427768021	0.00326414488245974	51.37675313251283	0.06034224810350864
0.2615270462008308	0.0032158051301244108	51.37804184564294	0.05551602100127452
0.2679115009661412	0.003168876172273176	51.30476683409654	0.058577248273056735
0.2742034576058758	0.0031232972031281217	51.00135240557561	0.06378636420108993
0.280405548941978	0.0030790108617516467	50.75729416127251	0.06209556899362101
0.2865203238511615	0.003035962801753112	51.61021731728935	0.056913984677178245
0.2925501980179696	0.0029941018657109694	49.858766829006946	0.0627612553867419
0.29849748800381193	0.002953379675892138	51.2324772109653	0.05680444954616735
0.3043644426479292	0.002913750273206193	50.16739092289521	0.05218225742186438
0.3101531949245514	0.002875170309072563	49.852331281645355	0.05597772503457051
0.3158657937485298	0.0028375986977163432	50.67182567154173	0.06445650121375562
0.3215042333779563	0.0028009963089071378	50.394082944259175	0.05788581672104207
0.327070398211116	0.0027653262211020076	50.07423897490947	0.06030279305162671
0.33256613386363393	0.0027305531598894118	49.93979712255975	0.05673986860294773
0.33799319244650966	0.0026966437579004246	50.33010338996253	0.057409060941010025
0.34335326129485605	0.0026635662824151017	51.26426828591423	0.05742276400178393
0.34864798964766536	0.002631290393937157	51.463567453581774	0.055017335330638004
0.3538789437162127	0.0025997873496474123	50.638603464991704	0.06283231446102111
0.35904763388294986	0.0025690297646820503	50.290511317169376	0.0618150386912712
0.3641555400241369	0.0025389914001613984	50.04249625292193	0.07715318285311794
0.369204067792181	0.002509647363990917	50.263718883387504	0.0571905694576233
0.3741945744674254	0.002480973899653178	50.26073035369732	0.0623122083450256
0.37912839308354623	0.002452948198312603	50.3495733404505	0.06384497880675093
0.38400678267308136	0.0024255486354398384	50.817078545904245	0.06719431817699831
0.3888309890658283	0.00239875438049083	51.346065565887145	0.06218615398175028
0.3936021956614421	0.0023725456326510273	50.58493836871358	0.07126372646887566
0.3983215473570865	0.002346903445418572	50.55636812504725	0.06273383832960286
0.4029901729583916	0.0023218095700427424	51.00721064826406	0.06114367472942673
0.40760914456807457	0.0022972466417939307	51.06917066018935	0.06295123717215859
0.4121795005134445	0.002273198021521308	50.72292413579306	0.06630462827784638
0.41670226686381767	0.0022496476539596638	50.46213515566845	0.06407895100683869
0.4211784179167724	0.002226580247278649	50.88612127597391	0.06737998177350904
0.4256088982194091	0.0022039811290681323	51.35838038561688	0.062419343373103946
0.4299946432745361	0.002181836117288336	50.03833418842919	0.06607333162840236
0.4343365410834929	0.0021601316928928117	50.99054713714777	0.06285836168229327
0.4386354533413637	0.0021388548681869233	49.87681985083994	0.06882004399742207
0.4428922354022184	0.0021179930686269096	50.04739346584326	0.06333866121680436
0.447107692585653	0.002097534328681027	51.082902078394504	0.07093955941549518
0.4512826318707032	0.002077467019930127	51.412934742674445	0.06430841932864137
0.45541781866931247	0.002057780044168572	50.908446585929745	0.069674790223738
0.4595139967936778	0.00203846271881463	50.44219530644672	0.07229911974532602
0.4635719073171736	0.002019504673674028	50.14853918156976	0.09338980059205919
0.4675922527316508	0.002000896005269434	50.30978095256457	0.08073346690044984
0.4715757162534136	0.0019826271707895156	50.46566199721307	0.07261352159131475
0.4755229800877114	0.001964688892353966	50.66820506533354	0.06214462646947226
0.4794346904922761	0.0019470723048017127	50.659261915695765	0.07241392699800704
0.48331147647002887	0.0019297688571656589	50.5348482243348	0.07975471742492951
0.4871539674794277	0.0019127702235552544	50.40818872899253	0.07326169562421357
0.4909627537149856	0.0018960684693201462	50.256123103738574	0.10646569770830992
0.4947384324828675	0.0018796558358473016	50.739159947165895	0.07748730724194418
0.49848156888724854	0.0018635249040206761	50.75457890237934	0.07766504248566196
0.5021927135930597	0.0018476685064108672	50.55643807080461	0.07350009765230413
0.5058724196938327	0.0018320796475925136	50.52615244673998	0.0912408757663371
0.5095212100077686	0.001816751635744415	50.97005145220876	0.0750665513608166
0.5131395943305264	0.0018016780003698907	50.57968075858636	0.07599068287836462
0.5167280858398529	0.0017868524174917536	49.607386724096294	0.07632684555107508
0.5202871691644275	0.0017722688356861202	49.6555652634595	0.08946461821276647
0.5238173171581437	0.0017579213987773915	50.91901047985871	0.0743288448865793
0.5273190068693165	0.0017438043754256106	51.034355733049324	0.08302882888239703
0.53079268834972	0.0017299122798697802	50.32268033318211	0.0823021963138684
0.5342388009787475	0.0017162397991176504	50.16582253376086	0.09695639212369053
0.5376577890222578	0.0017027817265070015	50.68710070801345	0.0827125470256763
0.5410500661156765	0.0016895330970162967	51.00520717951186	0.07476780701585412
0.544416056339728	0.0016764890205909079	50.96572789159834	0.09824043204937945
0.5477561590396451	0.0016636448151992034	51.21843766099367	0.07827216671613564
0.5510707644550492	0.0016509959406150595	51.252254862557095	0.07477289667348297
0.5543602686443561	0.0016385379378183438	50.999782147518374	0.09610737851983106
0.5576250441207435	0.0016262665369222063	50.98182224540166	0.07993451183578519
0.5608654550953784	0.0016141775944538076	51.099572257430864	0.07809610257730784
0.5640818720476728	0.0016022670358590777	51.364553538019216	0.07357173249294055
0.5672746429956463	0.0015905309590792114	51.35265119547794	0.07931043501804845
0.5704441083725866	0.00157896557503676	51.14260886266754	0.08408071130539922
0.5735906152610084	0.0015675671529889073	50.98492392760949	0.07845841613990177
0.5767144846337613	0.0015563321366048402	50.62689251491586	0.1058105555916497
0.5798160490737285	0.001545257004290663	50.55586945549722	0.1165501992774481
0.5828956203055642	0.0015343383833800073	50.86910563757425	0.09461733759415172
0.5859535035016636	0.0015235729954013325	50.7643154154361	0.16017545968169908
0.5889900109914161	0.0015129576056885027	51.18366723482452	0.10094636647210033
0.5920054351026716	0.0015024891164474152	51.508344557574205	0.07584402525959198
0.5950000621471585	0.0014921645146002524	51.252460682223884	0.08827752242019388
0.5979741858343752	0.0014819808236953595	50.985624901403945	0.10316006016920647
0.6009280806606718	0.001471935193407927	50.8347631562023	0.11004704149733867
0.603862015588976	0.0014620248497707203	50.69913526441257	0.10160163611495975
0.6067762671806229	0.0014522470492164038	50.834551445032815	0.08866656347507154
0.6096710935112135	0.0014425991646989404	50.86905859237865	0.09730062880462262
0.6125467475584505	0.0014330786381397166	51.04332538014776	0.08294836334412041
0.6154034900642418	0.0014236829364524745	50.92955887202859	0.09838794889255746
0.6182415597423212	0.0014144096481893123	50.78953737438387	0.09733562333290241
0.621061207463365	0.0014052563694067044	50.65183753845374	0.11219833950502199
0.6238626667061595	0.0013962207988207414	50.59540949928879	0.0856431482589062
0.6266461664870155	0.0013873006936105496	50.18034457882764	0.13398285628123238
0.6294119437974588	0.0013784938284537357	50.20415374826497	0.09910106534297841
0.6321602188310491	0.0013697980734666269	50.53403876590838	0.09032728295096455
0.6348912076531825	0.0013612113518441952	50.75563090857185	0.08962704955341642
0.6376051343980025	0.0013527316005456271	51.01550477304434	0.09775228447023905
0.6403022069544315	0.0013443568454493693	50.8409081678771	0.10309272309704483
0.6429826293870218	0.0013360851607110912	50.59311432225862	0.12695817123249312
0.6456466139016719	0.001327914630995184	50.727196013639	0.08832391133250926
0.64829435304114	0.001319843435938421	50.75992645361068	0.12015616660835635
0.6509260515341273	0.001311869751348351	51.105008045192605	0.08744719705926257
0.6535418987043808	0.0013039918324250401	51.31305519489658	0.08529232428307869
0.6561420804984961	0.0012962079757472022	51.37400843886327	0.09240424172808538
0.6600134005694986	0.002569409733490908	51.32543218493439	0.09064113235722357
0.6638505124038574	0.0012734041400497644	51.68191754934042	0.0842384608173637
0.667654022751083	0.002524600958767569	51.280399952963045	0.09985006232728412
0.6726740976015841	0.0024955867317677676	51.12532923601713	0.09674816435448917
0.6764014388586612	0.0012371299786716851	51.168108121174846	0.0908285103624627
0.6788686749561201	0.0012301217430260324	51.202556284974946	0.13389522463029294
0.6813219774194552	0.0012231924519531658	51.52131503977359	0.1011273089372629
0.6837614955152016	0.001216340799317319	51.603046438333585	0.12764126928358535
0.6861873904680715	0.0012095654674718834	51.88066009285158	0.11128170551278695
0.6909989006793378	0.003588716272534413	51.78684479928468	0.11586993418691509
0.69575768934629	0.0011832025052767826	51.86061484710619	0.09441957961885691
0.6981176683448174	0.0011767903585397136	51.79547736647779	0.08426033215498017
0.70046489586182	0.001170447326677756	51.60374320985852	0.08601927402859996
0.7027995055043392	0.0011641723075243014	51.41952752608614	0.10294032232950837
0.7051216287549018	0.0011579642222219644	51.32078815451812	0.10570197084492405
0.709728960110235	0.0034372337266800443	51.040484131818076	0.0846730612857795
0.7142879271112419	0.0011337801333118778	51.15611510868601	0.10750935679771541
0.7176760156695015	0.002249939031843686	51.31854300944505	0.10799805433334123
0.7221527418435534	0.0022268656884732326	51.839260311361194	0.08410590177607256
0.7265837921602951	0.002204260780013294	52.0318629544103	0.11881522989465039
0.7309700876459437	0.0021821101927389126	51.79234485999132	0.11102993306431617
0.7342309818036912	0.0010828936027255174	51.6632012878186	0.10937959976464025
0.737467570737159	0.0021497066247512875	51.22959127826791	0.09120102829776018
0.7417458409289253	0.002128633656481745	50.58446436017621	0.1201176375343974
0.7459823779029098	0.00210796981470208	50.763943091365995	0.09320693230441547
0.7512205851545912	0.003124046139866016	50.747605944320696	0.1263339284502539
0.7553661314679387	0.001031455838315745	51.22851606088754	0.10517431712604128
0.7584495274367575	0.0020483173239434307	51.20258479652178	0.10417020239312687
0.7625269604193861	0.0020291764114838814	51.35977097684056	0.11829139487151304
0.7665664691591356	0.0020103899123379786	51.38430371503529	0.1113552229538231
0.7725561438408479	0.003965706940577957	50.90471921144914	0.11535563591145379
0.7784643345220463	0.001956061165976438	50.81678571377013	0.11269166803575396
0.7813885579990154	0.0009714673564879968	50.90540680908174	0.10634656406912267
0.7833271605447119	0.0009671405871977619	50.7438099141157	0.10000263150861527
0.7862189335053329	0.0019214444445293162	50.296690261786594	0.17355331241370855
0.7900449191824745	0.0019045915201449338	50.54959521238913	0.09942920630234667
0.793837494772186	0.0018880316520667037	50.53902679987784	0.10127597788127048
0.7994649715579236	0.0037274496835394888	50.27392911125329	0.13089817450046906
0.8068566106672956	0.0036645457715059997	50.33709300029604	0.09329760619998712
0.8123189326362796	0.001809371864982677	50.31357150493463	0.09888716370633278
0.8159226836559492	0.0017944199206871173	49.881096988450196	0.20095507676019733
0.8194967768836174	0.0017797130651604268	50.05006327683049	0.10931222150892955
0.8230416951717281	0.001765245326580075	49.799450717310144	0.17772188410043707
0.825681525285646	0.0008772739724525962	50.146257817999555	0.10734608619339166
0.8283054036660611	0.0017439794449118015	50.01369254913474	0.12727732495192792
0.8317794312070756	0.0017300845760663097	50.22963193404265	0.10819037489972139
0.835225888262175	0.0017164093723254317	50.33133526001345	0.1092453715774352
0.8386452115239027	0.0017029486555359826	50.46073796695103	0.10510524964317057
0.8437242415713857	0.003366297694536256	50.39147686792327	0.1055349485093271
0.850405184964504	0.0033149087366171593	50.33944632644213	0.10432493908892793
0.8545291768900058	0.0008208949670802904	50.60673424042965	0.09819428829173296
0.8569849070105244	0.0016325325853501064	50.508383237310085	0.09577784470399958
0.8626615095111922	0.004028332078336082	50.24835562512314	0.11228138456463327
0.8745814185669281	0.007838543112469381	50.148316290507914	0.11516884460588214
0.8846538141299229	0.0022976517828154483	50.528139704233396	0.09779077704484827
0.8929978647222065	0.006010476343581932	50.35910966931004	0.09410124971779546
0.9033908447714889	0.004401261527036941	50.391440263185686	0.10539828356584412
0.9092198999828147	0.0014475276413646646	50.49275164846371	0.11196506558496114
0.9149717518568428	0.004285448382088572	50.28260290672711	0.10245816862350401
0.923459171205768	0.0042025109052126475	49.96380517926369	0.15748789255349765
0.9290266788410819	0.0013829933336724546	50.31555707646746	0.11238288104473834
0.9372463611271473	0.001357064233383356	50.29861979499726	0.10578846229455555
0.9506092946734703	0.011843497707688373	49.69236723485977	0.0925694775450317
0.9736728969110231	0.011230947008296443	49.187578446930225	0.16025901813151874
0.9919989888621494	0.007177926832537335	49.564063493726515	0.09551374642720567
1.006122674600382	0.006948248484112551	49.597661294457865	0.13684217721710978
1.015856133313037	0.0028309398439331623	50.01815917231056	0.11116106952887439
1.027034782395211	0.008277005552877297	49.951457896871254	0.11262516554946445
1.0511818839944442	0.01565871575412782	50.29875504344099	0.08833950279303313
1.0690766015634114	0.0025044373537233353	50.669375067764385	0.10690880453684515
1.0775092875333037	0.005895066769345154	50.15092456277831	0.16892721054714085
1.089142221773505	0.005739258606696041	50.216041814871765	0.10378748447393221
1.0986038340482507	0.003743716235358819	50.14742940212077	0.10962527006675592
1.1096922164279146	0.007298683580776398	49.91695829995598	0.09215952766300016
1.1196137096236698	0.002675188018446557	49.87916643870805	0.11081660472477713
1.1249313963560243	0.0026426316002691	49.89368611443161	0.13737886284611348
1.1297493970295651	0.0021778972032541976	50.14999246014169	0.1043905527403401
1.1383747630757075	0.006405208419949154	50.16986416743683	0.09144401866478306
1.1485040474867445	0.003754527000219505	50.52427890353953	0.0856356988409853
1.1538936715881598	0.0016480982173726214	50.57362631274716	0.10498435486935694
1.1563588094610904	0.0008193848995990301	50.65822577333441	0.10567743567101802
1.1596240433695602	0.002439742417413311	50.106708290859686	0.17707569218572455
1.1628649107708573	0.0008072013039573444	50.45328162967154	0.11030824066442885
1.1676813121773517	0.003991493788088786	49.91627976589271	0.1370726729766617
1.1736276579615854	0.001968607413533423	50.03293974363548	0.10797396372931332
1.179493684941874	0.003884392303609175	49.745968154824986	0.10720954470865711
1.1852815338900564	0.0019164841875414064	49.81647853187294	0.11095312331484321
1.1902360245249348	0.003031591860526705	49.55861617941828	0.1511875897173173
1.1962572739138602	0.0029898505682833436	49.67936526066841	0.11282980713453167
1.2087817943264225	0.009440789700133534	49.35222262610705	0.1186326443802185
1.2188316172806037	0.0007096025186143014	49.876901581906736	0.10990228777360217
1.2223652151942217	0.0028154093054143115	49.38707671130425	0.1780399344615309
1.2279598434038468	0.0027793735068947444	49.61478275978735	0.10304173889395941
1.237580303562074	0.0067962048684404135	49.191246900893155	0.15411486886280484
1.2476568040797653	0.003320167283841354	49.673800014580486	0.10765221704111265
1.2623463044885568	0.011234105803192621	49.78511722890313	0.11385000506471527
1.284252618520664	0.010681498792433625	50.459125335060314	0.1021455520860191
1.3154541459463232	0.020166056176664195	50.54849240176982	0.15874850986554412
1.3397559075643968	0.00456572535674391	49.63779673888761	0.10888311801728383
1.3450944029660792	0.0007958727253801525	49.72280843755479	0.10565735364402092
1.347739242252358	0.001845761434928542	49.2214476658147	0.144527998953842
1.349843577584309	0.0002624056563300863	49.76986632591045	0.11213136040463922
1.3521988302637329	0.002087891501863905	49.62417472828184	0.09137279187653372
1.355319429197017	0.0010364714219359525	49.96857879813822	0.10675811998705811
1.3573874404710453	0.001031547713502792	49.9093888706733	0.1880496197234502
1.3597022429607302	0.0012825802003492855	50.36691610588489	0.09738441525038208
1.361238618486672	0.00025561018309070224	50.872227993860974	0.10464454353403958
1.3620047728687061	0.0005103192991397543	50.729395444057765	0.11281504790552606
1.3640412676526092	0.0015237957313188005	50.53611319434918	0.1157797373167424
1.366068257704589	0.0005055667549187722	50.77341812719745	0.1077088891152481
1.368588763151222	0.0020105644244172187	50.329054201264505	0.13830834974172304
1.3715941866533226	0.000998349430595967	50.57938929492316	0.10567039068531967
1.3740829158436565	0.0014889671092133696	50.34389841293658	0.13323214659084784
1.377050686599483	0.001478826872254476	50.38718570565216	0.11295187728268184
1.3799983146518247	0.0014688238157284448	50.34156235452681	0.11340742150196417
1.3819523439832122	0.00048740998472419906	50.65274250636048	0.10404952759151666
1.3863170274783745	0.0038602881626057396	50.20406293972923	0.10645450367524296
1.4007905000974747	0.0025669591351949127	50.40280399086334	0.10919079891734004
1.4179490279104527	0.014356471593633827	50.16142641587972	0.11280870854044675
1.4389668486498246	0.006839114891247182	50.31199116403345	0.11314681621159538
1.5533021223132761	0.09526703330771936	49.79265098604445	0.11002871561951989
1.8935497745471142	0.0024298627299046047	48.38694459828707	0.11344074090060646
1.8978712737751153	0.0022403468454811003	48.2052660431727	0.11344074090060635
1.9023821745775567	0.002151683065971045	48.22589822781648	0.11344074090060646
1.9069501368026334	0.002229621859069336	48.20758472832091	0.11344074090060642
1.9114816362634022	0.002565143378386182	48.14415422120629	0.1134407409006064
1.9169450057377326	0.0028493253721554946	48.097931517239054	0.11344074090060666
1.9235971911815337	0.003760517746824129	48.161665852667795	0.10700996251759617
1.95598767317744	0.004919545438640703	47.89518547400692	0.07484471136410144
1.9639913992481888	0.003347941169504138	48.05486777995923	0.07484468171571633
1.972685948245033	0.004633925311249004	47.871983743176855	0.08115940188770622
1.9815377855489391	0.004690554423817872	47.89999037091714	0.07296802700889168
1.989900363967526	0.004117247527558336	47.90656816047921	0.07582305402505603
2.000176136739701	0.0051817727093342635	47.810154047528066	0.07389338274113477
2.0097495278152877	0.005060184734077804	47.814485726187996	0.07296802617579268
2.021014489624808	0.005400600975981058	47.75533774950039	0.0748446773869364
2.030683367097354	0.004879513465423841	47.776296466486926	0.07582305790332822
2.040623251399575	0.005646178560452157	47.69510992914461	0.0758230447045992
2.050790239099305	0.005130243970034805	47.60593712788074	0.08275547781105212
2.0617981614942473	0.005237419086801214	47.54475090190114	0.08613954835841416
2.0726606480795624	0.005136610800161997	47.67668673543273	0.07893117208140583
2.0823966949120982	0.004744642501848333	47.5679803414632	0.08613955033942977
2.0916221394813648	0.004687717334093956	47.61098877829063	0.0842795416015483
2.1009350485179734	0.004937359630873906	47.625356907812396	0.08287064487385572
2.1114971650640153	0.005510365491636056	47.42723778536055	0.1026533403809865
2.1220280311606152	0.004695530856531463	47.55075252697296	0.08791420481322797
2.1318134859509064	0.005318134913903116	47.47269226281458	0.09168738583965692
2.1798082064025643	0.034062807017338964	47.43383790870324	0.10218417249633842
2.2414319129792206	0.025333999148896873	47.510406842694934	0.10177528171606365
2.306623991601318	0.03270451729952055	47.3392728075673	0.10177525039547239
2.37776978648262	0.033932755112360644	47.25934448775551	0.1017752897156748
2.4478768070999344	0.03674921065054671	47.15615637530883	0.10096862961255022
2.5180376572557623	0.03350058958828574	47.0995994997062	0.10496718136626401
2.567726909953468	0.024898870257085672	47.19462704788777	0.10541749380854105
2.608276745991473	0.012700600828306853	47.482282787318084	0.10096865132236567
2.6315152474398267	0.011178731280481278	47.46040233561745	0.10364190237154856
2.659565448283092	0.01531630361679546	47.27416573333466	0.10218415264676237
2.686737393531358	0.012115681096586107	47.36021197276173	0.1045212332619231
2.704494137672159	0.008722800932091688	47.52556912586345	0.10364191874824615
2.737882265025493	0.021538831157501867	47.386192658841196	0.08258456979620894
3.8264517445542383	0.0012625248174458895	46.30217468357827	0.10090875810852776
3.82922142070969	0.0014181309614752279	46.23941718387327	0.10314384370789188
3.832357110148199	0.0015703836278148468	46.203996614997884	0.10314384428778865
3.8355026135319736	0.0016128044773695124	46.200639193028884	0.10277912391626277
3.8385866676929403	0.0013878773619261974	46.27823797600457	0.10159266100274024
3.8416511739748804	0.0017491472436251734	46.15325030688181	0.10228725503726842
3.8452776149032495	0.002207681428959122	45.98907033572263	0.10351152334997533
3.8492704182691746	0.001510401647661307	46.108448203256984	0.10314382739399196
3.8528270449986595	0.0024279358567126817	45.92792072158029	0.10351152560305646
3.8569832327759075	0.0013814748060491746	46.212533940580535	0.1027791065108379
3.8607916060700953	0.002434528571065048	46.00142044397911	0.10351151485202756
3.8652892807099306	0.0018572700458198998	46.179260680086614	0.1035115411963607
3.868300698550957	0.0015453341364480484	46.24406191766553	0.10314383219867344
3.8719638198306674	0.0018783892363023803	46.074183852216485	0.10388217652877198
3.8751410034720957	0.0011777119754996007	46.237825510471325	0.10277912825005048
3.878784964635609	0.0024330530770521894	45.94001806790253	0.10351154379137115
3.883907507911575	0.00264496442721434	45.92197598485459	0.10228728287179396
3.888297609885379	0.001904256561353798	46.03117543834612	0.10090875601628084
3.892954548964699	0.002543323760375413	45.85267365056448	0.10351149401587478
3.897500035264369	0.0020041577496362267	45.9504824539211	0.10539551228434457
3.9005055700185345	0.0015274674840922403	46.08438172642918	0.10388219719882587
3.9042932647585946	0.0016977578679196375	46.04417750075114	0.10351152989182812
3.9078760358751223	0.0020478657458090246	45.96333272798586	0.10351151381710631
3.9118278796000157	0.0018038282781652835	46.0299174136106	0.10124937314798288
3.914631925280985	0.00143376470299537	46.089201149750224	0.103511516634584
3.9195930736904785	0.003322162533777833	45.9560557227205	0.08070422827033344
4.027771499875541	0.002140840866241205	45.951660406325026	0.10457238800025134
4.030941861960095	0.0015082628812114894	46.111875976230614	0.10384660827809906
4.03570524837331	0.0033226663599268806	45.79372260390825	0.10420803721403585
4.0423840444048285	0.0026375869409736834	45.9076154219004	0.10493963892843818
4.047271127982481	0.002608072742835962	45.91870536529855	0.10223147343396662
4.052482426255167	0.002381256196507697	45.91781109246658	0.10493964987929398
4.057352366607062	0.00319336221109439	45.781229124943394	0.10420804116161311
4.065344906127793	0.0044017550420171305	45.84302654174703	0.08406430483752265
4.185528383381359	0.0015127886923986989	45.764960674952285	0.10315899893329111
4.188898854608976	0.0015725652880596303	45.745880122779305	0.10354210389004123
4.192006743239671	0.0014194185390007817	45.789292050598476	0.10315896270681725
4.194887820713051	0.0015980328386615992	45.742472669441156	0.10392841200601066
4.198386406920563	0.0017717021835478002	45.70492352744075	0.10354203998327469
4.201850171922758	0.0018501419884789994	45.63598177583431	0.11156211513007519
4.2058577641699415	0.002451785405928345	45.82983944214745	0.0820643762049419
4.437691706085184	0.002731011107764407	45.45168090436688	0.11772418932732683
4.44178430649405	0.0028217214751985603	45.38681004726224	0.09418446799535907
4.493091789670125	0.0012418326186982801	45.532352544983645	0.11970787459492088
4.496421180880627	0.0019130738455616426	45.347530809820356	0.12004593279069269
4.499879148035438	0.0020608869248557263	45.51920840693646	0.09608240804846241
4.5648434805613975	0.018234707752224247	45.46224614742917	0.09225533936381065
4.636905179800551	0.020719355137638413	45.39750611547265	0.07997996643849233
4.841991864105511	0.0026799177063453793	45.1164226565479	0.09011979827491373
4.9591480797132	0.5124207566040484	44.21803752213583	0.07296906894075544
5.817670651351066	0.12241891404073857	43.129267805222845	0.2120800598848375