-2.038562428730952	0.4136128719008746	50.94718814980769	0.06013114984680786
-1.575452793754657	0.1423916133755411	50.98398910139624	0.06199728853163155
-1.3564611869171115	0.08599888172866241	50.786967675815106	0.06528051574178935
-1.2115634185975277	0.061602031671334524	50.32108599179544	0.06919113452289752
-1.1031040829684242	0.04798833700194272	49.900992669431545	0.06901907706450465
-1.016390347783624	0.039302661855087045	49.97537689769405	0.05565201592494888
-0.9441420889091308	0.033279263469532076	50.36279487599059	0.05410993302779032
-0.8822161681354694	0.028856774469055508	50.714297606248785	0.06049198769357762
-0.8280282604752636	0.025471814164090084	50.61924927586568	0.07048779843357594
-0.7798577125670492	0.022797610512999486	50.64815132422747	0.05564432584256066
-0.7365005704266574	0.02063156571459849	50.541240498886815	0.05994149179574446
-0.697081722706713	0.018841407380752052	50.78322751681202	0.05736671110855355
-0.6609449586325	0.01733710485148573	51.03835472856101	0.06087295144963786
-0.6275854025650676	0.016055248048118642	51.28961083780471	0.06201467928627154
-0.5966065207703213	0.014949894843050787	50.877018885590495	0.06048955281278876
-0.5676910820267831	0.01398693958883527	50.51447033173292	0.048516336786258184
-0.5405812090836057	0.013140528308599644	50.26638203652323	0.04950894848659091
-0.5150646385244323	0.012390711798033211	50.30622223985437	0.054760610794411524
-0.49096447267142085	0.011721848115539025	50.37374865913162	0.05778602742902436
-0.46813163531372143	0.011121497086325071	50.41396419559397	0.05692748434872861
-0.4464395332583159	0.010579646343671825	50.271774924353274	0.06176457232098355
-0.42577952807726394	0.010088141035096181	50.22411497904579	0.057443932057497676
-0.40605787866811127	0.009640276618804582	50.50894188209427	0.059943660426863714
-0.38719306468544734	0.009230488419610541	51.43212629630213	0.05196494353768338
-0.369113671305105	0.00885411764964374	51.43541556558229	0.05266127497461454
-0.3517569279091925	0.008507237258101371	50.22321302375775	0.06179756721497321
-0.33506730245866895	0.008186512316493522	50.44888040126862	0.05981414168769834
-0.3189953590518212	0.007889091190800088	50.85224559005608	0.053367806988708896
-0.3034970258534223	0.007612523440869572	50.64479833388232	0.054219422905271694
-0.2885327873499798	0.007354690550270386	50.355560548460645	0.054558474272329974
-0.27406701354723123	0.007113750524522287	50.32338260467203	0.05265047735061937
-0.26006758392164847	0.0068880961542379425	50.49527346145834	0.054009694354399874
-0.24650538726301321	0.006676317845573732	50.660721240319106	0.0533533819079499
-0.23335389920417116	0.006477173289869381	50.4836909901032	0.06286803034412128
-0.2205890108447845	0.006289565263626177	50.10488903305743	0.04789047834795455
-0.20818860495058847	0.00611251899940929	49.51637501984797	0.0577317754453337
-0.19613246075680535	0.005945167265175552	49.017514092013215	0.05552020206254289
-0.18440199583644581	0.00578673524463275	49.6783471431325	0.057422409546323445
-0.17298004336051206	0.005636527892393293	50.45050526005102	0.0567947530551446
-0.16185080644958544	0.005493921169029302	51.26231788634733	0.05260568093728191
-0.15099967208644546	0.0053583526090676395	51.114690458814664	0.06073325393234201
-0.14041304894387951	0.005229313346480985	50.97611349076237	0.054032681018612354
-0.13007836250355906	0.005106342952922988	50.81672429954129	0.054887335506467856
-0.11998391483067763	0.004989023296702821	50.51248226780709	0.06318454251891362
-0.11011876134049992	0.004876973305263506	50.35438986919807	0.05315597929945096
-0.100472744305803	0.00476984604207243	50.090408376927115	0.05620111415458267
-0.09103631195757272	0.004667323773436985	49.746487227968956	0.06339419481073608
-0.08180056342145003	0.004569115963354707	50.09859156855161	0.06106683080191403
-0.07275715363138652	0.004474956012877085	50.390599382981826	0.06855177264695435
-0.06389820879427327	0.004384598448892398	50.97061871159009	0.04714152829874314
-0.05521636631611643	0.004297817633462566	50.75115405829275	0.05336726471123369
-0.04670469628544033	0.004214405435173458	50.68118036504783	0.051308174449200626
-0.03835663125765232	0.004134169211742758	50.53016637727915	0.05305182886670382
-0.030166012132566644	0.0040569310738624645	50.44433635629592	0.04987916588855387
-0.02212702163595681	0.003982526173724244	50.54166285194392	0.05913750150969191
-0.014234124518230584	0.0039108012165391835	50.75610027579096	0.05531480878857971
-0.0064821167201575824	0.0038416140742635035	50.89456894410092	0.049817913672463285
0.0011339322153256504	0.0037748324944223335	50.87141088106696	0.05670142325040199
0.008618731165625781	0.003710332973609315	50.98634083208317	0.05086854622380988
0.015976705792524915	0.0036480006857818287	50.890674263610684	0.05649586099927547
0.023212103674281004	0.003587728028066283	51.05299930056831	0.05116629869612996
0.030328931655268954	0.0035294146613368983	51.072904217805885	0.054356079360887
0.037331002933647606	0.003472966659950633	50.8763488008624	0.05589688666952478
0.044221979904004394	0.003418295766834606	50.75094793980237	0.05243172598207222
0.0510053229348425	0.003365319439279335	50.569890591481844	0.05268762995422154
0.0576843328905719	0.003313960168531097	50.54917036398734	0.06021669595051247
0.06426218997009225	0.00326414488245974	50.691720594517385	0.057311463509391675
0.07074190297796773	0.003215805059159237	50.78818300818907	0.055944093979989416
0.07712634815943137	0.003168876172273176	50.718713119060304	0.04950048210221395
0.08341830479916595	0.0031232972031281217	50.48110842408941	0.05557532741886502
0.08962039613526818	0.0030790108617516467	50.303255287802735	0.05344254759516202
0.09573517104445167	0.003035962801753112	50.871763074507854	0.047801093215314804
0.10176504521125979	0.0029941018657109694	51.376123171876564	0.04959442352507647
0.1077123351971021	0.002953379675892138	51.45390342048495	0.04901927868076789
0.1135792898412194	0.002913750273206193	50.941018993743185	0.0495929000537602
0.11936804211784158	0.002875170309072563	50.49404325425807	0.05936131798624951
0.12508064094181998	0.0028375986977163432	50.40795204590369	0.0667200525039807
0.13071908057124648	0.0028009963089071378	50.369382953954414	0.06339197084395763
0.13628525364571975	0.0027653261686262772	50.37768883966828	0.05981013022744422
0.1417809810569241	0.0027305531598894118	50.41607379138962	0.05637516680731468
0.14720803963979984	0.0026966437579004246	50.34496343744203	0.06340925310498753
0.15256811642619167	0.002663566233730371	50.54923257482263	0.04760076664511803
0.15786283684095553	0.002631290393937157	50.38099659791856	0.06455877578925805
0.16309379090950288	0.0025997873496474123	50.43974715702498	0.058967541268137115
0.16826248107624003	0.0025690297646820503	50.286213638228425	0.07832430650397657
0.1733703872174271	0.0025389914001613984	50.467064034319925	0.05692510376176339
0.1784189149854712	0.002509647363990917	50.56782450000992	0.055359793505796374
0.18340942166071555	0.002480973899653178	50.5447842159291	0.0637858009091157
0.1883432402768364	0.002452948198312603	50.69493528842823	0.053623409100668165
0.1932216370950705	0.0024255485950673236	50.84940360909338	0.0591136536955239
0.19804583625911848	0.00239875438049083	51.2228644350634	0.045659220316221306
0.2028170428547323	0.0023725456326510273	51.16271053436527	0.05954667181536238
0.2075364015446946	0.0023469034076216643	51.227090717786645	0.0573842062011343
0.2122050201516818	0.0023218095700427424	50.97986528396725	0.06458958519750901
0.21682399176136474	0.0022972466417939307	50.798241547091266	0.05994871277057772
0.22139434770673466	0.002273198021521308	50.77854196691237	0.04639402305406332
0.22591711405710785	0.0022496476539596638	50.43999813677893	0.059163672646401266
0.23039326511006258	0.002226580247278649	50.60268758588347	0.05402678786415596
0.2348237454126993	0.0022039811290681323	50.70450215836127	0.053161211987559
0.2392094904678263	0.002181836117288336	50.67043761734685	0.049043105143651324
0.24355138827678308	0.0021601316928928117	50.55246724634938	0.0525342787528561
0.2478503005346539	0.0021388548681869233	50.43079465261419	0.06354930304730957
0.25210708259550857	0.0021179930686269096	50.537374725549085	0.05998422229990324
0.25632254603008214	0.002097534298489581	50.64918385605917	0.05495879431826388
0.2604974790639934	0.002077467019930127	50.7422245748522	0.05486538144653683
0.26463266586260265	0.002057780044168572	51.00137757052093	0.05064588250748791
0.26872885006205977	0.0020384626902997666	51.13183848132428	0.058683024732853695
0.2727867545104638	0.002019504673674028	50.95882601799387	0.050804738210147006
0.27680709992494096	0.002000896005269434	50.719287325892566	0.04937274584405002
0.2807905634467038	0.0019826271707895156	50.56622705125572	0.046962960480684636
0.28473782728100155	0.001964688892353966	50.32743914923125	0.051564629790191184
0.2886495376855663	0.0019470723048017127	50.93088137650728	0.05257583612774009
0.29252632366331904	0.0019297688571656589	51.62596181767719	0.05339001493286857
0.29636881467271786	0.0019127702235552544	51.09505197636079	0.04893935949202653
0.30017760655900066	0.0018960684446498787	50.480600425265955	0.04873289097338877
0.30395327967615765	0.0018796558358473016	50.79538986559517	0.051706901998439206
0.3076964160805387	0.0018635249040206761	51.28732685286011	0.049046852018998235
0.31140756629283156	0.0018476684829840148	51.12744280486576	0.04984268987285075
0.3150872668871229	0.0018320796475925136	50.88154484640465	0.05444346654467714
0.31873605720105874	0.001816751635744415	51.06644039784161	0.055544146977329144
0.3223544415238165	0.0018016780003698907	51.336800202713164	0.055055240495901346
0.3259429330331431	0.0017868524174917536	51.23824126025178	0.0443464033483022
0.32950201635771764	0.0017722688356861202	50.82760732884102	0.052256624801604944
0.33303216435143385	0.0017579213987773915	51.44392129296469	0.0525040944675117
0.3365338540626068	0.0017438043754256106	51.742027770797876	0.0453826074536339
0.3400075355430103	0.0017299122798697802	51.33403203745358	0.046662505123425534
0.3434536481720378	0.0017162397991176504	51.04973806524446	0.04888933159584584
0.3468726362155479	0.0017027817265070015	50.817270760155424	0.04891694965056527
0.3502649183441671	0.0016895330774278872	50.60090353826966	0.049962437156049366
0.35363090353301824	0.0016764890205909079	50.406745548378865	0.04828432354901948
0.35697100623293526	0.0016636448151992034	50.8022590849148	0.042772905863544625
0.36028561656869024	0.0016509959219100573	51.12012889974759	0.0466922779553154
0.3635751158376462	0.0016385379378183438	51.56804421709566	0.04059326635851991
0.3668398913140338	0.0016262665369222063	51.47298734660205	0.04052381905826032
0.37008030228866867	0.0016141775944538076	51.26634247427663	0.04288472043291485
0.3732967192409629	0.0016022670358590777	51.04342009094766	0.03987220270886574
0.37648949018893646	0.0015905309590792114	50.80898590197677	0.04080059978124107
0.37965895556587675	0.00157896557503676	51.295762481948714	0.03834309509352545
0.38280546245429864	0.0015675671529889073	50.931266151024985	0.039258818114850595
0.385929336465283	0.001556332119983333	50.83547352316508	0.038860898265279734
0.38903089626701864	0.001545257004290663	51.218888598244405	0.03849347976116941
0.3921104674988544	0.0015343383833800073	51.23598762992431	0.03883647280438964
0.39516835523555555	0.0015235729794721912	50.81186642724368	0.03974089578703032
0.39820485818470625	0.0015129576056885027	50.65862413602616	0.03885019664984378
0.4012202822959617	0.0015024891164474152	50.90521674051138	0.04086117135112613
0.40421490934044874	0.0014921645146002524	51.03222861849227	0.04465629997202302
0.40718903302766546	0.0014819808236953595	51.18486142594452	0.03839120157633269
0.41014292785396195	0.001471935193407927	51.08844416951693	0.03617262386173205
0.41307686278226624	0.0014620248497707203	50.679565015985304	0.04174022998827274
0.4159911143739132	0.0014522470492164038	51.17428998394147	0.0396125109190101
0.41888594070450375	0.0014425991646989404	51.37122556536996	0.0382403441960667
0.42176159475174074	0.0014330786381397166	51.297060715714224	0.037443675054854804
0.4246183372575319	0.0014236829364524745	51.15432314773023	0.040716122211541556
0.42745641115088034	0.0014144096344610305	51.001844321512706	0.03873958713648054
0.43027605465665514	0.0014052563694067044	51.07169966519513	0.038658480599104254
0.43307751389944976	0.0013962207988207414	51.112942122231374	0.038452757609009555
0.4358610178147834	0.0013873006804034649	51.04426862044388	0.03945481257323921
0.438626790990749	0.0013784938284537357	51.23279476824678	0.04037693413940781
0.44137506602433924	0.0013697980734666269	51.62472288864494	0.04098824033246556
0.44410605484647264	0.0013612113518441952	51.486510785934584	0.04344929050790604
0.4468199815912927	0.0013527316005456271	50.80933565918969	0.0431451753061791
0.44951705414772175	0.0013443568454493693	51.17887017117511	0.039374231488434205
0.4521974765803119	0.0013360851607110912	51.26767999574025	0.04128008572426685
0.4548614610949621	0.001327914630995184	51.169534724348274	0.03798336983365217
0.4575092041678705	0.001319843423984492	51.05218705800475	0.03672620157914505
0.46014089872741754	0.001311869751348351	51.249197954914	0.036338070829716906
0.4627567458976711	0.0013039918324250401	51.44398378560365	0.03747881581726385
0.46535693155478747	0.0012962079642175766	50.9907306741487	0.037775003469184866
0.4679416382792922	0.001288516483873226	51.09122646018795	0.03691034960167277
0.4705110568858036	0.0012809157337300625	51.02218265748942	0.0381976111623457
0.4730653595971475	0.0012734041400497644	50.67507743567811	0.036645022766504984
0.47560473075101356	0.0012659801212807722	51.031755263140404	0.03670834449188676
0.47812934017345493	0.001258642165664441	50.94716569174778	0.037570857554269865
0.4806393547677629	0.0012513887960367903	51.11078844462147	0.03829841874571891
0.48313494970532983	0.0012442185369747434	50.95332207425938	0.04018681327006718
0.48561628605195145	0.0012371299786716851	50.639190116529164	0.03596538365885787
0.48808352214941036	0.0012301217430260324	51.04506281357222	0.0395778338724117
0.49053682461274534	0.0012231924519531658	51.32667340194365	0.039058824357428294
0.4929763463334695	0.0012163407891647416	51.255537218664244	0.037632085033679624
0.49540223766136166	0.0012095654674718834	51.10480560912621	0.03852124333175249
0.4978146572149457	0.0012028651981989156	51.207688882240056	0.03853230460808943
0.5002137502493409	0.0011962387509649544	51.581187938313704	0.03762013703462798
0.5025996596453508	0.0011896849221350733	51.26834354311618	0.03961217966109223
0.5049725365395803	0.0011832025052767826	50.90702533302955	0.03734251867786508
0.5073325155381074	0.0011767903585397136	51.431764887119506	0.03636265126911489
0.5096797430551103	0.001170447326677756	51.571737891236324	0.04388868575466859
0.5120143526976293	0.0011641723075243014	51.59223231088335	0.039759058068079244
0.5143364759481921	0.0011579642222219644	51.555731228419084	0.042756072493562565
0.5166462525077109	0.0011518219872973894	51.54377382016062	0.038453011904007614
0.5189438095799153	0.0011457445695545012	51.50777792012839	0.044814202905256034
0.5212292723783643	0.0011397309572976407	51.37155110691551	0.04057518877978004
0.5235027743045322	0.0011337801333118778	51.39821919518998	0.03883537752109377
0.5257644365565111	0.0011278911280731502	51.49112644701459	0.039414650303725714
0.528014378466219	0.0011220629919143092	51.35370352189255	0.04386155186211147
0.5302527275179649	0.0011162947688660005	50.78928157209195	0.041609514894503714
0.5324795959617545	0.00111058555672218	50.68315613709402	0.043301017664741356
0.5346951075352133	0.001104934437782656	51.05596517499064	0.04290059202546775
0.536899374229648	0.0010993405381514835	51.08373281538283	0.04103571707299213
0.539092506356357	0.0010938030013716792	51.35349172581011	0.04219957743768953
0.541274622310409	0.0010883209636086439	51.69002842018719	0.040282007453240606
0.5434458289969812	0.0010828936027255174	51.91031243257892	0.03817745889935899
0.5456062317419723	0.0010775201127424148	51.70202834201659	0.03891725421913835
0.5477559439091628	0.001072199679774764	51.30383032045244	0.04414093527107496
0.5498950676166889	0.0010669315296793706	51.4010780988904	0.04182793241440131
0.5520237034967834	0.0010617149032990604	51.26672809356274	0.03865282510052271
0.5541419601707449	0.0010565490331209712	51.233707551900245	0.0401865212322607
0.5562499352471513	0.0010514331895538403	51.34229559111648	0.03853115589664839
0.5583477249353326	0.0010463666569214638	51.343840326304175	0.040587435299622894
0.560435433382368	0.0010413487108081858	51.39849265082166	0.037654736827913544
0.5625131508563512	0.0010363786703952375	51.241608883371235	0.03819276984511581
0.5645809786612288	0.001031455838315745	51.338761239990234	0.037253104366368965
0.5666390074533663	0.0010265795523626618	51.24645489012218	0.03642636041790462
0.5686873266208943	0.0010217491626551389	51.604365373447806	0.03685594218528124
0.5707260333996231	0.001016964010061974	51.91043902281858	0.03788928876331237
0.5727552145841535	0.0010122234691003914	51.49777530821165	0.03892656141066177
0.5747749557722239	0.0010075269257644398	51.11052881338786	0.036411936112212995
0.5767853503530085	0.0010028737565577791	51.38521800454477	0.03519482743103035
0.5787864814720729	0.0009982633702190565	51.263676580505205	0.038800727833771205
0.5807784311446116	0.000993695186183345	50.804636356785366	0.03677063817445745
0.5827612891196965	0.0009891686141982224	51.27676865334878	0.03695742982781136
0.5847351321576062	0.0009846831015762497	51.60456210304775	0.03535632945625477
0.5867000476885786	0.0009802380789940453	51.14819034813841	0.03632082197508782
0.5886561132106032	0.000975833007203399	50.93759044883408	0.040797578873316045
0.5906034051923057	0.0009714673564879968	51.590655968843315	0.038250356843760575
0.5925420077380019	0.0009671405871977619	51.66082818356318	0.04054350624362878
0.5944719951966058	0.0009628521885678877	51.45774668044148	0.03897078819735615
0.5963934409429534	0.0009586016587393544	51.2384975184857	0.04048072189007397
0.5983064259276389	0.0009543884858141412	51.575668017410244	0.03931471274535212
0.6002110215157768	0.0009502121856613739	51.4208287881901	0.040247683475718714
0.6021072981500823	0.0009460722824783368	51.38169047238094	0.04103118807543641
0.6039953337885497	0.0009419682903455111	51.16593447771071	0.03931222021600599
0.6058751969671077	0.0009378997500585722	51.2668474025275	0.040387842081356595
0.6077469553476333	0.0009338662102078871	51.61030621954811	0.041648076173065506
0.6096106840464102	0.0009298672092134927	51.855013523214446	0.04075740459697434
0.611466446155541	0.0009259023171027102	51.74885301268108	0.04042519073661467
0.613314314975963	0.0009219710876725183	51.70126005353097	0.04126545549910676
0.6151543546454676	0.0009180730998152725	51.805181814453746	0.03939453671357965
0.6169866285016476	0.0009142079394166898	51.963353184753736	0.04117616243332173
0.6188112072345422	0.0009103751821493764	51.40544211083456	0.04568419842038603
0.6206281525188935	0.0009065744278821972	51.768701810505	0.04355086596942551
0.6224375252698875	0.0009028052830437318	51.54735197025203	0.04287450608532258
0.6242393936938648	0.0008990673438477218	51.133217342464775	0.04036922788230695
0.626033817124473	0.0008953602298547262	51.34370544030056	0.041758317250760305
0.6278208541739438	0.0008916835667830647	50.836592188748256	0.04393370000728757
0.6296005706844048	0.0008880369701498836	51.401352283103876	0.04371075077260389
0.6313730211271644	0.000884420083383411	51.23893726503701	0.04263107955588235
0.6331382698310362	0.0008808325342261886	51.098979632143944	0.04384900564810616
0.6348963724789363	0.0008772739724525962	51.61256506883296	0.044209695468688234
0.6366473840908446	0.0008737440533881867	51.31844856844242	0.04540237787122792
0.6383913668148591	0.0008702424222093926	51.12830425127524	0.04243658412013789
0.6401283742831485	0.0008667687453907726	51.34514496785437	0.05262971514131289
0.641858459497259	0.0008633226946282727	51.10430525972284	0.048655221898749546
0.6435816825260767	0.0008599039315149907	51.058575629202174	0.05071906121462378
0.6452980950482641	0.0008565121382463299	51.03049367318877	0.044242329702031846
0.6470077481422338	0.0008531470019324556	50.62359075418767	0.053062127769122315
0.6487106998933128	0.0008498081996364325	50.68035195511297	0.046340712946247184
0.6504070001181907	0.0008464954283632635	50.72027891831044	0.04660974804694739
0.652096698061948	0.000843208389747235	51.06875248914547	0.05658332054294161
0.6537798499164797	0.0008399467754397101	51.205441421382034	0.05512447493469651
0.6554565012292046	0.0008367103012106851	51.14621229886018	0.04676429786161599
0.657126706977273	0.0008334986679769459	51.38512817572371	0.04498619991021402
0.6587905140634047	0.0008303115955686953	51.63938527946	0.05524130119488367
0.6604479688627931	0.0008271488080123438	51.79497201623814	0.04589072811262427
0.6620991245982164	0.0008240100194740273	50.78245238022976	0.049654471863000066
0.6637440265297521	0.0008208949624560471	51.627492722983874	0.05268888101696763
0.6653827194144268	0.0008178033734201997	51.94792123877567	0.04794225642306984
0.6670152547979042	0.0008147349790495578	51.1460875870767	0.0530928766468535
0.6686416763715335	0.0008116895238135776	51.47366982316393	0.053491153728988085
0.6702620273466677	0.0008086667559203222	51.583708822275824	0.05241558498868139
0.6718763576649134	0.0008056664138855063	51.19013076334393	0.055191446014846476
0.6734847071264694	0.0008026882579087477	51.11676659909805	0.05445601480673142
0.6750871246421577	0.0007997320340362151	51.49559568932025	0.05500982911909714
0.6766836514419692	0.000796797505240809	51.828738449140594	0.053998701922038685
0.6782743283115851	0.0007938844378975052	51.800616327977764	0.05620146253907032
0.6798592026707704	0.0007909925888420687	51.72137058207096	0.04824745407263861
0.6814383143585483	0.0007881217313525185	51.337304654131096	0.051890557190795585
0.6830117027895022	0.0007852716419243261	51.45411708915687	0.04855704062637194
0.6845794139553232	0.0007824420876101188	51.81334480989376	0.05476400189862866
0.686141486364247	0.0007796328514419882	51.7762378024217	0.05116463433558172
0.6876979581188196	0.0007768437194967432	51.48873596143997	0.05083460242480637
0.6892488738423634	0.0007740744685072811	51.692981396995066	0.05476009793362022
0.6907942707692587	0.0007713248907437219	51.84301200309818	0.05112523548649421
0.6923341857459893	0.0007685947813590171	51.472628144040314	0.049509826870558535
0.6938686620840502	0.0007658839262634041	51.35233213334434	0.050906428083151344
0.6953977335234476	0.0007631921304782787	51.34334636836245	0.05424730002259374
0.6969214425310954	0.000760519185768157	51.58989457098289	0.05731806666961226
0.6984398243368197	0.0007578648987397989	51.69296923122863	0.055216718774226466
0.6999529138101179	0.000755229078635201	51.58840091705104	0.04710058528619075
0.7014607521939318	0.0007526115256260602	51.26354784354257	0.050179321665401934
0.7029633735819756	0.000750012054332855	51.03576130603835	0.05321490929484107
0.7044608117230484	0.0007474304818748596	50.89177894766908	0.04816256118627585
0.70595310668526	0.0007448666164062096	51.01541900166484	0.05162963453611442
0.7074402914730766	0.0007423202801527125	51.6299046726838	0.05020084156633496
0.7089223987606237	0.0007397912977109255	51.896035483861844	0.05013381140292324
0.7103994674878935	0.000737279484818197	51.551699672138405	0.053375264942049354
0.7118715274247158	0.0007347846746270029	51.22263230922359	0.053716477968845606
0.7133386167837785	0.0007323066877202446	50.915918892055195	0.05530043611439796
0.7148007668518104	0.0007298453581580947	50.84543088993287	0.05667784294481309
0.7162580086079215	0.0007274005221748782	51.27262770553332	0.049980203461352894
0.717710379209382	0.0007249720073235334	51.60955873824772	0.047392312148915455
0.7191579089673428	0.0007225596542966328	51.632950657575634	0.0486985511419189
0.720600627898067	0.0007201633058522346	51.2774564966958	0.06033494280831941
0.722038572144184	0.0007177827961740632	51.57439709512722	0.05600062821576114
0.7234717710800931	0.0007154179722611114	51.82640994819242	0.0555037642784085
0.7249002537973583	0.0007130686830756566	51.772317724449394	0.05324531072094462
0.7263240554628143	0.000710734769112593	51.5052098236335	0.057711699847467046
0.7277432045509911	0.0007084160833704207	51.11489939710496	0.06005240947473125
0.7291577292650855	0.0007061124807146102	50.69851824147684	0.061563212328784436
0.730567663833078	0.0007038238076500649	50.748347879088605	0.06157816291426044
0.7319730337739767	0.0007015499262629407	50.913274125344984	0.0533516487934384
0.7333738727095185	0.0006992906869060084	50.906065512042936	0.05908453384549937
0.7347702076916782	0.0006970459519423728	51.04651539380761	0.05605610744650715
0.7361620655190151	0.0006948155854537993	51.175249781433926	0.058362848030456105
0.737549478932152	0.0006925994433386565	51.392227673183925	0.0640244048739578
0.7389324741731593	0.0006903973932244433	51.8410434136103	0.06102343125675435
0.7403110772407686	0.0006882093043750287	51.8466431564395	0.06824108706673589
0.7416853200269675	0.0006860350379764963	51.920824597511576	0.06364304078725934
0.7430552279947764	0.0006838744666731833	51.380408757222405	0.06114278341829783
0.7444208263734313	0.0006817274646682086	50.80705508559052	0.059487829010310085
0.7457821462373011	0.0006795938981917453	50.89832688690005	0.06032851552261672
0.7471392102806937	0.0006774736478208519	51.046225889023795	0.06502635600597192
0.7484920490494007	0.0006753665830197744	51.28661152239551	0.062465158401996686
0.7498406867726335	0.0006732725842813251	51.6152429857996	0.05628614275095942
0.7511851474608124	0.0006711915335371796	51.63905554365646	0.05486357018212014
0.7525254608906242	0.0006691233049190882	51.197247756229174	0.061029267838220345
0.7538616505876032	0.0006670677833417524	51.30958593677787	0.06729837579778859
0.7551937398669364	0.0006650248550920345	51.60146687290006	0.06234350421552768
0.7565217577635632	0.0006629943987595008	51.106010606315536	0.06618756913010596
0.7578457271252799	0.0006609763034796297	50.663631659427715	0.05945484105721274
0.7591656705975505	0.0006589704596970531	50.664672353010985	0.07401401235869388
0.7604816164997397	0.0006569767502606661	50.939781268833734	0.06451579546168942
0.7617935870266306	0.0006549950683365176	50.84144056965178	0.06877835518334854
0.763101604178362	0.000653025308340151	50.52343331524916	0.07123239551584525
0.764405695583698	0.000651067357191921	50.2712260862504	0.06765009787405062
0.7657058808735229	0.0006491211147998257	50.336944409114786	0.07159700725658293
0.7670021872295381	0.0006471864706990614	51.01615474803565	0.06580035544277196
0.7682946358101956	0.0006452633243778511	51.718356638624535	0.054733980682528896
0.7695832475913309	0.0006433515764815172	51.48110424624311	0.0724105701218108
0.7708680491032791	0.0006414511203252847	51.38870366540641	0.06371973629519716
0.772149060912213	0.0006395618589686671	51.133418382525875	0.0698339050771429
0.773426303408487	0.00063768369657671	51.00615628069137	0.06867406045305009
0.7746998024932459	0.0006358165300818937	50.740243938312986	0.08757064655320808
0.7759695781613545	0.0006339602659590984	50.76490341914879	0.07626504057094934
0.7772356502383182	0.0006321148117399265	50.98038140496607	0.0726550861668299
0.7784980440173539	0.0006302800678196677	51.259107335422335	0.054429522136587895
0.7797567770690941	0.0006284559466510669	51.3336666184879	0.10818147153316675
0.7810118742928107	0.000626642350856097	52.02710187199967	0.06667697864023642
0.7822633547752735	0.0006248391922772262	51.750566100338865	0.07383887190735312
0.7835112374440876	0.0006230463837377735	51.4668865999901	0.06556724074894614
0.7847555466239944	0.000621263831082484	51.58185890241035	0.07228405197313098
0.7859963008819948	0.0006194914491916553	51.79147413168079	0.07150010450206307
0.7872335186316941	0.0006177291538840057	51.44348276983746	0.08279419092168076
0.7884672236422205	0.0006159768540926644	51.25149949544062	0.07140115052915641
0.7896974339786591	0.0006142344676071666	50.918346347601044	0.08374853784571387
0.7909241675581842	0.0006125019131152442	50.96601693061257	0.06391056845314334
0.7921474476124788	0.000610779102510679	50.77238509486845	0.08695203899793622
0.7933672917217773	0.0006090659563701594	50.863096510544736	0.07121417599828146
0.7945837173236887	0.0006073623961303231	51.33238208289909	0.06457201851760075
0.7957967471298355	0.0006056683365242451	51.70450661698797	0.07585217013858074
0.7970063964519687	0.0006039837033030413	51.79359535397194	0.07225865963375314
0.798212687664317	0.0006023084130281728	51.75784564871694	0.08519515858561559
0.7994156375750898	0.0006006423906665521	51.476646847924656	0.11106405458234289
0.8006152628581693	0.0005989855619855172	51.366831741864566	0.09092637816267853
0.8018115853951584	0.0005973378461965961	51.07866367888663	0.10658830294764997
0.8030046215515871	0.0005956991707569952	50.99092601448812	0.07265858992433274
0.8047880514031891	0.001186515897164627	50.640209569142556	0.08343132855862874
0.806564189304146	0.0005908366509917163	50.73978076777638	0.07329026600903599
0.807744256783006	0.000589233405385869	50.52810748617299	0.09070707887263371
0.8089211282141029	0.0005876388347343758	50.58842194258322	0.11046814818757983
0.8100948173743541	0.0005860528735324172	50.79468431547145	0.1127990431847716
0.8112653449061797	0.0005844754475527186	51.08594601321338	0.0978143099750782
0.8124327260645929	0.0005829064904103945	51.32990808898143	0.08220316565457393
0.81359697598659	0.0005813459364063567	51.447109544120195	0.08613328957351764
0.8147581148761267	0.0005797937135980413	51.44519334518682	0.0948960698771513
0.815916157596372	0.0005782497577420561	51.38576672988358	0.12301152315374562
0.8170711188965198	0.000576714005252974	51.56181118033679	0.1022476257827895
0.8182230185554902	0.0005751863863840827	51.730079455206116	0.07129022304690985
0.8193718710572144	0.0005736668389486897	51.62281080129052	0.091253753489696
0.8205176907754939	0.0005721553013916054	51.53373220773715	0.11603329849012282
0.8216604970771546	0.0005706517060772067	51.440574033517336	0.09979028553573442
0.8228003040789664	0.0005691559927947349	51.33106371765148	0.09089873824832054
0.8239371257912931	0.0005676681019396774	51.144583594086996	0.10739967322254163
0.8250709811812769	0.000566187967906703	51.111508496246344	0.08644900273982066
0.8262018823271728	0.0005647155345723431	50.977384951388906	0.09018332404436417
0.827329847936334	0.000563250737641738	50.63927459867781	0.12988122128762664
0.8284548915392134	0.0005617935200279282	50.95879483842128	0.07645923639246296
0.8295770265657199	0.0005603438252107296	50.84140077743571	0.10876409183394739
0.8306962713431856	0.0005589015907990296	51.03633987696346	0.08110450556703563
0.8318126390649081	0.0005574667614842116	51.03961130530502	0.09503002649297976
0.8329261428269872	0.0005560392825021948	51.10915817745645	0.09513427484099272
0.8340368005879286	0.0005546190932942703	51.29208975260541	0.08072660445236607
0.8351446252143537	0.000553206140262203	51.02449038385787	0.10752270818778192
0.8362496294788668	0.0005518003703311178	50.600548577172646	0.20976475665355446
0.8373518309819585	0.0005504017247065319	50.74049187117043	0.1093396446932152
0.838451240637442	0.0005490101535041165	50.754471795176826	0.08419366336995994
0.8395478758129193	0.0005476255990691962	50.72105199598601	0.09741928698930664
0.8406417488527063	0.0005462480105115113	51.024848002550804	0.08778951964685401
0.8417328720121764	0.0005448773374309324	51.16663660357386	0.11208493145533677
0.8428212623180067	0.0005435135238301198	51.57241336891235	0.08047174864671758
0.843906931813829	0.0005421565203626528	51.60653245633013	0.1057774705029007
0.8449898924572292	0.0005408062781534924	51.87402013446525	0.07533694159215928
0.8460701609437098	0.0005394627428022604	51.77445382996356	0.11244581597807908
0.8471477490253219	0.0005381258664489446	51.86876447461366	0.09433765972421562
0.8482226683708238	0.0005367956016870443	51.887243963349874	0.06798465460294623
0.8492949353539718	0.000535471895655369	51.641278520129426	0.07749572271941146
0.850364561443971	0.0005341547019254573	51.33326811583472	0.09112524908291168
0.8514315580294125	0.0005328439745052457	50.86770413136428	0.13059250271451073
0.8524959411713648	0.0005315396620175035	50.83336607656612	0.0859072565331047
0.8535577204843805	0.0005302417213421967	50.56240539269223	0.07444728172331917
0.8556735256882599	0.0015829942819662963	50.770889809525826	0.08730063209649337
0.8577790724994874	0.0005251127273769545	51.5813534159794	0.08578015862181419
0.859351560482859	0.0010464296876510205	51.38502066799488	0.08520207556302056
0.8609183753565215	0.000521330629683749	51.51085330578532	0.08367520560473
0.8619597875544893	0.0005200820076667065	51.40328035170051	0.09670185551737484
0.8629987069347458	0.0005188393542739853	51.23010687585168	0.10691265543395993
0.8640351484843276	0.0005176026231341212	51.18269035339212	0.09259130494532349
0.8650691209202537	0.0005163717756707389	50.98671912494425	0.1232300401395454
0.8661006390457653	0.000515146766354455	51.096664229778824	0.07557746689197553
0.8671297129567317	0.0005139275555588286	50.93367490116585	0.08584679931773659
0.8681563526810541	0.0005127141040144729	50.78006288104643	0.11724473061975356
0.8691805727524988	0.0005115063674187646	50.84184906878112	0.09525210578644033
0.8707123872797851	0.0010194107885650274	50.72275349903731	0.08639520998641573
0.8727464384295098	0.0010146474642113953	50.68075205905637	0.09669551116981297
0.8747710065874599	0.0010099284490326546	50.470545813631404	0.14420709608171414
0.8762832640978215	0.0005032089455854863	50.738459795017626	0.09729067121673383
0.8782914488562206	0.0015026624118896653	50.41126042811338	0.08897249449632479
0.8802903914502949	0.0004985873156910205	50.577939749038826	0.0958443633335888
0.8817835835643948	0.000993752030834367	50.26383607324259	0.10735991918277434
0.8832716593684109	0.0004951764223459403	50.30085908434044	0.10642985812260779
0.8847546538039508	0.0009869768335026756	50.3117800833041	0.09998777864399208
0.8867241353366182	0.0009825111268441254	50.5069509238961	0.12457646220927467
0.8886847250461232	0.0009780856511595927	50.83584973802542	0.10698779336131067
0.8911230810974073	0.0014589143320240484	51.230992747230495	0.08300147469860789
0.8930639564175624	0.00048413631549067506	51.295435793479356	0.11021152144655673
0.8945139428996298	0.0009650452331196758	50.998257854616675	0.12635226580533832
0.8964397567781539	0.0009607753585297093	50.97143543346181	0.10479524864362973
0.8993125607205668	0.0019088818459342483	50.728295572935295	0.09216045302347811
0.9021664855260965	0.000948189468302829	50.90973091153738	0.09347722248867077
0.9035864452121352	0.0004725471757460996	51.10854284420547	0.10356030959853002
0.9059427777525288	0.0018799609601617346	51.00800645404623	0.09527484705227411
0.9087536035840742	0.0009339164156805854	51.33682207499555	0.09278983525189519
0.9101522237561976	0.0004654568149066312	51.25600283972162	0.09519515360491639
0.9115463542082489	0.0009279300915458394	50.561862841068006	0.11080222089463787
0.9138600052624972	0.0013844997018228567	50.14901791238119	0.08469758000431851
0.9157020932002713	0.0004595465646675668	50.994124184313655	0.10534095186782451
0.9166202142910134	0.000458576085545415	51.43404635850592	0.08243391822123336
0.9179937689052227	0.0009142560519559894	51.676172529421244	0.12141349011025016
0.9193629916765025	0.00045568908421141655	51.76265762682425	0.10702472304184511
0.9211819341042842	0.0013613535798095828	51.3722801651292	0.10929767240362236
0.9229932896247472	0.0004518958234397247	51.46488498286157	0.10409442725698269
0.9243468655945422	0.0009009791630423568	51.20213922913596	0.10606135301488612
0.9261450955459087	0.0008972563017268081	51.02608164775374	0.16770901402340946
0.9279359111445007	0.0008935640782928413	51.51209595733769	0.0876380962265626
0.929719371956838	0.0008899021187985284	51.53010758015621	0.11086396628239899
0.9310521786316814	0.00044358764191198527	51.85602612041312	0.10017806716801511
0.9319384481440149	0.0004426833307787572	51.95518469450971	0.09155546565179183
0.9332644724226968	0.0008826675086651904	51.71290734040091	0.1092607765814467
0.9350262288695159	0.000879094137587434	51.76892571452279	0.09713480762687335
0.9363428716338038	0.0004382165197761446	51.93327462053973	0.09455096901301806
0.9376555361197509	0.000873788001048198	51.56385545806968	0.13320236643738773
0.9398345304826068	0.0013041223603041292	51.64928054044362	0.07817260099764503
0.9415698882320953	0.00043297391128801046	51.64607088238645	0.10305596178336196
0.9424349743494365	0.00043211231406815973	51.60311084034865	0.108620753237802
0.9432983406970863	0.00043125413911206687	51.51260390933237	0.11351719665587995
0.9441599928165063	0.00043039936734148957	51.572804217220146	0.09373369385267845
0.9454492759787463	0.0008582470844843288	51.270732877147644	0.09708427127405879
0.9471623865891943	0.000854868325942046	51.17597340102605	0.1084728146900762
0.9488687662348851	0.0008515160661622583	51.34578857437905	0.09963089210025672
0.9501441664396759	0.0004245095361536473	51.674948839164905	0.08743579817368709
0.9518388932984394	0.00042285622055256654	51.76546985459711	0.0919420326824674
0.9531056128738826	0.0008432493204600878	51.672647210815846	0.10050902865781486
0.9543686485132743	0.00042040025286450795	51.783154448988626	0.0947944305888789
0.9556280215820983	0.0008383658726387388	51.446550951866016	0.11827187574763488
0.9568837532605103	0.00041797264917565335	51.57120328774983	0.10717016195485
0.9577188942656143	0.00041716966708913556	51.66413715745971	0.079730194785836
0.9585524336312703	0.0004163697631718417	51.323837847334374	0.15788561591009512
0.9593843762528589	0.00041557292094286826	51.426198753802225	0.11002348474748806
0.9610434944183472	0.0012419650580433566	51.04400699134844	0.11868310084470363
0.9626962984338685	0.00041241582235056407	51.3822804934979	0.10073563725393968
0.9635203482318431	0.00041163402804129007	51.40948025700418	0.10254661228345038
0.9647534979842611	0.0008209337578333432	51.27785118577284	0.09472321828776166
0.9659831562031527	0.0004093063297590806	51.47547304169656	0.1022133391833863
0.9668009987572503	0.00040853626899383885	51.627136312698106	0.10175857115292447
0.9676173028685786	0.00040776910148238775	51.73541994134088	0.10471908496930789
0.9684320767378565	0.0004070048086761071	51.83395531049861	0.10761627015504266
0.9696513773831827	0.0008117274550843434	51.97589383335391	0.09603536138751592
0.9712718057458625	0.0008087044018291592	51.88958600731756	0.10694998199305109
0.9724831714104865	0.0004032259239085083	52.10609954791625	0.09422524436121067
0.9732888758558556	0.0004024785514247544	52.043053356981474	0.10365755127009407
0.9740930871261215	0.00040173394540766376	52.02342230844977	0.10314266017225142
0.9748958131333922	0.0004009920883183097	51.875703418888165	0.13602409653477654
0.9756970581630495	0.00040025296606139654	51.975244596761655	0.10405877309393086
0.976896159608555	0.0007982987571804372	51.8430450012697	0.10190832651495005
0.9784898291770334	0.0007953747204045202	51.70409282090265	0.1277523054871768
0.980077672645056	0.0007924720249072493	51.78237662191499	0.09764684589829369
0.9816597318692117	0.0007895904389665863	51.61354586213478	0.13579256891182506
0.983236048252464	0.0007867297342030173	51.72823742671376	0.10546062646202539
0.9848066645028077	0.000783889682356957	51.61436159445479	0.1308845529731306
0.9863716211165217	0.0007810700616232086	51.67886996318652	0.10808082286330141
0.9875416481799759	0.00038948431151103794	51.829486105878594	0.10712988523604941
0.9887085321351643	0.000776878460721835	51.605692685912864	0.1100536395256706
0.9902595165167449	0.0007741089635090616	51.318422767231894	0.13216000694454136
0.9918049810392013	0.000771359143158507	51.19928690560644	0.10184643142824122
0.992960481825256	0.00038465478141681164	51.22806501311429	0.08943835426210313
0.9941129152539501	0.0007672708475545817	50.54555507743294	0.19259549515576982
0.9960268690006393	0.0011458453398442748	50.76374548491232	0.08846940880980907
0.9975519810832523	0.00038060951046965614	51.01513485196925	0.10946320020979627
0.9983125341688157	0.00037994355584946736	51.10627679340688	0.10427656312960903
0.9990717576728396	0.00037927992760795616	51.266556746603335	0.08337769614325659
0.9998296551075281	0.00037861861455998954	51.1766310808966	0.10759518526938769
1.0005862333479143	0.0003779596026505848	51.20203372883696	0.13436724819698576
1.0013414958558922	0.0003773028808667596	51.460502263490994	0.09241739940636184
1.0032239243182914	0.001502684075662303	51.405362291011116	0.09944793831013593
1.0054721216640532	0.0007474626411123529	51.66787978350045	0.10936255204612019
1.006964479614159	0.0007448985572934605	51.61213662184108	0.1367109944748287
1.0084517269592073	0.0007423520049187467	51.78368133213209	0.10011669164368281
1.009933899133693	0.000739822803859843	51.495960184921294	0.19861414934351168
1.0114110301100032	0.0007373107783128094	51.914187889543804	0.09343367765996333
1.0128831535169307	0.0007348157548406343	51.755449753529106	0.11708813329654683
1.0147163187974049	0.0010975809306733944	51.64497238046044	0.1070250987223661
1.0161772992193987	0.00036463161237617166	51.82516477036877	0.10564047230674516
1.0172698193073577	0.0007274309808387574	51.35645709929014	0.18677300248755502
1.0187222495424555	0.000725002264746296	51.54455481558325	0.10473054939834725
1.020169839075559	0.0007225897115821178	51.405900026159415	0.12961183887090846
1.0212523733869767	0.0003603954038105682	51.66661485844755	0.10204411748433867
1.022332216051627	0.0007190008382441347	51.49123551245701	0.11105244331659496
1.0237678425062808	0.0007166279956889707	51.64506421409799	0.088778422064535
1.0248414558820302	0.0003574293087357923	51.84848273385726	0.08794008756554024
1.0259124222678722	0.0007130979541689058	51.59511448199054	0.11303106606864856
1.027336281754369	0.0007107638497703172	51.73947286365451	0.09887267114921845
1.0284011205447638	0.0003545116377236624	51.96336910464473	0.10221667204061953
1.0294633559146826	0.0007072912034925456	51.8943088774111	0.10229887294477705
1.030875639231586	0.0007049948971565453	52.042101408839336	0.09804688642251289
1.03228334534668	0.0007027134521932466	51.70978513542719	0.1162228547731579
1.0336865027914528	0.0007004467264803078	51.499033461990365	0.1106134603191465
1.0350851419058724	0.0006981945763563964	51.284939089471735	0.10312848332461293
1.0364792906602727	0.0006959568633471585	50.96888545466618	0.11459605711929445
1.0375219738413137	0.00034714398392722106	51.400848741065836	0.10695882094569482
1.038215706774655	0.0003465899060328885	51.26870817363761	0.18874610184867346
1.0389083343518553	0.00034603759323014317	51.72159523729504	0.10374952025797575
1.03959985906175	0.000345487037917068	51.85870017946015	0.09924791070796705
1.0409796128629425	0.0010331735013770773	51.98519946907124	0.09026314545938402
1.044068124995781	0.0020517041763340378	52.61849213562388	0.09742909850449669
1.0464552076739488	0.00034007633329390704	52.62236594165526	0.10917137416888487
1.0478133871121866	0.0010170433973238384	52.069622887028586	0.10502497005310944
1.049167332657735	0.00033795920858546035	52.04146232005154	0.09775301390769127
1.050180028191258	0.0006743441348660335	51.66322814071858	0.09168851775882804
1.05152662635084	0.0006722564633550803	51.54480786545939	0.09807856814022205
1.0528690625739006	0.0006701816774349299	51.45161449741087	0.11043290672334685
1.0548749681393785	0.0013341868021720007	51.35145940809943	0.0860804136931811
1.0575351779015345	0.0013260394069145936	51.26383480545957	0.09313403710206726
1.059849568785796	0.0009892437225123498	51.3729227353198	0.08472649915344892
1.0611665615658228	0.00032874946559708387	51.495663730237126	0.10697109523509475
1.0628072061836125	0.0013100395351066335	51.21194988818214	0.10919114963991802
1.0644416757314794	0.00032627961513416584	51.557278256663004	0.100609150736863
1.0660700177278393	0.0013002342167957846	51.61668298063737	0.09997381816616492
1.0676922762586858	0.00032384659924588526	52.23460014681278	0.10401176698612535
1.0686627315013437	0.0006462475077543972	52.32102346589984	0.08878958431518208
1.0699533067712932	0.0006443299308912599	52.30129264322776	0.10624347174426862
1.071561151864053	0.000962923354155378	52.114698685682036	0.0943381688599456
1.0734827412178043	0.0009586721931624408	51.74025203888017	0.13525293380405023
1.0750775962971733	0.0006367720850572344	51.793151233483876	0.10195493070362155
1.0766666157143476	0.00095166973061341	51.55045468247238	0.10184299188187781
1.077933658971841	0.00031629910141795517	51.64594958135608	0.10345089537878509
1.079512281591688	0.0012606058750646138	51.36641596275527	0.10232416907279303
1.0820262035183414	0.001253329912652244	51.377893310260546	0.12028575235618529
1.0835900463601191	0.00031220623408083055	51.8526573240472	0.09940132846418182
1.0845256570368094	0.0006230687298400305	51.69768625686622	0.09802984876137148
1.0857700098552876	0.0006212860508241621	51.526786532085	0.157044064057734
1.0870108079644427	0.0006195135429904937	51.76936778752485	0.10751273867270461
1.0900973814051282	0.0024605048344300234	51.816226500162195	0.08910836193836738
1.0931621729807204	0.0006108005785871379	52.31922232728217	0.09522917738436909
1.0940774083652276	0.00030475736416883176	52.438604348399586	0.10336631098477247
1.0946864961052165	0.0003043302487526119	52.49031146623213	0.09182451825609812
1.0959021142634768	0.0009104387996967705	52.16407414876889	0.10355250953257825
1.0986248777166963	0.0018094975097262855	51.99262079103485	0.09965046504380189
1.1013306773890101	0.0008991293913761412	52.09683865607178	0.09751600059625255
1.1031252235135216	0.0008954217685748258	51.960173491987725	0.1043638500984785
1.1049123849066371	0.0008917445974865431	51.81570043565968	0.09835208214485516
1.1066922218030484	0.0008880975050847391	51.336953651107564	0.18891817298372612
1.107874740484275	0.0002952275460150168	51.67840828820343	0.10792330894876782
1.1087595212707029	0.0005892533923963986	51.304554362192064	0.15793529907028828
1.1099364321298222	0.000587658714305083	51.3969259769798	0.10530415705670884
1.11081702642919	0.00029323417963097293	51.63128149911217	0.10482912069715428
1.112572877513437	0.0014602551410490398	51.360711859712964	0.10143135382406686
1.1143216579267903	0.00029087738629318796	51.89105217843974	0.08566893938049987
1.1154836117287543	0.0008703005542094073	51.65315862739013	0.09682231976108163
1.1186630472370462	0.002303873115275271	51.764043293135316	0.09223154068449606
1.1221051798897794	0.0011428426210103038	52.15795516953794	0.10357352696924202
1.125803625635455	0.0025495909029973015	51.97394949802029	0.10104154417417303
1.1291898444722472	0.0008432629654562791	51.77455426577022	0.10419934485181338
1.1311530143203787	0.0011192796147451653	51.397244497587636	0.1206838280198885
1.1336641198923108	0.0013910332193685202	51.13206651271399	0.09533779764483744
1.13588408930153	0.0008303645166345692	51.25095781994841	0.10313840467572637
1.1383680657527415	0.001651257494420639	51.21453079570069	0.11058614627223864
1.1419311340336777	0.0019107264831233523	51.40952516967312	0.1100055466814045
1.1457358721503905	0.0018940602289510096	51.57800465496319	0.12214926660677462
1.1495075671287176	0.0018776822030142377	51.617392351519044	0.10935154251276195
1.1540438783648168	0.002654530616548115	51.47560036374464	0.12574389651284856
1.1595829192456932	0.002882978363137306	51.517818673204516	0.10753786364013235
1.1647933171152873	0.002330670125462178	51.55444773180149	0.10709619900270419
1.1676326124032932	0.0005145516798232493	51.894481164956794	0.10821826122130193
1.171474704774992	0.0033151277180820385	51.30255992496285	0.14108029348496107
1.178054858335186	0.003265277615145016	51.3332994640912	0.10526266676858713
1.1847841835469366	0.003462385889808768	51.20694605172932	0.10877102074073
1.1892131619667103	0.0009792158768781322	51.41242701171689	0.10763785087800808
1.1988965593068088	0.008618616541313764	50.83036076815463	0.09912298577977001
1.2088369776202972	0.0014039314076964328	51.17269789029495	0.10176865957003259
1.2194692353422634	0.009133187489025247	50.63233143443607	0.12132853258005286
1.2302930530843261	0.0017816752661124688	51.34452371017213	0.09357217563996069
1.2322928263882447	0.00022168626719852006	51.84175457583273	0.10083419247078075
1.2356054546298205	0.0004400035273931797	51.89928235763093	0.08936234071896161
1.2382374840271912	0.0021867248135134165	51.54140127030234	0.11395117270764048
1.241505246475788	0.001085166491729034	51.881237792554764	0.10148223581386505
1.247111767387914	0.004499239838063492	51.846787890946196	0.092874270038974
1.252435244618435	0.0008465573092480019	52.388190732865716	0.10743820533873134
1.2551778775905211	0.0018927630489145113	52.29878155978956	0.11092048099637614
1.2604039818632835	0.0033246629057684645	52.32046255269726	0.13723015206234382
1.2672075284667292	0.0034775470135338833	52.41518297433423	0.10243883520261701
1.2728978114900105	0.002220887147278532	52.42407849832185	0.10648188093342145
1.281691723341133	0.00652910771682917	52.03155044413258	0.11588914714459833
1.2945574723302093	0.0063385232056191254	51.87191297827467	0.1102058615315605
1.3151880184091018	0.001648489207185359	51.85153740352225	0.11084142500754432
1.341656463677611	0.024126992493520783	50.929850476898096	0.0960731264233587
1.367416829570182	0.0022737505818097477	50.9857960318314	0.10413868452497452
1.3906580896156806	0.02047505930951684	50.43748162147833	0.1068169542277277
1.4656873355582571	0.05167936601237908	50.16707699951277	0.11547868277516984
1.5299791472269562	0.015191175400970173	50.71443961350598	0.08828608650733723
1.5457732149480015	0.0008616847147159016	51.363836502741165	0.10375291928038621
1.5742255057597352	0.008978341454130867	51.11549099374826	0.09175656100083492
1.5838036085153517	0.0006907581991336119	51.66864110128419	0.10723400414692959
1.5915301669319957	0.006979654844793489	51.030723515311045	0.16681201703269122
1.5995976994678751	0.001141866057839573	51.6728757887029	0.11025595766813057
1.612719235187451	0.01181741130881955	51.04682559693704	0.1433723379008461
1.6300931502246394	0.00567699407358779	51.32874494639446	0.09608624989940119
1.6476513964751975	0.0008518835276047324	51.6214129526867	0.1111021752913825
1.660576157865662	0.011907427647795062	51.07861355185372	0.09312360958390217
1.6838393749598526	0.011364759361522194	51.078031498127345	0.09833358785336603
1.6957448472187282	0.0006863241475265569	51.66611027123587	0.10925275712626062
1.7432979338517376	0.04442700532348275	50.83479682486665	0.12109911065632528
1.4751787936456955	0.0018881486149951246	51.60075618966151	0.09971280980522552
1.476633910033856	0.0006235476790147416	52.2456417489982	0.09666550110813553
1.4778402632868437	0.001736278529201138	51.72130800194699	0.09735612123790074
1.484941930469675	0.004651458511365486	50.93751152753607	0.09980279154059793
1.4968798677739352	0.006310718426746538	50.71012235263181	0.09980279154059842
1.5098785390918408	0.006993775990498376	50.66666603377308	0.09980279154059828
1.5232531296243612	0.006127838890291183	50.768580289449666	0.09889688052167331
1.5569328266862132	0.003020745399266636	50.841042292700166	0.05191748592131271
1.5627048385267412	0.0030145310919614606	50.82132627107301	0.051753852686938925
1.568344905378484	0.00246180136134132	50.86957807825822	0.05111180594865375
1.5734834021737103	0.002599582462005527	50.81955380223641	0.05101094974174074
1.5795444970405261	0.003101676361083663	50.732230852512316	0.05116988272759354
1.5849418664429153	0.0027139714314649344	50.788204544818505	0.05133004176917626
1.5905111058007753	0.002915021525007563	50.76410587077582	0.051330031477392964
1.5959090766910087	0.0026294995644961495	50.80908411664001	0.05133002265653093
1.601600853671703	0.0029101987844405114	50.75704171598818	0.05133002201435259
1.6070740497919096	0.002618879997693677	50.78835015792378	0.05335188142739117
1.611720994614036	0.0018923607638462686	50.97673099748432	0.051010960174172094
1.6153149856926015	0.0020144252475622327	50.93950298933772	0.05198306653822343
1.6196479445715881	0.0020648455135785504	50.89660193874959	0.05165401855239819
1.6241000144346764	0.0025002094858945323	50.78307696527248	0.052828452834326876
1.6287116228994292	0.0019510104529717844	50.902391640562044	0.05165402572094534
1.6324286192581696	0.0018638017512023876	50.936292150321115	0.050541409291009635
1.6367784257603082	0.0023431113187962044	50.84814607755913	0.05079807441703951
1.6411586041466684	0.0019412852657550179	50.9194715233662	0.05231726078529359
1.6451653131649822	0.0020498319138155434	50.86026087305509	0.053887934178487244
1.648923098517238	0.0018474290986496627	50.90666704507309	0.051491399133390583
1.6523158761630496	0.0017024215587599092	50.950117577908465	0.05085325675029989
1.65612117696529	0.0020029451478095323	50.88681679723072	0.05248631509249378
1.659835446745704	0.0015510221383605862	51.008217881463914	0.051654036889278825
1.6630210354816206	0.0017843100246701942	50.9419205148966	0.05265671845346913
1.6665465280105407	0.0016067611237136129	50.997700328115485	0.051817898608158365
1.6695741154375614	0.001516628902207831	51.025849749412075	0.051654019175690194
1.6724319105069265	0.0012974762887112193	51.10187927625859	0.051270492370127686
1.6751790832697215	0.0016071210564479234	51.007879703742574	0.051654016871066404
1.6784092675490119	0.0014325162454504028	51.068079885069594	0.0510109592636913
1.6812451797549508	0.0015316074311182118	51.03147864491027	0.0518178952080268
1.6845324637170795	0.001674607094313337	50.99313872255937	0.05181790771742128
1.6875425610579418	0.001379391080573091	51.061939338088195	0.05231726288034002
1.690254005267933	0.0013534295003742307	51.067184735072374	0.05133002255939434
1.6930407172267523	0.0015250990030968301	50.97718025632611	0.05300156063653729
1.6964077875714183	0.0016865435501480653	50.885799307842674	0.05248631435931638
1.699718729433452	0.0015981710499101815	50.89036694913436	0.051330039452510814
1.7030608623644514	0.0016534053879565423	50.88101826200875	0.05198306035207355
1.7060536508314048	0.0015731664789399922	50.92169622580746	0.05101096156301346
1.7092662649626746	0.001548636102205582	50.92126466119822	0.05282845238994272
1.7123525449396662	0.0016184066935325378	50.91371305596068	0.05143038186325503
1.7153587384314342	0.001352124844004485	50.978330704376475	0.05069674008753372
1.7186879893619336	0.001996423667643196	50.76969998976059	0.05309906214577022
1.7225335590077278	0.001898165286820846	50.776054712869396	0.05198306553412961
1.7261036705391246	0.0015750765913739116	50.8404444109999	0.051983061323504234
1.7294259685128288	0.0016512829853169478	50.83624645116923	0.051169890872032914
1.732824581497476	0.0019499893305289773	50.77295905830865	0.051169886908481683
1.7366551043987568	0.0017749746507727667	50.80564989803315	0.05111182256513314
1.740280106340392	0.0017671034021705047	50.787107016113126	0.051430402101146945
1.7439433542366942	0.001878518993382102	50.744119547119226	0.05149140087172588
1.7472509790814044	0.0016390643484726173	50.796800362283896	0.051330026685478196
1.7512086384011438	0.002060446555619405	50.68465419680834	0.05165401596948856
1.7553034548229245	0.002263837650514107	50.632507014532194	0.053001546051246656
1.7601793008534978	0.0023881298619621285	50.624651462206764	0.051654001870388634
1.7650140160351533	0.002420205856246554	50.62818665360175	0.0503872864384245
1.7692936426438834	0.0021856355856233914	50.644561622374205	0.05181792701536808
1.773611191969694	0.001993506901330349	50.51672095899572	0.05919335366764132
1.7778483686823054	0.0019204978942336613	50.49535084006905	0.061759832663923535
1.7818413820756438	0.002298516249856994	50.6016425757392	0.051169876128773155
1.7859808118721208	0.001870930901676574	50.50484885818983	0.061125198196642465
1.7897066458163715	0.0023079370577690434	50.52524191426823	0.05484572125983682
1.7943437423385353	0.002275829364837128	50.41124196326097	0.06175984585635144
1.7993165189388105	0.0022949776532511005	50.39690878492634	0.0627393819008106
1.8039061679302593	0.002352590682734759	50.4143834705579	0.06112518460917869
1.8084389957558964	0.0019781303867354135	50.49657310795665	0.06112518525395829
1.8128900655483664	0.002642154379502175	50.36488520160012	0.060813187978273175
1.818395539336514	0.0028532287898919537	50.30916266751245	0.06341145900945576
1.8237213578077582	0.002815613132508626	50.32980050419949	0.060813193569345454
1.8304502842191923	0.002898148559075472	50.32852528275584	0.058723848523299156
1.835744437988678	0.0028878938148654476	50.211748978138914	0.06273937557983932
1.8390574735651446	0.0006935290689418277	50.28203606933976	0.057210131022450504
1.8406526725294603	0.0008384696060994522	50.16798131763657	0.058578986698908306
1.842154946678958	0.0006831568010385497	50.2864860724258	0.057254494218615025
1.8434919826393277	0.0006837702158582221	50.293511191401414	0.05654683554208265
1.844987188185329	0.0007787658897579619	50.19725425353821	0.05863170997948891
1.8465176835538968	0.0007127046859545471	50.231694672081474	0.05905773247580637
1.847887041106713	0.0006862865456058436	50.26842005805061	0.057109085796257175
1.8493029664261849	0.0007496467911505891	50.20633022078289	0.05857898056294665
1.850781000885646	0.0006697216553685425	50.27764834761516	0.05799243753245256
1.8520678397625783	0.0006916830442749755	50.23694609089437	0.05900870224750591
1.8535921847908134	0.0007144440211260101	50.22070914246999	0.05900870175780562
1.8548918782100945	0.0007598845110409635	50.19279696138143	0.059008696417320164
1.8564590347317	0.0007531970663905331	50.19704413710319	0.058578985763411695
1.8581464952148072	0.0008499632264370496	50.13445082217183	0.059888230236265265
1.8597490210474577	0.0008128548276495908	50.1483897564283	0.06033835245878548
1.8614706336980185	0.0009202808943232876	50.10925681753651	0.0581557903002807
1.8631698897720363	0.0008466714534704179	50.13730698115805	0.05900869224420773
1.8650071519108613	0.000982537490422433	50.06867149171268	0.05944506579029684
1.867142559877342	0.0009854269373126472	50.07545578580654	0.05857898192474509
1.868863322311449	0.0008190082517652639	50.15759600538936	0.058155783430045765
1.8706435708948386	0.0009074193760971319	50.10613990796849	0.05900869537559425
1.8724343211712815	0.0009823771794265986	50.05927738500509	0.06033836063943987
1.8744350748801717	0.0010587186646116846	50.02357039105357	0.060338359157883374
1.8763511905774293	0.0007949457896130467	50.15462062677693	0.05900869129088892
1.8779807870451923	0.0008997363838005804	50.09498570936624	0.05944506518640192
1.8798139787809907	0.0009595861847947654	50.07514710234509	0.05815578164408081
1.8817338924923244	0.0009019331593963065	50.097312068529654	0.059057742838491634
1.8835637145499213	0.0009550480266091746	50.05889220163725	0.06079556989608011
1.885873429504788	0.0010976478994517312	50.01764137129413	0.059008688655575264
1.8875633698953271	0.000785717245359873	50.16743372482206	0.05900869800209147
1.889346872399351	0.0010791380810836304	50.037067114854416	0.05857898899352749
1.8918033741921214	0.001193223421406721	49.97641208838328	0.05988823756011682
1.8940963592741784	0.0012340312630468797	49.95364770401799	0.059445065591343334
1.8962836022485068	0.0009310858487787218	50.073778230986	0.058578994582404856
1.8982685792963914	0.0010894854218795262	49.99580018072719	0.05900869372964896
1.9000587683758636	0.0006336135988672026	49.89155483290003	0.058155793789215
1.9015093667521128	0.0008048073850273179	49.70971263302289	0.058155772638579226
1.9030095546402175	0.0006813724262016743	49.77868124065345	0.058643656045567
1.9042569443159352	0.0006051068183003471	49.86447819210459	0.05688498988601294
1.9055572140620314	0.0006715069624220313	49.787214780036095	0.059140008960247764
1.907020067517769	0.000743088972053235	49.75116646048061	0.058643659858711436
1.90830976586715	0.0005889689454290143	49.89630534107457	0.056131238181400665
1.9094954325042905	0.0006025134363702213	49.86412080545161	0.057449964726378276
1.9109288410841565	0.0007561775390464977	49.739797532870845	0.05914000851886146
1.9121931028334507	0.0006346862378139037	49.80983777064268	0.059140028995456534
1.9137076831496473	0.0008459952356574845	49.684581059888636	0.05815579269109791
1.9151548872323316	0.0006142681471201673	49.81333888314148	0.05864366646536774
1.916650020626255	0.0008677956816246221	49.65943906151441	0.058643687891463875
1.9180920394889556	0.0005815638040145517	49.8351335203388	0.05864367529670753
1.9192627283096575	0.0006016484746621039	49.82431854301234	0.05815578615698356
1.9207846903042218	0.0009254320672239658	49.638994096938916	0.058155790205779
1.9225117529259748	0.0007080015460435205	49.75527006447131	0.0581557863284996
1.9238149614575224	0.0006359687387535026	49.795979390756834	0.058643688006171854
1.9251704792299271	0.0008127171864415121	49.6805576072274	0.059644988739887043
1.927005608061133	0.0008820480317426375	49.64790819900038	0.05864366554781984
1.928699236468774	0.0008841899547868023	49.646674889008615	0.05815575233335551
1.9303640718586055	0.0007686234820384917	49.70354288833502	0.0587599303978862
1.931918526694478	0.0008134679339016877	49.672323114787574	0.05864367640662023
1.9334542035346545	0.0007565567979685487	49.68362898233135	0.05815578945072469
1.9347756141625176	0.0005596465024323408	49.79529390124946	0.05303180565150682
1.9360184703025467	0.000583263484092178	49.67626771016934	0.05815578540320532
1.9371331330393267	0.0005752070984209941	49.761757154423535	0.05381016578048541
1.9382667567242595	0.0005573471300732374	49.722194989401984	0.05700865978072415
1.9393408564938197	0.000572290469331332	49.68886967503187	0.05792607083191798
1.9405164849325673	0.0005761687001324846	49.67656910589287	0.05865469416190706
1.9416867752712925	0.0005443181746534896	49.70598270784279	0.058155810615572054
1.942830176598789	0.0006205964598529018	49.65142706332222	0.05815579424750999
1.9440071738700706	0.0005478759468639063	49.71796127232682	0.057449965295300685
1.9451659610727032	0.0005539306119846893	49.72524980860588	0.056775858902968795
1.9462895437499552	0.0006402996523164086	49.64637773800818	0.05792608152365538
1.947572529041339	0.0006266675373821516	49.640287711686746	0.05865471185157075
1.9487644427289672	0.0005397779534444052	49.73761326362546	0.05644999240572924
1.9497959280988966	0.0005990385915924843	49.65567221705315	0.0586547197518889
1.950973289686975	0.0005465728280888336	49.696703093718554	0.05865469385339963
1.9521073234405713	0.0005303566509081878	49.718844511985836	0.058155777104814656
1.9531393409036848	0.0005744189874998111	49.689270536648905	0.05815580083423931
1.9544001767062238	0.0006084851906158082	49.67031396280656	0.05815578428185237
1.9555840044136488	0.0006141652462131328	49.65788039876411	0.05916243926686822
1.9567583425828683	0.0005769688423841035	49.67834304406834	0.05865470879515976
1.9580337432290944	0.0006451022127416189	49.618174202220544	0.058654723395684456
1.9592326647693128	0.000605909156706557	49.63832038554284	0.05815577165783584
1.9604635231173109	0.0005782854982628133	49.653093525155846	0.058654692975971
1.961726038048228	0.0006654745558810652	49.591058230025254	0.058654691784743695
1.9630631933174925	0.0007128768750523041	49.5563733369853	0.05916241157281527
1.96426887611154	0.0005198203370401407	49.52825507407855	0.07014864015931814
1.9654384366040907	0.000661859348010561	49.59705621560384	0.05815576741995437
1.9667274548528286	0.000533230121166035	49.523386251210795	0.06922157853339013
1.9678578196563763	0.000693842531661993	49.56654703160469	0.059162440241517664
1.9692006345727122	0.0007221719101006886	49.552478630315385	0.058155798705070164
1.9706344831149758	0.0006519630908545517	49.59343483343369	0.05815577019992597
1.9719828826621961	0.0007205878828020788	49.54215433714758	0.05852134252171141
1.9734136252998085	0.0006296980286267686	49.5422942837865	0.06179740738347469
1.9746350893802675	0.0006178986531143826	49.52750872409472	0.06321628498208007
1.9758811344331113	0.0006261304494464252	49.546359032306086	0.06179740738347469
1.9770099017573985	0.0005347201052528472	49.53924192612607	0.06727331327482923
1.978141713060561	0.0005989994228830333	49.45903094715439	0.06898093057066491
1.9795463911034605	0.0006407044681000007	49.41888601621425	0.06991704763918684
1.9805667481802958	0.0005293691880829495	49.49708542321605	0.0699170277579046
1.9816439390626337	0.0006129418670328436	49.5332449223682	0.06290214448439346
1.9830137398343608	0.0006631591748025386	49.56584521477998	0.05916240531691018
1.984222273048511	0.0005259132859947561	49.504435319708335	0.06898090304443202
1.985208221628582	0.0005345102610715586	49.499389444339485	0.06898090286346668
1.9863032712187014	0.0005507410630543767	49.48388406945038	0.06991703386265732
1.9874715349917473	0.0006067197570697164	49.44103120275446	0.06991702742224418
1.9885764423132188	0.0005546656761744029	49.483978229639234	0.06898091270559821
1.9898393585782126	0.0005385264748190353	49.5046528293678	0.0683172664427153
1.9907237330557639	0.0005007000703892375	49.52164256081417	0.069917040910018
1.991912957568857	0.00063621309486595	49.41974869684978	0.06898093557276036
1.9930893211195861	0.0005268207389043196	49.49789741363409	0.06898091525819547
1.9944407993208408	0.0007532746849381809	49.33271860681745	0.06991701661769625
1.9957575111526242	0.0006640471532033845	49.38820544410062	0.06898091796672966
1.9970073681670384	0.0005697252158134828	49.45352572006559	0.06898089199489423
1.9982764376414461	0.0006250590992041236	49.40734735977668	0.06991701785157145
1.9994811861451358	0.0005930137629924957	49.435209103655566	0.06898089232526788
2.0004917326889258	0.0004791680499759503	49.51723412941686	0.07087719309177919
2.001499933280547	0.0004874860985175063	49.53854740701971	0.06767578307758944
2.0024305337210313	0.0005287829064544679	49.52186073290669	0.06645458375117866
2.0036519777735733	0.0006408263360811988	49.385667115313204	0.07186229376526036
2.0048625111115945	0.0005529636657521023	49.46084702903028	0.06991702534749103
2.0059297005402814	0.0005413397509270939	49.47416371146238	0.06898093550372147
2.007152525245727	0.0006077602356571774	49.41585401089534	0.06991702277732896
2.0083310777758236	0.0005856928296842247	49.4180612167695	0.07186227411372999
2.009460153775767	0.000600836307961515	49.420394281761475	0.06898093017047735
2.0106103095061987	0.0005318434312520687	49.47127370183638	0.06898093056819786
2.011851349303299	0.00071262530049548	49.34079659777087	0.0699170194586623
2.013059473102613	0.00048661783508393755	49.512937255319336	0.06898090771151014
2.0143063611672414	0.0007488909256803942	49.316565806751356	0.07087718192241126
2.0157760191325593	0.0007509230610663814	49.31693744645425	0.07087717490697623
2.01727527443746	0.0007501537763232796	49.32176387109168	0.0699170163026235
2.018642491706448	0.0005755762420555607	49.44081525503949	0.06898089212261933
2.0200252965828844	0.0007761389754814073	49.3089871708353	0.06898090876203107
2.021736834352118	0.0008198854293449957	49.28356928258853	0.06898091348884641
2.0232264502435986	0.0006888210263636421	49.358676589327786	0.06898091164240419
2.0245178615080697	0.0006331214418119381	49.38093633110849	0.07186229443101382
2.0256306568270595	0.0006502322373763013	49.38612711734572	0.06898091582307145
2.027026988773397	0.0006739285307707808	49.37225758512677	0.06898090617413336
2.028399347873078	0.0006921867979675026	49.35667850295732	0.06991702414357336
2.0297709179778933	0.000682936306902023	49.364839632576846	0.06898091259431102
2.0311962931236076	0.0007344147375164483	49.32586336944256	0.06898090767001001
2.0326450914627663	0.0007758518487132492	49.29530015477726	0.06898091315324327
2.0341747894673374	0.0007862425222845623	49.28268506404933	0.06898090622385145
2.035784517992934	0.000660474893328675	49.346423425725476	0.06991702664696112
2.0369331650094424	0.0006708968628398462	49.34227777042892	0.06898091411325386
2.0384218786744364	0.0007179666602144062	49.30959686989678	0.06898091373035951
2.039857169774639	0.0008338570067430329	49.2309571190041	0.07087718239091255
2.0414374111439706	0.00064677325843099	49.3439811901882	0.06991702122599584
2.0430256345400655	0.0008277956075914087	49.23061762617958	0.0708771778079953
2.044386022388786	0.0007021944958309198	49.311647850259334	0.06898090321875813
2.046239205024921	0.0008820865034758916	49.211055078691935	0.06898092151007164
2.0478879633685567	0.001076186112250208	49.117504470012044	0.06991701599083822
2.049970930734852	0.0008745395433803625	49.21994413317171	0.06831727629811178
2.051614010734895	0.0009174454547251647	49.18760708012188	0.0689809139043996
2.053572183469586	0.0009233545969672035	49.17871655809948	0.06991701655792153
2.055444958330303	0.0008460974290009354	49.222475759518005	0.06898091809810308
2.0569861816009065	0.0007709055248761288	49.263425152171905	0.06898090249682105
2.0585120318801797	0.0008269125702651404	49.23307579412459	0.06898090776711166
2.0605233799497	0.0011078814881448585	49.10305638444657	0.06898091517747001
2.0624156548968835	0.000844098630341338	49.218752137961616	0.0689809096659886
2.064226277599622	0.0009727956133702828	49.149426921094914	0.06991701532753518
2.0661025218011213	0.0008296498634569847	49.21641666255217	0.06991701215780541
2.067766754605342	0.0008434757286755719	49.20916950983372	0.06991702109167836
2.0694343109578397	0.0008604026399074033	49.200664899261014	0.06991702798253495
2.071076209337992	0.0007205893837163844	49.28333177018385	0.06898091099618162
2.072659099861704	0.0008676444799630014	49.19871793632023	0.06898090414631315
2.074518468433209	0.0010002231065748993	49.131831183309046	0.06898091709895202
2.076398478977932	0.0009459090970078975	49.145339835033184	0.06991701855879512
2.0783399125449877	0.0009314199124739125	49.152266367849464	0.06991701245243774
2.079998917496242	0.0008011622660590796	49.21863847106377	0.06991701160920968
2.0817644915138915	0.0009609429489526656	49.140215594031474	0.06991702317794105
2.083897460688645	0.0011161274745310884	49.074246823725545	0.06991700814448769
2.085990510191661	0.0008414152863663619	49.186732825279535	0.07087717625575449
2.0876669959153387	0.0009943644710533302	49.11522560533969	0.06991702380407351
2.089608080064006	0.0010161023994163117	49.106557845436896	0.06898092132064357
2.091528265219982	0.0009104577586469059	49.14643114440236	0.06991701382832345
2.0936261329928803	0.0010715731349249928	49.079156403053084	0.06898089920867202
2.095709361481268	0.001027734483518774	49.07440236017309	0.07287324041625995
2.097770557900548	0.0009231499994534129	49.1244179210811	0.07186227505943055
2.0994654795939947	0.0010452216381643437	49.0792012074293	0.06991701878187502
2.101504473912926	0.0009025145221425786	49.14104151509303	0.06991701705243024
2.103630841922282	0.0010754918283337035	49.051714567665016	0.07186227270976002
2.105325362969914	0.000809973878853915	49.19002820160583	0.06898091796719039
2.1073976857429404	0.0013299840881458745	48.97396649313705	0.06898091529579616
2.1101376580503435	0.0013575970289455388	48.96457276247808	0.06898090636428904
2.112657563650451	0.0010402289266612436	49.07284991372323	0.0699170145376322
2.114811509662507	0.001006753959594689	49.07897247453207	0.07087716468754725
2.1173550710404943	0.0015366967697198232	48.881193989745384	0.07287323597311243
2.119826383119712	0.001173986220958036	49.00974611892508	0.07087716818141487
2.122092322333393	0.000884300657886365	49.13645321897229	0.07087717453586556
2.123761994051316	0.0007755970162310834	49.20653173204671	0.06898091301201963
2.1257115469490704	0.0011206411299661456	49.03746807592299	0.06991701460137165
2.1276481560891964	0.0011516212086907266	49.02385208663928	0.06898091720989938
2.1302524598918477	0.0012400722776907361	48.97747493765004	0.06991701097699188
2.1329346056364913	0.0015828703613318983	48.86915713781565	0.06991700951073314
2.136010009368623	0.0012002206525339864	48.99218281862912	0.068980920599809
2.1385083995727476	0.0014829004012888497	48.89833989965288	0.06898090063653624
2.1413124367103977	0.0013558163189104433	48.938224287758345	0.06898091417718427
2.1438159274790882	0.0012406705444334652	48.97237500793892	0.06991701532494189
2.146407743151434	0.0012049214413922577	48.97893091605278	0.07186226671961586
2.148625502189211	0.0009656125279588504	49.096158128592194	0.06991701859595408
2.150646094442945	0.001136367776679641	49.02981517462573	0.07087717853920221
2.153149708556833	0.0013306658331037628	48.96185052807914	0.06898092305934966
2.1555106808702114	0.0010377288445407975	49.05632309164092	0.06898091590330399
2.158455785475843	0.0017237714006524453	48.828409075925	0.06898088731731607
2.161408457503225	0.0014197832860908099	48.91839234786992	0.06898091504114234
2.1643334133901684	0.0012560067838541464	48.9768367221455	0.06898090783067685
2.1667840597314205	0.0014229401545660643	48.90820334955882	0.06991700381750657
2.169308100778987	0.001101385619390835	49.01510339607626	0.0689809099209349
2.1715690478188154	0.001260749675952836	48.94732947159523	0.07087716235354265
2.1738296987846955	0.0008325429605897436	49.143988220230696	0.06991701537503033
2.175850232864907	0.0013954366830806486	48.926220116483805	0.06991702704798484
2.178441495660084	0.0010954041185420546	49.0068297876381	0.0708771729593905
2.1810859872608894	0.0014516723820194154	48.87497679339341	0.06898089710388426
2.1835545336188615	0.0012878153243746791	48.9167967556075	0.06991702431256791
2.186171864462962	0.001212283296394467	48.94206586715657	0.06991702676366116
2.1889352202320764	0.0017226860531862032	48.795004170331396	0.069917024656942
2.1923317565067744	0.0013167362155492065	48.927579608028154	0.0699170125909377
2.1951577479452307	0.0014488556527214407	48.88848277229489	0.06991703133356655
2.1977326846239174	0.0013064637685591923	48.913927929282124	0.07087716545290482
2.2006621755228535	0.0014025920644083133	48.87998868063155	0.06898090012460126
2.203554274606016	0.0017088883060912417	48.779679939417406	0.06991701833829828
2.206728309106243	0.0015882858300523349	48.79662658484299	0.07087718780160639
2.209611957491648	0.0015106230146901126	48.815439699886554	0.0708771699475216
2.2126598547444076	0.001275078727589976	48.89633333562155	0.06898090379371558
2.2154054206584255	0.0015015528287696642	48.802845156451944	0.07287323353876296
2.2185332169992735	0.0015188082033730167	48.80515690790402	0.07186225581681349
2.221450037595926	0.001533643692194506	48.81827462539631	0.068980911489377
2.2247186470908717	0.0016727233730418	48.81207736691715	0.06898092241484732
2.228119546884119	0.0014408849734461589	48.91142742443288	0.06991701866564456
2.2309128559824276	0.0014839092552619386	48.904399536353225	0.0699170101278826
2.233750182357728	0.0016272496466625027	48.85084174324962	0.06898093066482429
2.237114242581087	0.001435465904863165	48.87600247090429	0.06898093092918499
2.2401749671432474	0.0016670309209717389	48.75996570889535	0.07186226175222427
2.243025072373462	0.001443095681912412	48.80127133574491	0.06991702513991725
2.246204544723275	0.0014084158755031746	48.81428855049461	0.06898090843569016
2.2488042498494414	0.0012426157800658408	48.863649722224324	0.06991702517384951
2.2514171248973094	0.0014992715824687479	48.782634766234295	0.06991703403233986
2.2546517912361255	0.001451824417697957	48.80794780032646	0.06898093916712898
2.2570916542932244	0.0013494689132840883	48.83907955756769	0.06991701127295777
2.2600890634284707	0.0015704831734083024	48.802373227093895	0.06991701030490947
2.263161948772416	0.001410231372776104	48.89024550439019	0.07087718031638705
2.2657126816735076	0.001259825633252058	48.96336090220336	0.06898090259732496
2.2684056277419895	0.0013326171796586488	48.852224595682486	0.07497680830222389
2.2712502239672476	0.0017054363423557573	48.70969699506254	0.07087718617838885
2.274252456492439	0.001312280744476567	48.82967552399158	0.06991700233651936
2.2771870999112904	0.0012849511058889479	48.85860959223236	0.06898090225930083
2.2796013429044404	0.001329020517884211	48.83830903131913	0.07087715966022627
2.282254246830935	0.001317468968303732	48.844560331559485	0.06898091756899948
2.2853778417889496	0.0016542842126739893	48.740141570634066	0.06898090644561346
2.288174187677515	0.0015135573781580162	48.79329676165826	0.0689809049910169
2.291412383944858	0.0013925182854540314	48.84109929284728	0.06991700230867498
2.294274066835469	0.0015155115408017614	48.788417431463586	0.07087716289122058
2.297437690541306	0.0017993084490531654	48.70901015991079	0.06898089423530994
2.300718592360034	0.0014472663752212813	48.764426745025425	0.07087718624065419
2.303611987043023	0.0015796819019409563	48.7176535503217	0.06991699110092256
2.3073776333321803	0.0018765488619203415	48.64244093680571	0.06991702881141817
2.3108334809821147	0.001675276863771945	48.68964421896448	0.06991701987934354
2.313871813429049	0.0013526489865211535	48.781147552635574	0.06898090571816407
2.317148038221346	0.0018685361561455523	48.633561996934965	0.06898091824616126
2.3203961131829587	0.001202625724217485	48.834281073261714	0.06898090374746746
2.3223607474369468	0.0011017101003878327	48.87642967911052	0.06991701807022709
2.325151528365224	0.0016312391275386713	48.699217205551506	0.07186226423551376
2.32886530161483	0.0019523559513573321	48.6106255404831	0.0699170509101589
2.3321021073925032	0.0013560609417232492	48.75547466207799	0.06898093037777143
2.335122567341451	0.0016799384320445273	48.68610703635725	0.0699170317093192
2.338070039119741	0.0012815147305918525	48.83928934492533	0.0689808974131368
2.3403637473069208	0.0010358000138524998	48.934799598715706	0.06898090466446724
2.3432528009434774	0.0018719959787573005	48.666653084377344	0.06898091234564008
2.3469169037266315	0.0015366038746008432	48.736074038212465	0.06898089614990728
2.3495132664580276	0.001300232207502073	48.80548208866886	0.06831726040730358
2.3519789375743683	0.001212513728869469	48.82734181901969	0.06898089349447384
2.3545712322700423	0.0014566454880359941	48.763837426728834	0.06898090763359588
2.3578402191578514	0.0015341342618642013	48.748731871420716	0.0689809026398416
2.361036990214872	0.001981890755557893	48.612040197013656	0.0718622538167141
2.364562847928696	0.0013233832157328335	48.606702475211655	0.08278918903105727
2.367147956316444	0.0014045042218118402	48.73827218960344	0.0689808971071932
2.370269926637057	0.0016889028167673616	48.64075427768809	0.06991705864908315
2.37348334141422	0.0013985785719180452	48.727505105900704	0.06898092375884143
2.376671564285271	0.0016149046453445743	48.65087786841977	0.07087718324225119
2.3792940607790385	0.0014353009187451683	48.68998649144433	0.07087715298889315
2.382356904515675	0.0014091299618054377	48.68375975608388	0.07087714481523463
2.3849992070483594	0.0012656713056224528	48.73893595110023	0.070877185832382
2.3878006753290366	0.0014303181274079014	48.68384775296737	0.0739110493821284
2.390795850847132	0.0016259428164999159	48.65223144225327	0.06898088634979418
2.3938538055341847	0.0012878834809429852	48.7284786583501	0.06898091021983355
2.396134743974471	0.001336623985205503	48.51253089246212	0.08829136123420156
2.3994127852048184	0.0015487373980975752	48.67416580779619	0.07186226559297512
2.4019033745576372	0.0010407136209059633	48.866053667905355	0.06991701962249149
2.404212671159061	0.0012530516088495756	48.763338163721	0.06898093535251784
2.406803545461949	0.001403198811026593	48.689318490082776	0.06991704682814989
2.409434346201814	0.001222963966808277	48.75552655395914	0.06898090713639206
2.411721646225028	0.0012015073197227484	48.7582800181167	0.0689809096210233
2.4144781432627695	0.001370240551020209	48.67427095551729	0.06991698641602136
2.4173258527864783	0.001377572793094468	48.65406935821322	0.06991701267682257
2.4199427968470895	0.001364619810111416	48.65103636501819	0.07287325790865334
2.422731421243908	0.001513530085667554	48.62647804048717	0.07087719260253451
2.42556973613844	0.0014564368507397607	48.6443463389172	0.06991701413506743
2.42851451032064	0.0012815115162447847	48.68775474300282	0.0699170003794777
2.4309830245647364	0.0012044503218795514	48.713959339251005	0.06991703410342934
2.4334975707213635	0.0013031582352975035	48.551421338798754	0.08270045322456676
2.435959501092965	0.001107161672897285	48.7664182715493	0.06991704774637805
2.4384958130794594	0.0016577941003260291	48.588773826157045	0.07087717850823338
2.441744067088025	0.001479494121657872	48.615619964982955	0.07391104465485977
2.444588336288849	0.0013559613971563262	48.66107707091112	0.06898092432557204
2.4473188513706825	0.0013170613630034153	48.64105727786573	0.07186230552254914
2.4496662491470076	0.0012182409011152267	48.69737001490911	0.06898090338147325
2.452630819532172	0.0013477665062929286	48.65645179374976	0.06991702217020151
2.4550738736459	0.0014669599832632533	48.619799274607416	0.06898086931241265
2.458336613991528	0.001454992394877241	48.59276374128367	0.07186226983530254
2.4605880153555737	0.0011424456747442138	48.495289223763656	0.09027060231844493
2.4631809858484477	0.0012711277244941454	48.632207408778996	0.07287326066797332
2.4657248951986013	0.0014152316648469241	48.587252401569785	0.07186228622743057
2.4684033249347306	0.001238879396434529	48.66197674486442	0.06898092614693956
2.470836285293431	0.0010905232434087737	48.53795175464522	0.08455459822237014
2.473213685908064	0.0011978641146506471	48.50184849554363	0.0845546209374781
2.475644605996299	0.0012864341774015198	48.64991093725073	0.07186225883483642
2.478236308942263	0.0015250986195741994	48.585173924279104	0.0703797770119232
2.4811027467705373	0.0012044272957807127	48.70388832788963	0.06991702043786138
2.4833265155320743	0.0011870828598087473	48.695250939493235	0.07087720577017236
2.4860156924277255	0.0013858568752693609	48.57754531867762	0.07296718944386535
2.4885089353197967	0.0012452005223275585	48.639886114379316	0.07186228395675345
2.4913226241918673	0.0013278171037096212	48.587535935979616	0.07497680403509399
2.4937522832144032	0.001296429527514016	48.62582981507684	0.06898089324411545
2.4962595767609934	0.0010961194619409707	48.53803503482422	0.08534452903604141
2.4986510434047697	0.0012452714096469566	48.65704983598495	0.07087720401151858
2.5009267177503975	0.0012560803454501697	48.60317280237493	0.07350641949052096
2.5034542007543825	0.001167161448102208	48.51520681556389	0.08278918854200452
2.505742116768868	0.0009676224821233531	48.77987368062309	0.06898091717750816
2.5078570470673354	0.0011603839480237548	48.542797870672274	0.08455462424756645
2.510218398524222	0.0011944221950244945	48.70607724514136	0.0708771372406307
2.512560004004457	0.0011917783136890841	48.673223706666484	0.06898091237148297
2.5146993457348743	0.0009484483748158537	48.54234484755382	0.08638739323876045
2.5169191469696144	0.0013370008527477148	48.56323094714157	0.07287322960444909
2.5194464975939055	0.001234256062053596	48.544557943359735	0.07436705697550758
2.521719079753099	0.000969671607846007	48.54833693519439	0.08278921590925124
2.52395831308529	0.0013214511510192125	48.60694453585991	0.06898092913803135
2.5264248752942193	0.00104002467103085	48.545589840092816	0.08455460866526258
2.5284175720111484	0.0009556710556207894	48.58275169151032	0.08278919253836427
2.530508281740782	0.00107240711862058	48.503244139555996	0.08638739200409457
2.5326111804671347	0.0012409809510412	48.61383996046628	0.06991703008567257
2.535201975409899	0.0011533096665867822	48.63757613095631	0.0689808961010744
2.537585916822355	0.0011096776930667532	48.649278620541246	0.06898087556987625
2.5397029658812627	0.0012309844510491217	48.60840409164183	0.06991700130766479
2.5423078399864263	0.0011807366467536573	48.46547881085547	0.08455459240896929
2.5441053490900902	0.0008458080998179271	48.79861150754219	0.07087718116343682
2.5460391784915446	0.0010452295240277838	48.7096597907336	0.06991704712231318
2.5480512329000704	0.0009469124157794138	48.54911347140183	0.08638738984761299
2.550196901580962	0.0011157681192335337	48.63758735416534	0.07186230530812876
2.55211340843228	0.0009625111582273641	48.5288561721258	0.08278920952913298
2.5542940747499467	0.001121134045098668	48.633237415563826	0.06898089548092917
2.556356639648359	0.0008648541394280316	48.58607888453397	0.08278921376657877
2.558068254188785	0.0011014863072069513	48.589981664289915	0.07712671781879173
2.560108324668969	0.0008467333432830188	48.56797360809845	0.0882913620171201
2.5620128099686763	0.0010500242271224854	48.462306178895545	0.08638737293293924
2.564407142385739	0.0010772710112157337	48.40870355984801	0.09232961566826492
2.5661495643266186	0.0008707502950197542	48.5564293740815	0.08455462982419089
2.567948484413874	0.0009062994119526296	48.56203896338424	0.08455463854453237
2.5697471186723564	0.0009647285179520869	48.59211404390548	0.07999570909108882
2.571704265791078	0.0009142229983547928	48.51337549038678	0.08638738513155508
2.573626368306503	0.0010513605289479563	48.61681326788593	0.06991697844548282
2.5755565960599442	0.0008762293823056438	48.52360114668016	0.08455460363406088
2.5774978072581636	0.0008635607872573945	48.53638725160501	0.08455459890164288
2.579164655898995	0.001029560454045623	48.63141604868822	0.07186224433845312
2.5813271002246294	0.0011318784892925854	48.60964176938461	0.06898089791167544
2.5835469652218586	0.0010848845888692558	48.64329087336941	0.06831724992379985
2.5854479498093617	0.0009754494649838359	48.671902038264726	0.071862277510329
2.58768798237408	0.0009349782904963273	48.52314490412716	0.08455459743462554
2.5892373185557482	0.0009618590846512916	48.52548305211407	0.08363087847520917
2.5916125576857136	0.0012781491397038838	48.37089587174755	0.08455464865263922
2.5941025820647607	0.0012407271129547832	48.535345873810044	0.07287324483599945
2.5964284280827745	0.0009431880450924928	48.663046228020306	0.06991700815569572
2.5984896284369388	0.0011044772591797104	48.56029610019551	0.07216105579327174
2.6006559654728933	0.001142883962531603	48.378833822690424	0.08638737456191871
2.6026665390518056	0.000887927307191759	48.49052130729743	0.08278919466036737
2.604673490551066	0.0010646443493347476	48.39892473737048	0.08278921898347703
2.6066623163960547	0.000879327194221969	48.4884178557533	0.08278918313905308
2.608438398645227	0.0008027796778355523	48.525985652767375	0.08455460727435041
2.6099374076010324	0.0007972260796616827	48.544669961007806	0.08323256841043572
2.6115238482393006	0.0007783494893760103	48.541392442450196	0.08278918232802358
2.6131736905653686	0.0009155832148385865	48.43927702595364	0.08829135944623245
2.6151056920093207	0.0009767096939823805	48.433080034533205	0.08638740160121178
2.6168737088590945	0.000790081059625878	48.56131566259143	0.08278920300645135
2.6188061988832696	0.0010398880438910612	48.44168357318109	0.08638740207705822
2.6209811175604028	0.0011067074850221936	48.438780428956676	0.08323255486070116
2.6232794768477943	0.001101541866322655	48.429664815413595	0.08278921341598977
2.6254595092419524	0.0010850436237217114	48.37390020566203	0.09232960562178646
2.6272498007152802	0.0008428568304859473	48.49904820133601	0.08455459610268415
2.6287129576821804	0.0007699460005077101	48.55793678393296	0.08278918983609906
2.6305909322451173	0.0008966463756419315	48.49234958923124	0.08638741423052852
2.6321996090402062	0.0009151790126196733	48.58253993423025	0.0768446749531641
2.63396941942498	0.000839586736730076	48.565611927887176	0.07717447282081842
2.6359727666950237	0.001149665713103423	48.30115752857515	0.09027059277027386
2.637912032836871	0.0007172182363810838	48.527404470650005	0.08455461268743517
2.639192120316258	0.0007335659267583443	48.51550879248073	0.08455463808830369
2.6409631345651334	0.0007907053517622459	48.49205003866195	0.08278920170601385
2.642625275635611	0.0009137231379947229	48.432466795621394	0.08455461219244995
2.644436014833426	0.0009352387223931268	48.39275782037734	0.09447322273781014
2.6460904997403922	0.0007600512512638211	48.54278441135684	0.08278922017871015
2.647713153527066	0.0009350221720105216	48.45480650670486	0.08455463748594612
2.6495244766736685	0.0008611526424898734	48.504571471814906	0.08455463263260407
2.65122901286795	0.0007948347227365446	48.55211769130946	0.0863873950141179
2.6528170427391915	0.000903052704396572	48.50921224058022	0.0863873936498264
2.654802538300739	0.0009200923480466138	48.46890976136445	0.0845546281456981
2.656698076257228	0.0008115864364258922	48.4929195788976	0.08278921391663417
2.658330691414409	0.0008914525395696193	48.436080677281126	0.08455459101601283
2.6600296434769057	0.0007846857515879148	48.48372202518844	0.08455460345822068
2.6614352883014556	0.0007466634979942176	48.51755275014785	0.08278921002828846
2.6628170664457946	0.0007734956804405433	48.490926767195575	0.09027062196660145
2.664608796711852	0.0009288383118004313	48.455370356731365	0.08638739298679521
2.66630993529011	0.0007640354551178999	48.54008689750562	0.08455460484154763
2.668173482895689	0.0010778675280339691	48.38233466345452	0.08278920745767035
2.669931560641879	0.0008669436928356426	48.55893623929919	0.07684466171829056
3.270482047975776	0.0008908230462139038	48.025358746298615	0.09560468703474748
3.273190264153521	0.0016441155881647906	47.64434705067658	0.10099787771432987
3.2759172869817816	0.0011311206279875743	47.83599305105611	0.09771644837659846
3.2788569707556987	0.0017476180310440892	47.619046614160176	0.10202915535939645
3.2812825708312836	0.000744772290901322	48.0355759914964	0.0977164547884518
3.2836989329927326	0.0013578973932619018	47.78101364540487	0.09647681479219807
3.285997131293246	0.001227999290822323	47.81361733504413	0.09865331302017795
3.288474553674592	0.0012209654443585806	47.80236526400129	0.10151081127067939
3.2915561102237665	0.0019396936238109265	47.81988681625287	0.07954646877083768
3.642365192802964	0.0012972681304090304	47.443638853498626	0.09963687912027029
3.6452664007372184	0.001020158991159448	47.509793765813306	0.10205910721170726
3.6473075252576446	0.001068809725212846	47.47392185847659	0.10049751739452802
3.6494609829654974	0.00106354433743525	47.448063186693616	0.10049749135286147
3.6513130717587265	0.0008472020587795274	47.53278732168307	0.10259092068366116
3.653610481963287	0.00136943721192099	47.365964672620876	0.09818932578604721
3.6556626176683404	0.0008387595085635464	47.57370773772087	0.09914938181047914
3.657277334783253	0.0006789616996712344	47.690453999969655	0.09866690246857071
3.658825010299091	0.0009367661625033687	47.540080814710514	0.10049751183639
3.661036210496008	0.00108734355435271	47.48390722506847	0.10062681382160356
3.662994023312414	0.0010823705770464265	47.46988273355778	0.10049751577563042
3.7111653398972417	0.0005997320677532793	47.6769342806992	0.09648895755982552
3.7129646124732463	0.0011485681971050677	47.39072455666801	0.0956046650103568
3.7153895701568875	0.0016447011946296246	47.39191317761592	0.08112703981156687
3.99296655838369	0.0009644410554620208	46.97511350954224	0.09771643113031112
3.995144607640268	0.0011995180496306246	46.86766912624111	0.10067847305378366
3.9974227259095003	0.0007875441577141432	47.084901475679274	0.10033193973358999
3.9987928017400267	0.0007612769510204121	47.11961888241318	0.0999879079516281
4.000407288831766	0.0009480486604668684	46.97765832549881	0.10173338713627261
4.0016548828407785	0.00037813353208896757	47.349278689013076	0.10102758164213715
4.0028134784037945	0.0008249639424946544	47.01556011037536	0.10033194247076044
4.004533190451996	0.0006573648512379946	47.1318396784945	0.10067849142870679
4.00601199505182	0.0009125072256920167	47.01433046705823	0.0999879017289774
4.007916866951291	0.0010482756499551732	46.98394647209598	0.10137917321404158
4.009762817941516	0.0007886750483681471	47.13183017731714	0.10102754906903737
4.0116142584262215	0.0011548807344510849	46.91309619203237	0.10102751955249813
4.013759601415695	0.000781450219715409	47.021304281632794	0.10067847301419643
4.0150334032530015	0.0006416619196041853	47.10445418893545	0.10102753767919333
4.0164038040124685	0.0007767068136649067	47.04974243540046	0.09803572030581312
4.017902186708925	0.0006602000144036432	47.10575214055751	0.10067848033059988
4.020019766896308	0.0016310510734927888	46.93508815657532	0.07990328622645065
4.099942557915955	0.001093113238320584	46.865345719427175	0.09998788007209451
4.101810127763471	0.0009382990297298856	46.91836601106092	0.10103103130683116
4.103600566107429	0.0007662388613296941	46.97678830882101	0.10138382762467427
4.105169324024007	0.0009124504250667371	46.89691532348603	0.1003330587038089
4.107612927264665	0.0012776660452562616	46.760114963114916	0.10033307355592382
4.109821764214019	0.001086956065545531	46.84116286211937	0.10033304519937221
4.113024488967004	0.002011577061421069	46.84051837936135	0.07607431655936571
4.179304100451601	0.0013187328469528783	46.61229844763275	0.10208795121202272
4.1812578841262145	0.0006095234560101064	46.942231246637206	0.09998789688303408
4.182672939918715	0.0008723619712697376	46.77470670518281	0.10067776618120426
4.184096033186547	0.0007142401231720845	46.85480767815835	0.10033160272060593
4.185800563436562	0.0008197035718985259	46.78971433320794	0.10102646134088786
4.187570902094306	0.00093959714079465	46.73260438722716	0.10102644439118336
4.189246698506262	0.0007978769226488805	46.80537236329361	0.10102646276115818
4.19071052800933	0.0007033894633595626	46.9549487366823	0.09104834743315399
4.245676615502778	0.0008354046949369077	46.78086088630088	0.09804036243167442
4.247703356819431	0.0011533880242264212	46.61360945428491	0.10033696331964848
4.249434298737348	0.0006411904277705869	46.849119926670205	0.10104284594487212
4.251064645120136	0.0011311892355365008	46.58884139134845	0.10175925703576216
4.253309355121035	0.0009532394996594837	46.65357430967558	0.10139970088385405
4.255240964779976	0.0011466795791099875	46.43825030403244	0.11796729527772927
4.3115290562383155	0.0013315192933998242	46.49469046580025	0.09621293828049585
4.349803045804802	0.008199187197799846	46.52038648851411	0.11581232759750372
4.359118714952148	0.0009131561175094278	46.59068105907399	0.10049153903872386
4.361553309766338	0.001475560909610835	46.45980385162835	0.09294449008984079
4.544514236809989	0.0005416989663649923	46.48082244195503	0.11619432509527634
4.545805149806613	0.000722369881212156	46.35389195295842	0.11779881020571406
4.547790674818538	0.0009408443078327746	46.25324735495165	0.11779877564491323
4.55009282360944	0.001724653502669467	46.23287889015703	0.09168006886220856
4.576442411054789	0.0011764696673604354	46.12437961552445	0.11657946168021664
4.578493809159866	0.0008202740696540275	46.27846486844468	0.11614126234842764
4.5818655771420405	0.009454486115362922	46.28071296911254	0.08545505749698222
4.63158128311062	0.0006649374234379128	46.37863833900546	0.11622746856137849
4.633694915304079	0.0013344344089589637	46.34071713379588	0.08715683103323589
4.679060526271417	0.0012318831079462834	46.24585719767873	0.09229530886906204
4.702720806364571	0.0019474117941282864	45.958367824750894	0.10121315160430035
4.761944584419031	0.0013133585942582725	46.03207790863142	0.10265438123351973
4.861482426670721	0.01563934690125949	45.856056034705844	0.11084508691268893
4.928642805204633	0.013004903851940652	45.71426383666635	0.09302643486873569
4.985539681388412	0.006562889756981648	45.82157575507675	0.09426841941526257
5.022312482042441	0.0007797253308161165	45.85606407707046	0.11764409443193448
5.124614677469072	0.041252700248820204	45.667997314141104	0.0671467673160933
5.23286682367897	0.0073141404129493355	45.56813470607951	0.07661414434565209
5.329313747139509	0.023374626137459362	45.396759868957034	0.09473919697254027
5.368572191687534	0.007209629887521163	45.19051514611371	0.12302355727782101
5.43519017109599	0.006158064875616654	45.21683625054773	0.11490166319989613
5.524274415871419	0.0038482911568553367	45.301355778633074	0.1119713975392607
5.578288888470538	0.02027449205088943	45.11525761258577	0.09130847769621957
5.790326661577124	0.052317349938470516	44.55593241997064	0.12435282301279618
5.859577135412942	0.013028849946673766	44.63126139430941	0.18099240408055547