-2.021701356915063	0.4136140458657998	51.630105146414756	0.07784888937473494
-1.558590489274603	0.1423916133755411	50.97351709737394	0.08385117312237321
-1.3395988824370575	0.08599888172866241	51.49712676273605	0.07470258729424423
-1.194701297705874	0.06160205771223835	51.51641495059494	0.07715959483895378
-1.08624177848837	0.04798833700194272	51.457838883362115	0.07676349830115738
-0.99952804330357	0.039302661855087045	51.894241579404664	0.07536929706115023
-0.9272798836090222	0.03327927106952713	51.96471167414891	0.07525100504570909
-0.8653538636554154	0.028856774469055508	51.568861280125155	0.07787752209275743
-0.8111659559952096	0.025471814164090084	51.26594581746487	0.07453185361989609
-0.7629954080869951	0.022797610512999486	51.40075321483077	0.07556752133552326
-0.7196382659466034	0.02063156571459849	51.62604110696638	0.07612027328988841
-0.6802194743784324	0.018841409816837597	51.66027229128105	0.07563569457493646
-0.644082654152446	0.01733710485148573	50.97605954371035	0.07529365606765277
-0.6107230980850135	0.016055248048118642	51.16946097070288	0.07302349773645893
-0.5797442608444275	0.014949896376756769	51.628147942072836	0.07240230869171865
-0.5508287775467291	0.01398693958883527	51.67851983869123	0.07273683635510601
-0.5237189046035516	0.013140528308599644	51.99531967477544	0.07234205109341252
-0.49820237097157877	0.012390712851590963	51.94246241509444	0.0726817198932192
-0.4741021681913668	0.011721848115539025	51.96908643397108	0.07288630978325092
-0.4512693308336674	0.011121497086325071	52.028077986084476	0.07393226663395384
-0.4295772287782619	0.010579646343671825	51.79836593564312	0.07232084221062103
-0.4089172235972099	0.010088141035096181	51.673551697646	0.07294449103934299
-0.3891955741880572	0.009640276618804582	51.89309679916237	0.07145918836607104
-0.3703307602053933	0.009230488419610541	51.79875887317495	0.07157450325238494
-0.3522513668250509	0.00885411764964374	51.47294510636342	0.07207886793098527
-0.3348946487826798	0.008507237754742722	51.545701186273945	0.07183887341411704
-0.3182049979786149	0.008186512316493522	51.937204565894035	0.07202772385927686
-0.30213305457176715	0.007889091190800088	51.933203154780244	0.07130876880043051
-0.28663474406045475	0.0076125238385397935	51.72475994791123	0.07054812024255161
-0.2716704828699257	0.007354690550270386	51.735166896515494	0.07318748567560927
-0.2572047090671772	0.007113750524522287	51.77156568430862	0.07092451087099846
-0.2432052999697195	0.00688809647982279	51.49863852339257	0.07325498203064339
-0.22964308278295917	0.006676317845573732	51.25008073546198	0.07516941007411881
-0.2164915947241171	0.006477173289869381	51.37552998461807	0.07487435713517303
-0.20372670636473045	0.006289565263626177	51.59207426399911	0.07354463690921392
-0.19132630047053442	0.00611251899940929	51.56187825327054	0.07319025687816498
-0.17927017399473233	0.005945167507721491	51.68202926833335	0.0720447975291199
-0.16753969135639177	0.00578673524463275	51.67628354623328	0.07619038142703452
-0.15611773888045802	0.005636527892393293	51.73510182624936	0.0728670797555323
-0.14498851834269408	0.005493921376153434	51.30443933492156	0.07474375933189877
-0.13413736760639142	0.0053583526090676395	51.17721417423953	0.0751152538149496
-0.12355074446382547	0.005229313346480985	51.68291313380728	0.07428273014648601
-0.11321607324159458	0.005106343131854079	51.48054482325094	0.07308784421291613
-0.10312161035062359	0.004989023296702821	51.578640234244496	0.07343294823696611
-0.09325645686044587	0.004876973305263506	51.824586961646524	0.07276436723755532
-0.08361043982574895	0.00476984604207243	51.68718926049375	0.07426469661884987
-0.07417400747751868	0.004667323773436985	51.35077868815832	0.07424694591799592
-0.06493825894139599	0.004569115963354707	51.637294411884575	0.0741495094230762
-0.05589484915133247	0.004474956012877085	51.63695058286038	0.07407840647110205
-0.04703590431421922	0.004384598448892398	51.670079949623194	0.07406870320486257
-0.03835407464455631	0.0042978177602165865	51.30967362255584	0.07628655634438643
-0.02984239180538628	0.004214405435173458	51.09972899788367	0.07526409124507592
-0.02149432677759827	0.004134169211742758	51.54978312591857	0.07635195765963239
-0.013303719743108566	0.00405693118680591	52.04494673056965	0.07388439511112423
-0.005264717155902765	0.003982526173724244	51.91728244155212	0.07642415295718298
0.0026281799618234625	0.0039108012165391835	51.912347185464554	0.07900103958446282
0.010380176310995137	0.0038416141755364033	51.59490177572166	0.0770169533744471
0.017996236695379697	0.0037748324944223335	51.39937146751503	0.07446541516134467
0.025481035645679828	0.003710332973609315	51.46758102445423	0.0781227556152148
0.03283901027257896	0.0036480006857818287	51.84942507386959	0.07804852451137766
0.04007440815433505	0.003587728028066283	51.84052714664855	0.08144104432413907
0.04719122561684658	0.003529414746818218	51.849529978567546	0.0781339418722513
0.05419330741370165	0.003472966659950633	51.19933940711168	0.08004952372706177
0.06108428438405844	0.003418295766834606	51.289222638299094	0.0810769641971951
0.06786761738546204	0.0033653195169967656	51.396977581025276	0.0828652534802225
0.07454663737062595	0.003313960168531097	51.61156661388438	0.07799014915070197
0.0811244944501463	0.00326414488245974	51.49762424017662	0.07683689582648898
0.087604197874175	0.0032158051301244108	51.511879312771406	0.07824185299174853
0.09398865263948541	0.003168876172273176	51.65109354969974	0.08318736315417628
0.10028060927922	0.0031232972031281217	51.27072809682558	0.07918410832217025
0.10648270061532222	0.0030790108617516467	51.17997767675983	0.08017480801133187
0.11259747552450572	0.003035962801753112	51.47432039597773	0.08180120606201553
0.11862734969131383	0.0029941018657109694	51.68184202058975	0.08434984257778864
0.12457463967715615	0.002953379675892138	52.006451410882924	0.08594364916536952
0.13044159432127345	0.002913750273206193	52.44997307365009	0.0812738240021506
0.13623033802922102	0.0028751703657999683	52.033941005020964	0.08401943843776595
0.14194294542187402	0.0028375986977163432	51.736205101769514	0.08008724252058709
0.14758138505130053	0.0028009963089071378	51.3822359311917	0.08767616255109507
0.15314754988446022	0.0027653262211020076	51.17500789553057	0.08465137040826867
0.15864328553697815	0.0027305531598894118	52.0223536051085	0.08244001333727279
0.16407034411985388	0.0026966437579004246	52.13634329831441	0.07825899407198622
0.16943041296820027	0.0026635662824151017	51.275507311155835	0.08555545398207996
0.17472514132100958	0.002631290393937157	51.32784545780264	0.08206302251464559
0.17995609538955692	0.0025997873496474123	51.66875649828924	0.07964067641930653
0.18512478555629408	0.0025690297646820503	51.78756083862293	0.07923039723627301
0.19023269169748114	0.0025389914001613984	51.64094695410573	0.08109180879537116
0.19528121198619253	0.002509647407211563	51.522693248806966	0.0844169960850044
0.2002717261407696	0.002480973899653178	51.768142139264256	0.0851869071296739
0.20520554475689046	0.002452948198312603	51.81799053327546	0.08660419010566195
0.21008393434642558	0.0024255486354398384	51.505856112884175	0.08955664256669901
0.21490814073917253	0.00239875438049083	51.98955419963784	0.07949486627994322
0.21967934733478633	0.0023725456326510273	51.76280534334977	0.08191852877474529
0.22439869903043075	0.002346903445418572	51.06423919993897	0.088553740730146
0.22906732463173585	0.0023218095700427424	51.89279096416914	0.08123221997740197
0.2336862962414188	0.0022972466417939307	52.52715195610114	0.08514930486732951
0.2382566521867887	0.002273198021521308	52.378917677546454	0.08482036909044856
0.2427794185371619	0.0022496476539596638	51.50308011429392	0.0852527735795855
0.24725556959011663	0.002226580247278649	51.91630410622248	0.08458942454232632
0.25168604989275334	0.0022039811290681323	52.82138992776494	0.09115525827642909
0.25607179494788035	0.002181836117288336	52.268483586680574	0.09408396641090602
0.2604136863191434	0.002160131724913173	51.64677201636789	0.0910325786978392
0.26471260501470795	0.0021388548681869233	51.64274138742647	0.08575385050266628
0.2689693870755626	0.0021179930686269096	51.46647688564992	0.09444307807857671
0.27318484425899725	0.002097534328681027	51.763087012643496	0.08882715962484151
0.27735978354404744	0.002077467019930127	52.06032598591909	0.08709897551015586
0.2814949703426567	0.002057780044168572	51.70295579854185	0.0923698482963825
0.28559114846702205	0.00203846271881463	51.39050488550607	0.08925520889101488
0.28964905899051785	0.002019504673674028	51.55927870849965	0.09108520813187249
0.293669404404995	0.002000896005269434	51.83504653196	0.08838634263102055
0.2976528679267578	0.0019826271707895156	52.11169353305434	0.09415631104932268
0.3016001317610556	0.001964688892353966	52.23298741065029	0.1004439852813306
0.30551183636289214	0.0019470723308170823	52.464110639024085	0.08490397673865327
0.3093886281433731	0.0019297688571656589	52.19900097323499	0.10749432823476283
0.3132311191527719	0.0019127702235552544	52.278800341653714	0.09109838825040657
0.3170399053883298	0.0018960684693201462	52.34823620886994	0.08560085020970588
0.3208155841562117	0.0018796558358473016	52.29620905119475	0.09122289667907275
0.32455872056059276	0.0018635249040206761	52.43757234377067	0.09773964668800614
0.328269865266404	0.0018476685064108672	52.547279369920176	0.10396425879986201
0.33194957136717695	0.0018320796475925136	52.21526631911428	0.09382912510550902
0.3355983616811128	0.001816751635744415	51.75847188811663	0.09105020050451465
0.33921674600387053	0.0018016780003698907	51.86667328882556	0.09695740075895076
0.34280523751319714	0.0017868524174917536	52.148929243569846	0.0907778760625488
0.3463643208377717	0.0017722688356861202	52.08870552694243	0.09258057502324066
0.3498944688314879	0.0017579213987773915	51.942325172295455	0.10031454835977438
0.3551364696927619	0.003473661118695714	51.19597348523206	0.11076380602179402
0.3603159526520918	0.0017162397991176504	51.14401211095919	0.11047916893828096
0.36373494069560197	0.0017027817265070015	51.38713903032974	0.12611457400087178
0.3671272177890207	0.0016895330970162967	51.84374915853597	0.10464345101645109
0.3704932080130723	0.0016764890205909079	52.06582639416677	0.09297512845576787
0.3738333107129893	0.0016636448151992034	51.875925493089376	0.09765063585848763
0.3771479161283934	0.0016509959406150595	51.54783460434215	0.11498581364574322
0.3804374203177002	0.0016385379378183438	51.57845692589491	0.11512587869385844
0.3837021957940878	0.0016262665369222063	51.845144106004525	0.10960839905978768
0.3869426067687227	0.0016141775944538076	52.11526037129557	0.11163782425422435
0.39015902372101696	0.0016022670358590777	52.29171548963809	0.10421607159619839
0.39335178992883835	0.001590530976439226	52.14430868798264	0.1157131306433585
0.3965212600459308	0.00157896557503676	52.141941182403365	0.10460850281841297
0.3996677669343527	0.0015675671529889073	51.86659192749268	0.11580411476770887
0.40279163630710546	0.0015563321366048402	51.70269404840729	0.10646424354501413
0.4058932007470727	0.001545257004290663	51.33423550678438	0.11980995754256514
0.40897277197890847	0.0015343383833800073	51.45361824655457	0.11447264798865654
0.4120306551750078	0.0015235729954013325	51.59309645097569	0.11562738883578041
0.4150671626647603	0.0015129576056885027	51.38965135280504	0.19365653326521917
0.41808258677601573	0.0015024891164474152	51.81153245893878	0.11762395690927296
0.4210772138205028	0.0014921645146002524	51.67348898028975	0.12827064241906033
0.4240513375077195	0.0014819808236953595	51.677220226801055	0.10923123436512797
0.427005232334016	0.001471935193407927	51.62694310865181	0.1001608521713148
0.4299391672623203	0.0014620248497707203	51.22301204037908	0.1694950323400075
0.4328534188539672	0.0014522470492164038	51.416460770702386	0.12593633607299873
0.4357482408852775	0.001442599178979891	51.523789674793626	0.12187963133886459
0.4414806403232844	0.004271048823266305	51.61476936732886	0.09784379558009323
0.4471383591367092	0.0014052563694067044	51.941062683096185	0.10959322953335095
0.4499398183795038	0.0013962207988207414	51.87435708636204	0.12424011910965024
0.4527233181603597	0.0013873006936105496	51.97439958697215	0.12483886934708761
0.4568654069166296	0.0027482643880472	51.96393583953058	0.11814986902705164
0.4623274426275509	0.002713916457292706	52.09789098391661	0.12188228660003433
0.46772163575637116	0.0026804164925585904	52.234015707520875	0.13078668332875373
0.47304965293221546	0.002647733463405638	52.37221026866117	0.12615846710299333
0.4783130962644544	0.002615837858662343	52.32033858488759	0.11231336195079746
0.4822192321718404	0.0012962079757472022	52.34199459214802	0.11348446903676951
0.4886523906100385	0.005108595568253694	51.894845064588814	0.1123482896387206
0.49624846528376887	0.0025100100012542276	51.75753891631907	0.12098960193042307
0.5012396926432561	0.0024813282760675066	51.685605120221254	0.11726908772042337
0.5061742101779192	0.0024532946234645235	51.54512687242051	0.12239420737275829
0.5110532884922443	0.0024258873439139705	51.46256816438544	0.12307149401675269
0.517076052352682	0.003588716272534413	51.254869549511746	0.1610794216852503
0.524194821187198	0.003530371066116066	51.46325589410601	0.11502002821917622
0.5323552034016751	0.0046195397610554936	51.34054621274863	0.12712874836802082
0.5392298155232006	0.002273495514566694	51.58668318893101	0.12078143273589255
0.5482298935168975	0.006680597065419698	51.18228951498803	0.12617815696390847
0.5613896771435077	0.0064812010667718465	51.03223798177671	0.11949554000870469
0.5741624001575696	0.006293362844989397	50.940307720408555	0.12358096945199183
0.5824735150727248	0.0020580238441273934	51.316683768274686	0.11934104286872031
0.5875883368694145	0.003050892037282956	51.24451040340245	0.13764672486238047
0.5936476538367967	0.0030086212765750744	51.431085081511185	0.12363647367552077
0.6064931548002348	0.009736452888222667	51.460327666198154	0.11657093539832225
0.6180224978724905	0.0018962754362140486	52.078293324525326	0.11164247606515933
0.6227374995837223	0.002813699262248534	52.01680505091992	0.12043698803319006
0.6301766189064794	0.004609855444195707	51.58986280277027	0.18154709582868794
0.6392998297499415	0.004514026415218659	51.737583070772686	0.11416555221630253
0.6508805146191953	0.007032397225955824	51.47213111630127	0.1251513656134706
0.6731547114905454	0.015031825142043475	51.11063761004926	0.11000758669365608
0.69114896001642	0.0032048296719100456	51.19452349673884	0.1246573819048902
0.7068845628842504	0.012363155774446702	50.95803093113977	0.10750438109615632
0.7424750421903559	0.022780794043447967	50.702722911096174	0.11404711879762522
0.7687181257125868	0.004020934940969967	51.44610092364599	0.11977109166454053
0.7806164433627709	0.007824538364060331	51.5056176498232	0.11599308329339675
0.7940979547183722	0.005689033305659339	51.755421899482144	0.1222758484543215
0.8053295275103571	0.005543791694645138	51.54280066992341	0.11106192259036905
0.813868701292024	0.0030199185140118937	51.435814689063335	0.1232725567645306
0.8180761405354937	0.0011963211387562226	51.52077713635659	0.1254233383377558
0.8216503554412307	0.0023730317967444593	51.17870577175802	0.1454229152298065
0.8251953956211207	0.001176870079600623	51.38135174090429	0.11763747738795775
0.8292950298497672	0.0029145324567152833	51.02296818292336	0.12562683427674867
0.8350853223498702	0.0028759319364610003	50.865502384435665	0.14235190336547798
0.8407994302713471	0.0028383405096983876	50.86195074286825	0.11895040218705721
0.8453171949030818	0.001685380564415401	50.85922404961352	0.12206730818805095
0.8486749424373761	0.0016724002887177764	50.81132637179069	0.1491480375019924
0.8520069285952867	0.001659618424986804	51.11419669586402	0.12146452625327879
0.8547641881819446	0.0010994101168412746	51.3842864699739	0.11829817597819776
0.8591397125984594	0.003265167456982849	51.26717369835521	0.13768614607642957
0.8656214370025863	0.003216797591684757	51.70752201086563	0.11983138717056609
0.875166172131363	0.0062937428640480395	51.828370763654455	0.12030807789417527
0.8834777849005917	0.002058145756687822	51.78962142656307	0.12642340823697645
0.8906222062863558	0.005061412289903835	51.29888561063029	0.1508261402505494
0.8966538219286304	0.0009983207438647888	51.57879720137654	0.12051991766572291
0.9035864390846422	0.001965022257000415	51.29781428224913	0.11703300825704556
0.9089569075688209	0.003396526865018444	51.08986284663333	0.12028737611593222
0.9161748646672863	0.0038177636965568943	50.875965223265155	0.19040625723099933
0.9223348371063418	0.0023524970570463935	51.26933671079129	0.12129110625326622
0.9321046071353212	0.007360533558405315	51.040756732990886	0.133768917439117
0.9465816763540129	0.0071192169517468274	51.17069804871249	0.12632499875126513
0.970810348751288	0.016832303923396002	51.21096714810563	0.1198085051625919
1.00323392495644	0.015621401255489602	51.22139931868265	0.1124585395164601
1.0245710442652547	0.005948984809356881	51.233251053078355	0.11744339735182681
1.0612722454712684	0.029726304949309598	50.6397700665881	0.10714542129819248
1.1169924847922206	0.026146929108572664	50.06750253449543	0.12084739966078993
1.1429491254639812	0.0005662064231469126	50.63029594812594	0.1233838531099047
1.1557804406934313	0.012093893987789893	49.977511210144485	0.11650736601738994
1.2123941791026955	0.042463169793456386	49.94003255655466	0.12528902910093412
1.253346875608772	0.0004391137552731507	51.145877388734704	0.12645636773304383
1.3188468874972257	0.060422266545668436	50.413836435712604	0.11468440647432833
1.3829779004383416	0.00749331263951039	50.305074262291605	0.12097922945653772
1.3913670519070707	0.0009586898294412715	50.656537384708955	0.12635356802246173
1.393598253609211	0.0012717028803719596	50.270244661865824	0.22489168108857396
1.3955016308917998	0.0006330707994009042	50.76740720683428	0.1148741339862934
1.401786641072433	0.005615776061769055	50.291320084794734	0.12559741234675162
1.4101296528438851	0.0027544619271816814	50.56947093389177	0.11992292262774192
1.4160570198940627	0.0031699776221595383	50.60619830911758	0.11743548015943474
1.4199641262000766	0.0007479969029797118	50.929337341607464	0.1239687500708541
1.4266444554087172	0.005892633867228889	50.54405855445795	0.1257119975121865
1.4353946612260726	0.0028875482907416046	50.81702988152524	0.12199463487917153
1.4442550589864156	0.005941391259394086	50.54262000124438	0.147785957310114
1.4525221132877526	0.002359504063756543	50.808047835266976	0.12049847888112857
1.4702006337759248	0.015058153893010209	50.18526024369125	0.15371809082546922
1.4994432222067338	0.014202197595408752	50.17918620807857	0.12219653258364217
1.5137798992486668	0.0003616057078182569	50.88580741587389	0.12512882230469374
1.518932230389413	0.004764547736087651	50.176580924166586	0.15546767967777048
1.528358288764758	0.004662250713994373	50.240608366137266	0.126579596365693
1.552611343486086	0.019179259105439855	49.986051500325395	0.11755196631695142
3.1934546211569494	0.0017376950777652294	48.06093809598736	0.11744681903326476
3.1966971050829294	0.001881549772603756	48.01330802663484	0.11744683446332094
3.2006154522958745	0.0013985341053340203	48.14899983363071	0.11835433247220824
3.2046101708670593	0.0023095485320869255	47.96331355735024	0.11327831770047773
3.2084987394658224	0.002136323671271447	47.91938725028443	0.11700132191632218
3.212606081184759	0.0016627917356760123	48.048941604187945	0.11197377766952499
3.216287389615733	0.0017986218336020691	47.97120804072366	0.11700133845742118
3.2201663911590854	0.002079753065700908	47.92444020263038	0.11789781001373675
3.225244286699475	0.003230143187064129	47.74839655760066	0.11835431896813148
3.2311237489683737	0.002317600787403167	47.880605511583376	0.11789781064043049
3.2352821252128563	0.002152063781121718	47.917555286638375	0.11589259484908994
3.2386584814125037	0.0015659205036964846	48.05277412534508	0.11589257677118438
3.2427147340439064	0.002397637862557375	47.83098900132873	0.11881647998436025
3.2477138872006064	0.0023701413448148703	47.87360379102891	0.1163130739919507
3.2519386624270403	0.002209142426204793	47.89390657794859	0.11789780609054365
3.255569461296139	0.001506117070133785	48.037665701802474	0.11835433458030206
3.2599288996898768	0.0018977948537276166	47.92187792645466	0.11835431413522449
3.2622810972544354	0.001617879430207737	47.98808158769821	0.11744684560879855
3.2666125576173437	0.0025362029838873167	47.79045066852731	0.1178978044638167
3.2721743368876868	0.0021085700902692896	47.8840471408369	0.11589260690479884
3.27626701119303	0.0023499114561824656	47.85282508908693	0.11443153459725616
3.2797741387566743	0.0016834909142760819	47.94460553513898	0.1197581755348275
3.2843208594253257	0.0023067347083017115	47.81522643777137	0.11744683634274777
3.2886512863120014	0.002030070369636058	47.89446011390001	0.11631309841536015
3.292597098144458	0.0020117095637263455	47.88797758112995	0.11789781779112919
3.296875180312692	0.0022409579456210012	47.844414175703776	0.11700133067880043
3.300934080670292	0.0018501339945722404	47.92216432075069	0.11673854983315977
3.3049423353689527	0.0021997644253439453	47.820893350295655	0.11835431338471904
3.30858249079942	0.0013330960687786913	48.04157508137652	0.1183543256643553
3.311263974592144	0.0016861717835777482	47.93995036049865	0.11744681650163381
3.314823348913639	0.0017919005994478	47.94727122317684	0.11342386386119409
3.318557047024376	0.001539670782907108	47.947822945241576	0.11804554057206829
3.321512188502697	0.001882132483551913	47.85785542649711	0.11631306787062139
3.3253779884398385	0.001632254233506732	47.928342641947125	0.1144315427384649
3.3292187148922356	0.0021957245207768305	47.76483358740643	0.11835432076240522
3.33309777234571	0.0017180646073200118	47.89581140388175	0.11716907674546673
3.336959332354115	0.002724524369707646	47.69230575395569	0.11928441175509817
3.3418496485875244	0.0016837887948312337	47.92234901454637	0.11789781044605314
3.345061697427445	0.0015599263519440539	47.95055412555846	0.1158926034758461
3.348477383922311	0.0018793633334420533	47.81354954406645	0.1188164953567692
3.352838740460655	0.0024075327553141294	47.91827351090112	0.099948409813389
3.621892050793637	0.0011191917908475824	47.48282006090873	0.1174573106355682
3.623831633213135	0.000996911257363011	47.520691418466235	0.11745732103951124
3.6260309353830213	0.0011669384549982907	47.43449392561165	0.11791903487397729
3.62808591110156	0.0008710665819578335	47.54010455734168	0.11838653758094686
3.630055731167908	0.0009827259001838854	47.50253846439183	0.1193394464012967
3.6319535349769874	0.0009208923044260608	47.56145218113095	0.11745730810685694
3.6337740526131035	0.0010889865458011292	47.48687894358308	0.11791903961509498
3.6357927077271026	0.000798680505988763	47.59679951323018	0.11745727395105578
3.6373623369096726	0.0008526581091751569	47.560093770712754	0.11591215841769378
3.6394060764394274	0.0009618165501926932	47.49905307508085	0.11791901228289817
3.64164475335092	0.001125707276183183	47.44806566421412	0.11677858096682309
3.6434545543305763	0.001233137504978404	47.39570959716043	0.11838654310266034
3.6457246873990603	0.001003676653872432	47.498990604157164	0.11886000387321001
3.648589789188964	0.0014955934840193328	47.37211967262608	0.11308970571584698
3.650785873894981	0.0008818130157554194	47.530838915939995	0.11791900853860099
3.65243076076973	0.0007137632030968546	47.627014582161976	0.11700132184180254
3.6540890309946676	0.0008204426574917749	47.61360794225004	0.11506619805109611
3.6554946604716254	0.0006542332164846403	47.69898427184791	0.11745733612516568
3.657094286581883	0.001032053664442952	47.48063731295408	0.11745731032054797
3.659186104144379	0.0008649206670253298	47.53087201712282	0.11791902679889484
3.6605354698568653	0.0007544712488176851	47.60422400251947	0.11791900350751812
3.662406788785145	0.0008585302261911692	47.56460623959656	0.11885997117100305
3.664568686443267	0.001334796371402329	47.37083208549499	0.11885998001142382
3.6669709370843324	0.0009557571873626475	47.51108460122244	0.11634273291095495
3.6686397722658204	0.0009520916085830643	47.49662225764322	0.11791901887081106
3.6706555916749104	0.0009476616265029831	47.51554028856749	0.11700133967387043
3.6722690185328184	0.0007868070544827555	47.59161679638531	0.1179190052377047
3.673891980419872	0.000783872237478121	47.57199160679575	0.1179190186502606
3.6754097580101086	0.0010415028640687913	47.41789908980242	0.1193394223005141
3.6781185134271843	0.0011385380454647463	47.405574426178646	0.11591213899393082
3.6801735839071825	0.0011331632390459978	47.414097622158174	0.11677858860928532
3.6823224625210753	0.0009225630302466334	47.47832119262611	0.11745730511405872
3.6840223122366544	0.0009700056290862708	47.47096799129395	0.11634273086834138
3.686268120473659	0.001361119653176287	47.63836842034362	0.107889318813084
3.831447808727128	0.0007998678707407486	47.25322519207834	0.11700128948581864
3.8328599862889905	0.0006160817385700211	47.54115580256156	0.11730515742015117
3.8348985189824725	0.0012985096305911973	47.222511334699504	0.11730514160331283
3.8373515864337366	0.0011835949656399025	47.229219777192554	0.11886367392111827
3.839815682939865	0.0012838621281230196	47.449553065362736	0.09834033421927846
3.9736638757652485	0.0007599344712196456	47.33220424720514	0.11766186521919095
3.975094785422319	0.0008357908050741148	47.28745396239979	0.11799668941740395
3.976572470696538	0.0005726557032403861	47.40131208179615	0.1153757312550823
3.977639294417495	0.0005712507280994235	47.21100291007858	0.11733699809960098
3.9787699047237024	0.0005179648894678061	47.23034169472389	0.11700128592270802
3.980047390877115	0.0006971977271832589	47.080329119681736	0.11733701898823191
3.9815424451724923	0.0007977437140721668	47.06207441633386	0.11767581829501675
3.9832016150541727	0.0009228835189290329	47.044539270531196	0.11801782098094497
3.984750118290268	0.0006641580714029287	47.202684376315354	0.11537573483338778
3.987567768831275	0.0018526694161340323	47.257152995584896	0.11408410384052094
3.9905615537717805	0.0010585944608082784	47.433459530091106	0.11506623524714246
3.992255843767212	0.0008536154859696321	47.1209688516833	0.11767582734600394
3.9935522140242807	0.0005256698702341881	47.37544749166642	0.1150662164767703
3.994584595081174	0.0006243082999159986	47.21403978657002	0.1173369997360274
3.9958165231165323	0.0005478347010060999	47.19784843378153	0.11801781912910206
3.9973353194627532	0.0007444339417876238	47.018834000726216	0.1180178042047691
3.9986477399824616	0.00061849467351462	47.12879764539869	0.11568805634836948
3.9997060494521874	0.0006169794881293714	47.11851877085538	0.11700131829131259
4.0009654064978974	0.0005659830348189787	47.15688795868518	0.11700132432771196
4.002821616960121	0.00127413846828669	46.96199252473791	0.10410367520722934
4.079575357221039	0.0010472187927697632	47.05746215556171	0.1179976426804241
4.081246077855159	0.0007568248944304371	47.138829406675704	0.11733726736185414
4.082659219110965	0.0007135945600228339	46.96338754897234	0.117676364401311
4.083925571597765	0.0006098762029315348	47.02682539880363	0.11733727008440732
4.085103121788547	0.0005676738020382314	47.06758424489075	0.11733726174985613
4.086886803638961	0.0009489665770257778	46.9025989650138	0.11327835180000612
4.088457606226438	0.0006437840030078454	47.00761267678678	0.11801860071378281
4.089514536769343	0.0005820033492512375	47.04078730877143	0.11733726062658614
4.090514920607706	0.0004004564618941338	47.21364446666258	0.11733726841415083
4.091798529694568	0.000718695894977021	47.010385273930154	0.11443980865404882
4.092825399495309	0.0005178327477880906	47.112434353799706	0.11700132331765553
4.09404448215577	0.0006156889423427292	47.018626133669834	0.11733727586592108
4.095335407816947	0.0008514784903537499	47.027471842731494	0.11733038419165781
4.097214392470661	0.0009661019950547755	47.10966495234921	0.11506621574357526
4.098930476310622	0.0006677174823689581	47.2834145414222	0.11799761404638907
4.100370951061935	0.0006655064553590237	47.238425345365954	0.11567575853537525
4.101398817867283	0.0004881855112538798	47.13488574962766	0.1160038769755578
4.102760031740077	0.0010316992799334638	46.99441544755508	0.10001538100847338
4.181416843194661	0.0009744903099154841	46.72691632685883	0.11811943171487875
4.182768061367289	0.000420965834403623	47.09519506735943	0.11700130870630773
4.198936473891534	0.027304034230831824	46.879489452903954	0.09035936781159576
4.2967958748107495	0.0006724200924430319	46.81943252288231	0.11880815170703027
4.298485535765492	0.0009550870265562674	46.818184883472995	0.10454243490866874
4.351152555546106	0.000846019600975921	46.65183415100006	0.11545045946726389
4.3536280552741395	0.0016168593876317973	46.56376376926042	0.1004119002741594
4.3985598463056	0.000522107400611098	46.789772464443544	0.11768186118291023
4.399788505517433	0.0006286861088999401	46.70835782740602	0.11768186864268813
4.401241193924557	0.0008223940748709671	46.61035973286116	0.11537853155669295
4.402626019591089	0.0005465198619989476	46.76047708012129	0.11768185036005842
4.403987920190955	0.0009923038375078185	46.740949752672556	0.09888732145490273
4.441571866738416	0.0005085643987081672	46.79840750333891	0.11837943032691375
4.442873215200834	0.0006315816619740142	46.715438771899045	0.11601437857283166
4.443915616245828	0.0005590725746732465	46.718709854441485	0.1190883173273124
4.445013790415738	0.000451438915562886	46.80342786959501	0.11734100770806548
4.445813261740975	0.0004064333336368684	46.85753657935971	0.11734100845506247
4.446881788006552	0.0007227286191214255	46.61539664160898	0.11873217234818192
4.448245811715738	0.0006501716243030737	46.65071898505718	0.11768386385306172
4.449673048879692	0.0007793708331918892	46.68884639560756	0.10686992440907143
4.480756340435352	0.0006929563404700433	46.57534108362035	0.1186736073454123
4.48201090788818	0.00044709183274271126	46.7832673164847	0.11766108087785472
4.483152244672375	0.0006648211020226279	46.633284880647786	0.11766111338038437
4.484369436420579	0.0005821121430756082	46.56439352110039	0.13134190619505637
4.48557511668516	0.0005966244502560331	46.547543317839796	0.13026860033634158
4.486717887537669	0.0006111371303301208	46.554493241870155	0.12763070556768574
4.488040286995176	0.0008177159953898681	46.53389996494582	0.11660703549913753
4.489973294178084	0.0010135804990162494	46.67497620930241	0.09782367741403766
4.517517538051129	0.0009438264375675847	46.48785528230334	0.1118811504054454
4.549665021740729	0.0005425919733894318	46.50597809086294	0.13094631628692466
4.551056841347378	0.0009083494683185396	46.55660374741417	0.10528170714688359
4.580083843134995	0.00047994335167406013	46.56478652422492	0.1278898129520088
4.580932462595902	0.0004466425789065669	46.69619430435393	0.1181236389734207
4.581862907483284	0.0005038175115589718	46.661621511870415	0.1181236337597253
4.582789486642952	0.0005349720988251237	46.64537515938425	0.11755811874167683
4.583810954228156	0.00041153939597088823	46.751984384641766	0.11716626829762633
4.584787053537983	0.0005838453229354266	46.545113627782435	0.12032608066222956
4.585867845236001	0.0005119936065482208	46.60345568277154	0.11840970637236223
4.5869449150953265	0.0004724206883845887	46.63073439617041	0.11869805976982563
4.588108121033368	0.0007067063856794831	46.59956500234648	0.10697910467601707
4.6091861515008805	0.0004912930213616532	46.6462936567683	0.11742620657582617
4.610177272333615	0.0005204318015424203	46.60380073974879	0.11807318660736993
4.611132402986373	0.0004770212976960942	46.62829233503872	0.11700132205662932
4.612158669227428	0.0005602302549591027	46.4184450907448	0.13217712253386787
4.613288139746489	0.0004506241981847016	46.52321144349369	0.13008132225876756
4.614106858116683	0.0004917541912418989	46.60429742554075	0.1176406062452505
4.615017489331022	0.00044883577872616826	46.52125044804234	0.13111697931748986
4.616149828867924	0.000793854426804412	46.61424837892969	0.10051575242882066
4.636113754068823	0.0005073632580711221	46.44723251020886	0.13146369714043454
4.636944480842512	0.0004608763303645465	46.52910535236241	0.12728926548735625
4.638017670296508	0.000493793758291148	46.59449151545144	0.11828849436919749
4.638948053194937	0.0004077819911529051	46.554145509428025	0.13008059256896942
4.6401695555137685	0.0007455001855888393	46.27566748018002	0.13181621870438603
4.641295537324348	0.00039994912412011374	46.543008544433235	0.13111386084345142
4.641987278095407	0.0003993125954232216	46.66135062755379	0.1182885444464829
4.642982884361736	0.0005667124723620919	46.36448166642488	0.1358833692528846
4.661403034544421	0.0005163079238397816	46.45620126795594	0.1278082667209358
4.806800453137271	0.00035402199161212086	46.512399146415085	0.12881747043307779
4.8076751810859655	0.0005261238859936745	46.30531130403902	0.1309165135297135
4.808527967026741	0.0004484349550244553	46.3776689688	0.13003226384324756
4.814841142496675	0.0077559145066704235	46.40114748846483	0.10031455384155587
4.8420820391059465	0.0017184825208263884	46.348504696813436	0.1324412532667659
4.844122629801404	0.0003213366974046201	46.44776781477749	0.13164895649967231
4.8450741623232165	0.0006694509433851646	46.364762493321365	0.10831813682816306
4.85979006811446	0.00043938134974728357	46.316809533651394	0.13144760367787253
4.860943947769895	0.000662414090747175	46.37647014435731	0.10839680430017243
4.942674957786791	0.0006697950583764458	46.13967668593765	0.12061057117903871
4.94635870947744	0.004850412674378209	46.103601018724646	0.12985232842088698
4.976599540736496	0.006410750968099564	46.06824959567009	0.12901574848977726
4.991979496381573	0.005707294531004257	46.00384867382737	0.13216074083783735
5.002777614354896	0.0006101859062860534	46.01509065126312	0.132609370450007
5.019485565968301	0.006187534369673174	45.897145818858576	0.10931970348345964
5.095278348202095	0.0010278490544171036	45.92399879917196	0.11928476715812951
5.103106616601174	0.0006846678248042331	45.97161440652776	0.13280282163762383
5.1210217206364135	0.02513560428299185	45.808604087606334	0.10461183467048667
5.290866583475028	0.020724373639104468	45.41841021705586	0.11009742553037163
5.3435486452904595	0.010733951411137865	45.27510037028345	0.12284875628029869
5.495088143343088	0.06388480819237145	45.07808314786073	0.11332894601304475
5.653801778906558	0.045556794059218565	44.68616907840199	0.19241319840746438