-1.8021895139802258	0.4237019557389228	50.82608644241171	0.23096894066628743
-1.3321880452573986	0.14356844611778113	51.094024042230004	0.1806958591094336
-1.0329563575975311	0.144164160698701	50.96958409826633	0.17822430182654161
-0.8822189944847301	0.02547181861640249	51.17963648246498	0.1878570210545931
-0.834048370664587	0.022797610512999486	51.109841155490535	0.20246253008695442
-0.7906912900110572	0.020631568635589598	51.232701396249816	0.1843668905431506
-0.7328282756870768	0.03611596557117192	50.99785976140292	0.193010629233777
-0.6660105031414036	0.030965739631372488	51.066885356355	0.18422378499184816
-0.5947719063429716	0.03942158848057908	51.198839881888674	0.1765827588077924
-0.54515516570279	0.011721849058422476	51.497146571659805	0.1881912090214215
-0.5113408382207247	0.021687614893253247	51.40798443889906	0.1980249582571769
-0.4799702162398062	0.010088141733470272	51.88635255786621	0.1758282838806755
-0.4507137210343083	0.01886186689092686	51.84392923618949	0.17721052444491
-0.4145392807321026	0.017354425260493713	51.95258062319169	0.18013231056393664
-0.38114765823206037	0.016070101243952067	51.931186021805686	0.18641288056138774
-0.3427234600599752	0.022064072393188344	51.87699235849386	0.1711689240759748
-0.3142582625473115	0.00688809647982279	51.84301081908586	0.1830983965787574
-0.30069606525752773	0.00667631815144578	51.76837365029847	0.18261971487076936
-0.2875445766051886	0.006477173577766164	51.67227944576352	0.18689504833430182
-0.2747796689423224	0.006289565263626177	51.66757101589157	0.18357561493742428
-0.26237928126485155	0.006112519255802326	51.8207699335612	0.17398584114030455
-0.2503231365723243	0.005945167507721491	51.72465004644859	0.1835513304386825
-0.23859265393398374	0.00578673524463275	51.63820778799633	0.21061829345914213
-0.22717071825621396	0.005636528110409696	51.77522064999201	0.18620816337339546
-0.21604148092028605	0.005493921376153434	51.868050746755586	0.18254784081289818
-0.20519034615311757	0.005358352806095824	51.82200272427561	0.19574370055004717
-0.19460372262598735	0.005229313534133844	51.65871773760882	0.18794390581691162
-0.18426903581918655	0.005106343131854079	51.51616702090476	0.18257732054412135
-0.17417458779666517	0.0049890234675063795	51.31852873749587	0.18582180642028565
-0.16430943397255238	0.004876973468480962	51.18156730588418	0.1786787109475345
-0.15466340240334092	0.00476984604207243	50.91005848884714	0.1888511302489975
-0.14522698396482087	0.004667323922923394	50.830436313462926	0.17983276710001583
-0.13599123513601374	0.00456911610661642	50.723196043918705	0.17296171078604106
-0.12694781172892444	0.004474956012877085	50.15801982623084	0.2282186272961146
-0.11808887995893419	0.004384598580816911	50.418518483592756	0.17776786620055476
-0.10940703722214828	0.0042978177602165865	50.43892920342622	0.1780524012399275
-0.10089535438297825	0.004214405435173458	50.30081014171743	0.20332756985246644
-0.09254730167597375	0.0041341693290277036	50.5379594285562	0.17984750396127078
-0.08435668232070054	0.00405693118680591	50.4705504074608	0.19332499912857576
-0.07631769160234686	0.00398252628256287	50.53199768610305	0.18960876807764263
-0.06842479427086356	0.003910801321492763	50.59613848443371	0.18485875960480685
-0.060672786266596834	0.0038416141755364033	50.69341077086473	0.17933214560945807
-0.05305673713208897	0.0037748325922048348	50.59425687632046	0.1957078509495145
-0.04557193798956538	0.0037103330680788	50.733898733706184	0.18213209202971994
-0.03821395230501301	0.0036480006857818287	50.585525560667314	0.19220304234669486
-0.030978565115518886	0.003587728116395585	50.555096636667855	0.18777980205399278
-0.023861736960745394	0.003529414746818218	50.466297271224775	0.1973583281394627
-0.01685965516389032	0.003472966659950633	50.58276739847261	0.17608348561812887
-0.0099686883808498	0.0034182958470181262	50.40669969933635	0.19113911036738104
-0.003185345192129929	0.0033653195169967656	50.46904995935205	0.1802883047795508
0.010071522144643519	0.009792434866723317	50.42927104988388	0.1732302601138748
0.02293568061790563	0.0031688762411822436	50.78390415200876	0.17492070196306078
0.029227637393476058	0.003123297270069164	50.78405538120021	0.18121386785981544
0.03542973803773025	0.0030790108617516467	50.77998855352024	0.18987954086431133
0.041544503899038576	0.0030359628650028516	50.83128460530803	0.19428503396285118
0.04757437819060356	0.002994101927228503	51.173518698172394	0.17116879282978315
0.05352167709956418	0.002953379675892138	51.22428261952901	0.17488779031651516
0.05938862306002818	0.002913750331466195	51.17383448719705	0.19083078122385688
0.06517737545162905	0.0028751703657999683	51.24187134733647	0.17390981177663778
0.07088998284428205	0.0028375986977163432	50.93502962457584	0.1732382406196544
0.07652841412608957	0.002800996362745376	50.51473131830182	0.1854994279735856
0.08209458730686825	0.0027653262211020076	50.21945951548837	0.1861845907420102
0.08759031482170421	0.0027305532110537124	50.191603674442085	0.18899167683909834
0.09301737350563777	0.002696643807801847	50.600715943403955	0.17429845189590704
0.0983774503906083	0.0026635662824151017	50.75982492980546	0.18292046018191807
0.10367217090156167	0.0026312904414491586	51.1585127567872	0.1704214628165669
0.10890312506399535	0.002599787396028553	51.300485479646476	0.1768274587439093
0.11407182297870211	0.0025690297646820503	51.445045949777096	0.18381944246759643
0.11917972155310563	0.002538991444398659	51.690949495054134	0.1833292966874619
0.12921876356317763	0.002480973899653178	52.0773567950573	0.19061703652591191
0.14144976983494706	0.009648308480283745	51.75724020747189	0.1793531770017148
0.15334573645283878	0.002346903445418572	51.709694259146296	0.18712821311061806
0.1603299816247804	0.004618925665834113	51.44268941088323	0.1808851760587785
0.16947095692992564	0.004522723084276848	51.37874123599279	0.19492396304980905
0.17842349356357057	0.004430446137914511	51.54572152956096	0.1855870215019109
0.19791641908759017	0.014825951665088023	51.349955305086745	0.19553194560621903
0.21453818588943008	0.00203846271881463	51.96340429041559	0.18907656429391723
0.2246127362926783	0.007966878868391319	51.764290548149354	0.18623403424963356
0.2535057529341481	0.020498774182534152	51.69432753157194	0.19978554632145618
0.2926819739659947	0.018730599170648444	51.85564540478593	0.17901199794078052
0.3515138567798014	0.03866343628899329	51.64338848336694	0.18099769541931904
1.6852627517870629	0.08247254315842686	50.2982647705662	0.21346966372564705
1.762277375813931	0.0015015400869650077	51.173267148440964	0.18489963258740783
1.7676723720526855	0.003878622385360914	50.74913167226373	0.22042803973302946
1.77221165189598	0.0006773459729873688	51.29714422061865	0.1872371832337369
1.791747313493896	0.018455242304594936	50.57141874419408	0.17751413817335288
1.8130700854881592	0.003236766890425262	50.87194883705132	0.1744728618938137
1.8180253020966812	0.001727008893099566	51.110205555587704	0.18797515465148845
1.7100229288443793	0.002128303829170948	50.06928478181263	0.16651125426208718
1.7144071442045419	0.0017700118078519211	50.146370892486146	0.1665112635463093
1.7176161007872544	0.0016561711560166895	49.986185832894094	0.17177211800988962
1.7212682802563715	0.0018692094925137582	50.11658300988332	0.16651124877927842
1.7246885368845544	0.0018466748855315857	49.983175054107775	0.16993334115967576
1.7288561614449505	0.0021580469871467977	50.04269616987293	0.16651126178612344
1.7327956982893287	0.00192223132244946	49.919876000459105	0.1702705930691674
1.7370090474866557	0.0019985503642200382	50.06897076029145	0.16618001663492385
1.7405296937192987	0.001760796892830632	49.94703254671043	0.17027058538637804
1.7442448258324756	0.0018707134575065216	49.90899706391757	0.17062662173276824
1.747519367163714	0.0016684560597551596	49.96116957960113	0.17027059262479965
1.7515633281308578	0.0019637606909197985	49.88223419945832	0.1706266299970834
1.7550241890957523	0.0016662978735724116	49.99431022307758	0.16962454216267123
1.7586761151071768	0.0017688097785331458	50.11713179521355	0.1660554255128827
1.7616214007163096	0.0013331852128690657	50.23877864486686	0.1661800232855954
1.7644980108426436	0.0014622806557348926	50.22108628279736	0.16651125513417572
1.767230098110718	0.001366038084158566	50.28185868565416	0.16651125632344127
1.769786202128844	0.001166451223744226	50.368761109183325	0.16634369158002216
1.7718643733252126	0.0009744637433930062	50.438379034368005	0.16651125589829094
1.7740478878130055	0.0010791810231526515	50.40650828751389	0.16634369559906256
1.7762512377669568	0.0012205173954942371	50.33524054191599	0.16634368732514362
1.7784434656465853	0.0010238004505966924	50.37568029304313	0.16685856821785053
1.780630219394381	0.001003433866966205	50.36057091325339	0.1668585698239778
1.7826682827272007	0.0011764420943386042	50.295591353827234	0.16651125942986067
1.7849654882355999	0.0010482790696359104	50.34857771221554	0.16637711653590614
1.7873841706297273	0.0012482232586455728	50.29855709850209	0.16634369425984807
1.7900414445981856	0.0014749163936650692	50.26175005884957	0.1665112541823336
1.7929409454660485	0.0014381948438532382	50.25158902685759	0.16685856804874383
1.7958479451827325	0.001480719456048456	50.18567590930634	0.16685856234721963
1.7986001863861605	0.0014527741488926727	50.1823011544447	0.16634369278030786
1.801453844413324	0.0014287478171228917	50.19670238852247	0.166343696854184
1.8042154704796218	0.0011640683008351622	50.298336424380906	0.16618003090205502
1.806641688339756	0.0012553521376685603	50.28756058669035	0.1666828375187732
1.8088521475351198	0.0009662401793555478	50.43320738384256	0.1665112578130379
1.8110385086042158	0.0009962303295536702	50.43196733725653	0.16668283711850568
1.8126023007053347	0.0007161992504103862	50.558609862795024	0.1676055405875533
1.8140015829901242	0.0006575015027869963	50.66102521459575	0.16548239878844775
1.8153452655157236	0.0007410776159432714	50.781431896547474	0.16700533685996866
1.8169369398277857	0.000842756318467614	50.841470716923254	0.1667942086822869
1.8186217263758888	0.0007722831048350825	50.91728086415703	0.16648042957213452
1.8199335122160758	0.0006599605236369966	51.0039517235327	0.16679420623723912
1.8213497364051305	0.0007346826537144061	50.9627963765394	0.16712213280123742
1.822989904955812	0.0008825643642370684	50.85224028747995	0.166956352280382
1.8248414717537005	0.0010013179740610708	50.76466373561309	0.1666355976435218
1.8267947057319491	0.0009918467699307452	50.72103707812232	0.16695635191423622
1.8291107101552944	0.0013443120228561166	50.55037122994515	0.16712213527381786
1.8317049206879317	0.0011701904888849638	50.59168582820211	0.16679421146322138
1.8341564955909304	0.0012406875581779022	50.548041085702486	0.16648042836333704
1.8363849847424232	0.0010736545478562324	50.59713570602913	0.16634717967957058
1.8390233545589887	0.001467636195475184	50.43182554405133	0.16648042390565954
1.841842980802279	0.0013559606500929138	50.44125024730332	0.16695635610192436
1.8444652273453255	0.0011494519261312575	50.34419198387973	0.16622188278150044
1.8460586289641852	0.0007083359833238347	50.24544285605866	0.16689155334434913
1.8474729953458942	0.0007024730687950827	50.253996837394034	0.16689154756585975
1.8489371742590672	0.0006906478123679282	50.271322913876425	0.1663513934813477
1.8504152914026892	0.0008226613594307209	50.18568287848026	0.1661800290881917
1.8521561226970602	0.0008099793291056527	50.181261194437	0.16618002847379193
1.8536677979324063	0.0007135805512155656	50.20450457663058	0.16618002885523733
1.8549246867000375	0.0006018745539228048	50.23554526928546	0.1649216125043851
1.8561732961342259	0.0005873528083972291	50.1702793063353	0.1661800262632237
1.857300015928528	0.0005951114645763256	50.166174337435976	0.16618002489821876
1.8586389806405086	0.000689268206936202	50.1072450334333	0.16618003188125835
1.8599991938664229	0.0006386920913773646	50.137666261328306	0.16635527828034163
1.8612471144446714	0.0007575638941587731	50.05695108896816	0.16635528060825516
1.8627137802535245	0.0006564804682288224	50.116841586869725	0.1661800272342135
1.8641549560020254	0.0008027518898897426	50.025563119407366	0.16635529560735152
1.8655617728897462	0.0006169052714671861	49.99701649431752	0.16949959541356074
1.8670162327209623	0.0008349155491842414	49.997242993979164	0.16671925082913208
1.8686625204367096	0.0008080244253409483	50.0192170617342	0.1661800228480685
1.8702125142066663	0.0007533461466882969	50.048509023106945	0.166180022695368
1.871532521648003	0.0006197086009104316	49.95445249536851	0.17065197265911805
1.87282166601343	0.0006055591444962013	49.9786158011125	0.17027057847548585
1.8742453601228484	0.0006705174420292814	49.946776907084526	0.17027058108891338
1.875515364745761	0.0007675641700816676	49.89940621440579	0.1702705867232415
1.8770987740160876	0.0006860769721313435	49.92695295720692	0.17065197910851304
1.8786256284309621	0.0008504446715160292	49.82286420491828	0.1702705878570139
1.8801449324383046	0.0007583247963246607	49.86249181259649	0.17027058858028907
1.881840968324927	0.0009132401584945794	49.781929415207415	0.17027058625123426
1.883626498043456	0.0008472590001129388	49.8147690292733	0.1702705884532788
1.8851719579450517	0.0008475131928540408	49.80220452856779	0.17104759793525093
1.8871756845188983	0.0010071362588771574	49.73545540251665	0.17027059047274584
1.8891615849113206	0.0009022872920620094	49.78151924366851	0.1702705844699196
1.8910998121623062	0.001017394751414189	49.726409608761465	0.1702705845935005
1.8927814780073569	0.0008477595230165238	49.80338554115231	0.1702705888544974
1.894648303793517	0.0009473766370269369	49.75661353300344	0.17027058749551247
1.8964711004792771	0.000861787941136965	49.799304240588704	0.17027058892102584
1.8982503870938563	0.0007664206564616564	49.84973473968773	0.1702705934673224
1.8996395437601385	0.0006566380024318139	49.90408490010411	0.17113976423398958
1.9009508381316855	0.0007249502048409662	49.86183868578328	0.17027057929053438
1.902147297257437	0.0005471864813499479	49.98459687485874	0.17027059320416144
1.903403067251978	0.000662447744435659	50.06830704477716	0.16653498514426973
1.9048112218075064	0.0007008573664265745	50.07395242769428	0.16635527658047564
1.905978440722931	0.0005216395504931888	50.23452194557364	0.16622565626907257
1.9070101228863654	0.0005183326554261102	50.25624295110513	0.16563050781843394
1.9080311028032233	0.0005511770447198794	50.1829861768793	0.16618003493428882
1.9091547098084256	0.0005157793894358875	50.23875362166321	0.16563050781843394
1.9102487184856372	0.0005606926872110535	50.169334826199076	0.16622565673837641
1.9113625129579332	0.0006760244293777031	50.33763276178844	0.16634369942548843
1.9130268467177534	0.0008499612418013117	50.2777782112449	0.16651126429905747
1.914579100511285	0.0008032097255861354	50.30682721093059	0.1661800260362216
1.9162048411240724	0.0007262652792151946	50.34797566895562	0.16618002661038897
1.9176610052686602	0.0007702726902099543	50.31617615616723	0.16634368732277188
1.9192008366757556	0.0008218682200929225	50.27456642464851	0.16685856923794828
1.9208174176596053	0.0007516658391889795	50.316071030503096	0.16634369109480365
1.922206277439016	0.0007113030712070188	50.32550227915374	0.1665112642708711
1.9235867264597706	0.0005726141633517917	50.41788195050143	0.1663436909914646
1.9249548598076955	0.0006998665304512034	50.33076278426833	0.16668284185130958
1.9262989041649508	0.0006739523242763002	50.36081631580058	0.16621439814837038
1.9275342093874597	0.0006345381399630775	50.372857555411585	0.16651125706769887
1.9287955312236653	0.0006464736173842942	50.37287588072257	0.1662468984259197
1.9300983301686518	0.0006661199055151392	50.34192939952047	0.16651125269035152
1.9314617825294478	0.0006161120950069101	50.369492513395876	0.16668284200144112
1.932592781272928	0.0006057309805946415	50.380546100473815	0.16651125654966936
1.9339212097387468	0.0007798913908151883	50.261825008917995	0.1668585703473343
1.9354801361055591	0.0007460905800502974	50.28715403458209	0.16651126112035697
1.9369272698058395	0.0006644191420865032	50.3399419775901	0.1663436933671264
1.9386120856805589	0.0009773780692109615	50.1634958425758	0.16668284573009773
1.940273141367989	0.0007321518850407655	50.29358824908875	0.16634368502841893
1.9417330718964914	0.0007134581404971259	50.309706885524406	0.1661800241876747
1.9434964183659356	0.0009207885423717868	50.19925639010194	0.16634369414831848
1.9452829495308295	0.0009406916014386253	50.19075713987132	0.16618002847916685
1.9470942377565812	0.0009282860591554431	50.18592208447176	0.16634369283770123
1.9488810923149418	0.0008850152987138421	50.20566518768258	0.1665112566879707
1.9504378798195428	0.0005691761151694418	50.17304294154626	0.16634370062164927
1.9514215893524447	0.00047168357821180323	50.19248991260968	0.1661800320334222
1.9524291686758561	0.0004966826710748486	50.15110397523682	0.16690824264465107
1.9534139617307031	0.0005727270799309862	50.097628427313566	0.16635528949708592
1.9544354863284823	0.00046656640723211827	50.216353303988974	0.16601872153166145
1.9555415920477006	0.00062729101863734	50.07884673929623	0.16618004021496482
1.9567943654603475	0.0005286171199014425	50.16680892049409	0.1661800341478922
1.9578006157497596	0.0005467223105871178	50.16452994890307	0.16618002599366005
1.9588302511248916	0.0004756423063320812	50.060213647082634	0.17065197207965485
1.95981531042398	0.0005075460146619333	50.20960027540541	0.16690824372372148
1.9607743738290135	0.0004927145179162198	50.07625575206756	0.17027059094484323
1.9618006391916787	0.00048334385112789886	50.107254455099635	0.17045945940678056
1.9628117474441933	0.000503146378978933	50.09219087366859	0.17027059284190663
1.9638640763717137	0.0005972316087734171	50.19201172650805	0.1661800375685206
1.9650225026567238	0.0005639576753176072	50.045933849474466	0.17027059794422728
1.9661092271538843	0.00047857235761662715	50.11826175891761	0.17027058850721977
1.9670959509620303	0.000533343152248744	50.11194768657882	0.17014164615700114
1.9682422058251172	0.0005256475298829838	50.056210458809794	0.17027058964427544
1.9693065722317884	0.0006014463804380477	49.97662535092108	0.1702705910660646
1.9703665481585488	0.0004613856905305679	50.070707868600294	0.17027058708073972
1.9714061032710035	0.0006074660012736862	50.11412779882778	0.16618002714536917
1.9726228971734787	0.0005586215869407211	49.99982308919829	0.17065197224937098
1.9735825229934771	0.0004730702677523403	50.09809082818832	0.17027058145305668
1.9747950129671612	0.0006284117594996917	50.012061864014676	0.17000280715254287
1.9762353137928634	0.0008283449828505483	49.900679843807936	0.17027058810869566
1.9775811614737704	0.00055052131604177	50.06661165166564	0.1706519727675697
1.9787422106306536	0.0005534369054062361	50.063914139415104	0.1702705814846441
1.9797899324067487	0.0005153548055045477	50.090474355182636	0.1702705887871054
1.9809311369316795	0.0006440301402248912	49.977558816653456	0.17104760668548982
1.98222773181432	0.0006673422170085028	49.96629882578685	0.17065197495207415
1.983640163234252	0.000773580758378398	49.905380550793396	0.17065197193579887
1.9853746499964775	0.0008896999012696395	49.84799531250603	0.1706519751003359
1.9869025883836826	0.0007686521356363741	49.920011401273136	0.17027058475520535
1.988444039882182	0.0007247590327725462	49.94801900677812	0.17027058594283107
1.9901236012607322	0.0008432852790798286	49.879708420915726	0.17027058849652996
1.9917541347851844	0.0009329049276115478	49.82859673173102	0.17065197491898182
1.9936074725730342	0.0008560415976563016	49.8683812858393	0.17027058839928194
1.9953263206445386	0.0010873528823743927	49.762369643699266	0.17027058347960525
1.9978650476474253	0.0012329280006104489	49.69895984846134	0.17065197403483925
2.000347296685364	0.0013510783031293514	49.660207135617796	0.17065197238492452
2.0035582903919815	0.0016476215376299743	49.57797019468611	0.17065197412517544
2.0064940178778867	0.0013715844400563827	49.66257532176674	0.170651975407045
2.008885022668898	0.0010727502803122443	49.773723143883416	0.1706519736775317
2.011552552286875	0.001561455616204404	49.619364538685815	0.1702705868739518
2.0147595578679143	0.001627466049632243	49.57830832321111	0.1723268809283257
2.0176817269798724	0.0015066973373661582	49.636636601818765	0.1706519764390107
2.0212704234288035	0.001974636969953917	49.52298954473457	0.17065197521389325
2.0252097299395464	0.0017251108207662405	49.580195060125504	0.17104759775167025
2.0287416964045537	0.002004274920173113	49.52415307030189	0.17065197183596245
2.033004415621239	0.002366311916376276	49.45653684382692	0.17065198296692397
2.039116555285151	0.003129307702506691	49.319051370851874	0.1711397527160211
2.0439287737950522	0.0026524911956340084	49.21529563823174	0.17652582364414657
2.049958614609449	0.003084907169095115	49.30393259380888	0.17027060014409742
2.0556767180795097	0.002685292697929689	49.15678425333489	0.17803507975665286
2.0627150144421416	0.004259929328770179	48.95192088909154	0.17631722396781016
2.070556435726787	0.0033353202817934004	49.024634152261456	0.17631720209057142
2.0774559573562943	0.00377886775152252	48.933473037157654	0.1771530088409139
2.0852837155489246	0.003486955837350351	48.918471333886934	0.17896666594124347
2.092607293443143	0.004607519550329096	48.74920697514895	0.18099301078088634
2.1021671045912598	0.004297291868855855	48.77097180800861	0.17803507599940444
2.110759303231614	0.004281061955214288	48.74836072013397	0.1789666707266316
3.827513392550687	0.0001889468599788982	48.013956177412325	0.2290874372224372
3.827812513358258	0.00017586727449836625	48.149888800569755	0.21323690035101928
3.8281565877065455	0.000152690447366058	48.393689011869114	0.18122736298054817
3.8287709590203383	0.0004254001634047878	47.738980188273246	0.2303121682127412
3.8294685012819745	0.0002906195883430863	47.790677418428636	0.23932852718853437
2.1342985046874388	0.015370527194701913	48.258664867593026	0.18556138140002318
2.1811925376099177	0.024835505814957578	47.95581805335953	0.18556138898958532
2.2436923380262774	0.03942794537540659	47.75760084229051	0.1818703248659294
3.1770794345342335	0.010307217157993334	47.111605535985504	0.1859044264360063
3.1943552813552216	0.007228169245716761	47.249510162004746	0.18590441768122537
3.2102568674114256	0.009549134121224757	47.11089915147349	0.1861326740258318
3.2268918480423423	0.006209675258121686	47.280568153467804	0.18545567710460079
3.241284832849117	0.009010879107391184	47.09544571890133	0.1856787829502383
3.2803562988439676	0.0711051466675938	47.115671181337376	0.1749932348278612
3.5696097675036453	0.005077172684407599	47.00760169372902	0.1858737188122983
3.577405798540542	0.003490800613141326	47.16239010024735	0.18572827441713174
3.5875612107631563	0.00671197386999624	46.73591540954029	0.1955595254384819
3.599620435052988	0.004896138484219013	46.99422393111303	0.18544060566423753
3.6095493850574982	0.005042742439365587	46.837611579828334	0.19479320906543227
3.618388194397011	0.004689041443723479	47.04964409887275	0.1822088761430057
3.773978325652937	0.003840939853396599	46.792450605563445	0.19473182404514097
3.7801833577026267	0.002918010890144185	46.90690922612302	0.1944920212041688
3.7866787061224185	0.004140915478566109	46.748092267936386	0.1944920058699528
3.810472973402071	0.0219235822622633	46.6407594274291	0.18222130766202987
3.9131162007970053	0.003657713192185339	46.726017802417076	0.19452827743976478
3.918932404204851	0.0035838195647444654	46.73081788659175	0.19358793535628802
3.925436676389138	0.002958699791548824	46.79855933860621	0.19372015162466893
3.9324209772054575	0.003131687551081807	46.760548393280935	0.1941209781060643
3.9381679404555223	0.003404409214715114	46.71368398410221	0.19372012173691625
3.9492694985454007	0.0076489988388922054	46.56361532892447	0.180571012069751
4.0181635065773005	0.003394007703295833	46.63922582442319	0.1949701805872235
4.02257369862201	0.0025843991338359296	46.75170845447306	0.19427191264093002
4.029922798702026	0.003948315916960424	46.64252990471438	0.18859986421553662
4.102768731013079	0.004016301503440649	46.442202323818904	0.2043545787966305
4.112195195445508	0.011872330766181315	46.77144867569263	0.17572305757578408
4.1746926747896	0.0044957389227166565	46.376153206579765	0.1955501870029274
4.180654090327071	0.002251764738274822	46.6781377335815	0.19413715666204326
4.18824354902104	0.006774030473361285	46.46576115678417	0.17802417254009203
4.233762433507795	0.0038751246923213536	46.35412307392052	0.19456344777233542
4.240865110466509	0.002826128227418869	46.485327976963205	0.19433383596468076
4.24919880909478	0.0048959194093134975	46.41903950099905	0.18273966141293882
4.286812929593745	0.0032347957173742147	46.38092403607822	0.19526874059567914
4.2932591923964045	0.0030485691263394087	46.405923565572344	0.19468165635200171
4.299100781920903	0.004122585174212459	46.509074690124606	0.18001918559952662
4.342293026086164	0.005979347248627587	46.24917968724455	0.1828265639308946
4.384345279398495	0.004096572289341118	46.251146924015956	0.1899602081578169
4.435742485135912	0.020181756204621263	46.26353446537159	0.18753634485729828
4.517171430752609	0.03141210535010437	46.194084408024416	0.1964986721435811
4.649690646401756	0.05709048090598421	45.91012129287239	0.19085955551711983