-0.7434776044357457	0.02547181861640249	50.41887488780006	0.17068724184646822
-0.6953069806156027	0.022797610512999486	50.644733902449794	0.13804105509339057
-0.6519498999620729	0.020631568635589598	50.42640087094533	0.18601461199942224
-0.61253104690704	0.018841409816837597	50.69392145525712	0.13207469477173303
-0.5593942453543036	0.033343147227274196	50.41248881615548	0.15822452103262985
-0.48314036397011295	0.04196082010899627	50.42264994748701	0.13669784311312333
-0.43051394350018635	0.012390712851590963	50.79879355795926	0.13286263316526573
-0.4064137407199744	0.011721848115539025	50.91636782027714	0.12683474025174724
-0.38358093650691993	0.011121497935099582	50.96973571971385	0.12453284147725634
-0.36188880130686946	0.010579646343671825	51.01394795365208	0.1255414990364148
-0.3412288261908218	0.010088141733470272	51.226893034321776	0.1233945406504461
-0.321507175446929	0.009640277256546289	51.08870935382924	0.14579406223546648
-0.3026423327340009	0.009230488419610541	51.29464681408881	0.13453468164200225
-0.2672062213112874	0.02552171326422816	51.27242300595503	0.12379666336420675
-0.23444465061169745	0.00788909161789042	51.471779388197675	0.14147049230809394
-0.21894631658906236	0.0076125238385397935	51.41299728434328	0.1431556574948326
-0.17551687660395293	0.03444048272469887	51.05482464039797	0.13722840599248062
-0.13603827889333803	0.006289565263626177	51.54440926303763	0.11962306020658539
-0.11756798494010273	0.012055364045399315	51.23084641994104	0.13532359816677317
-0.0941027475449481	0.011421288246663108	51.09271656874205	0.16085312019569645
-0.071840625937859	0.010850580433193677	51.227130494362505	0.13892321146720707
1.471187618890086	0.0007768993077768201	49.247798098944415	0.1439788516167114
1.4728934429723899	0.0009286245404867322	49.26607778551501	0.1377061819705294
1.475824176364259	0.001998487908516825	48.92169371398958	0.18894763564526126
1.4798028714157325	0.001980262803534497	49.179853295610556	0.1387812857743088
1.4837454471611184	0.001962367100355394	49.040207043727634	0.18403314260454198
1.4861539771346273	0.0004503494395682136	49.59542231854556	0.14065818937702165
1.4876525535440857	0.00104719566447875	49.420665861033626	0.1415476340031586
1.4898907667575532	0.0011906430171597854	49.28239723259767	0.17233416851096603
1.491376526138723	0.0002966441707352104	49.76239691818057	0.14015565846634262
1.493005012206786	0.0004433008780953448	49.681754874086785	0.14025547513075673
1.4940381509433012	0.0005896634233146726	49.50092687880841	0.16996484079684573
1.4949217467514186	0.0002942324702623844	49.81834051640127	0.13864303975449332
1.496683563022354	0.0014652063292581825	49.499286650261766	0.13656887056101755
1.4997496476800039	0.0016003883693161728	49.37041612477785	0.1674498199035559
1.5017817439915053	0.0004344320521578295	49.79981506809058	0.14268197831040108
1.503660214513311	0.001441856815141391	49.45157388754552	0.16590722734381286
1.505817632259584	0.0007173559768774915	49.743488667536404	0.14619675191049045
1.5075358830158092	0.0010003327928194054	49.72113575878948	0.1407066618886106
1.5103846132031877	0.0018456149020280223	49.588334449973914	0.14955307046824046
1.5140602447902787	0.0018300605389492536	49.71523387185053	0.1394503947385738
1.517844603644697	0.0019537355595249614	49.62293238648101	0.17091051800978446
1.5217346011967419	0.001936313991107331	49.86022663471811	0.13678793297623246
1.52490409472027	0.0012357219576528613	50.01310937778784	0.13716651351846768
1.5430552731256995	0.01659195728703506	49.86060898655026	0.1299093427917607
1.6459795143294265	0.07854610073308269	50.894467807160666	0.1472007702749477
1.724032880889066	0.005815998299283598	50.74194026031043	0.14517090214367992
1.7309224193956236	0.0011107166495485667	51.02546753542973	0.14600358314656292
1.7335630074917154	0.0015285929303022348	50.79376825907888	0.17696618974171263
1.7355963638947873	0.0005071509408736886	51.15964170460393	0.14618750037855974
1.7494056470953927	0.01310076585116197	50.5199704762282	0.1352594883754787
1.6664553053047673	0.0016927717883444314	49.28132814404148	0.14114125413369547
1.6695801339558431	0.0016105219224901142	49.28355933827062	0.1411412541336954
1.6726956292631037	0.0014296280228611514	49.15954931845181	0.14576490138113501
1.675640632925751	0.0014458973582835472	49.32392027419117	0.14114125413369533
1.678699383649473	0.0015043148302950466	49.31293588816234	0.14114125413369477
1.6812502860837628	0.001209966090971381	49.222137696506856	0.14607711400658704
1.6841753934846726	0.0015658413742190964	49.27889452312985	0.14114125413369558
1.6869635156300942	0.0013035531286841688	49.176161207433076	0.14607711400658688
1.689497239603756	0.0013168057900484057	49.34887942259935	0.14114125413369533
1.6922237358832009	0.0013958468995039835	49.25379947577258	0.1428253408969713
1.695299887796766	0.001485246685620684	49.29624542250245	0.14114125413369505
1.6981895743364301	0.001479270848793176	49.302392077322075	0.14114125413369516
1.7007254167626624	0.0011283820955392179	49.24531080620867	0.14576490138113535
1.7034091900592876	0.0014899126045382952	49.10698145801038	0.1460771140065872
1.7076835684920342	0.0025396658830282967	49.263421016200766	0.13728203330870775
1.7431170021598659	0.0014558726032660946	50.034019612871646	0.11186016796630052
1.7458787218323342	0.0012877401172159562	50.09222298864589	0.11186017067594879
1.7487788146331473	0.0015723126445311632	50.01259460931551	0.11299975806299699
1.7515496904231393	0.0013260309350271887	50.11620878787405	0.11230236488924387
1.7540640969892771	0.0011502880192168202	50.19422586284189	0.11253016994802888
1.7561248580737163	0.0010299553545856115	50.23997813425221	0.11230236781930422
1.758312278311403	0.0010247807989202046	50.25242341916901	0.11211825550176455
1.7602771706108964	0.0010021873214830946	50.29078163307311	0.11040804042633501
1.7625272513624357	0.0014875683310263666	50.38774158993358	0.11074345145864706
1.7657486007918863	0.0015850019675630938	50.39392825240676	0.11290491714313228
1.7691027583949093	0.0015728077774934662	50.401618945682	0.11310303168279215
1.7723341339550691	0.0016232839744935192	50.39458788108847	0.11310303894939776
1.776038638734915	0.002158188288915441	50.415714883530775	0.10889251063552029
1.7798797726962485	0.0018090514660269732	50.51497993933282	0.10818343576401922
1.783520736287465	0.0018412572152150938	50.488708450462696	0.10838506639362305
1.786857346804947	0.0015567523911350183	50.37621851544904	0.11260752972283535
1.7906714000889723	0.0019749965509380228	50.40893855094595	0.10793132490695363
1.7943452076959474	0.0019915838446424384	50.376371412681735	0.10810964984139443
1.7980211431885351	0.001628887989877004	50.29126882295839	0.11203374720805644
1.8017351872250367	0.0019634255188205343	50.331105167755055	0.10876780586430586
1.805748684119017	0.001956151869207202	50.324356574332946	0.10838506623400163
1.8091085773587983	0.0016128062985381285	50.40992015584594	0.10767147043135211
1.812254969876769	0.0014399848848169383	50.440170799173764	0.10827442142376636
1.815206363458039	0.0014073625208514662	50.44078452551315	0.10829217991969677
1.817907121241606	0.001423113837080822	50.4440265667469	0.10775708785525204
1.8210149369109305	0.0015917569562230985	50.386180931668434	0.10810964839885662
1.8240489616266657	0.0015306868874930047	50.4083761621842	0.10784369962853514
1.8270722081612507	0.0013728545197093035	50.26911689220085	0.11306497127682817
1.8303328769249307	0.0018026228201993195	50.31052782898536	0.10810964989181145
1.8336400688193089	0.0017215039795290673	50.329564540103874	0.10791665859576052
1.8372802266689656	0.0017372314323346961	50.33327426224096	0.10810965482605726
1.8401632352329034	0.0013221240040806987	50.2623707267991	0.11290490805738822
1.8433900891721215	0.0018547474855598934	50.26889899377191	0.10784369453575864
1.8469661171101652	0.0016367800315706135	50.137965758531095	0.11248807424351354
1.8500196189197746	0.0014304696477293675	50.184367663496765	0.11290490858611542
1.8531033949946556	0.00155416096426882	50.13194151451137	0.11393061496191473
1.8562006463115384	0.0018424556174924545	50.07624821095318	0.11233043196287017
1.8599747600662617	0.0018265136463213535	50.07935389991687	0.11233043429636486
1.863574740033214	0.0016241544073438176	50.13621980437396	0.11214532933014666
1.8664390199888556	0.0014071028645436196	50.203472335688	0.1119633118140239
1.8698216208915932	0.001991891877049549	50.033188007531834	0.11290491039004119
1.874094578576874	0.0026344617871536385	49.89528872580834	0.11350964577827546
1.8799505838192152	0.002887132755064227	49.86833250034382	0.11251868721744292
1.8852827811046193	0.0024746422884200344	49.940696678109646	0.11330458651815756
1.8910587865542703	0.0033401358708466922	49.83253994499419	0.11290491306255725
1.8952926554399445	0.0008280301175537471	49.877563481688604	0.11213071003073291
1.8970155154668347	0.0007489795522049625	49.888689376674634	0.1126196199025773
1.8982988314739777	0.000772921091556817	49.882008319627126	0.11166211558689901
1.9000214074824555	0.0007365779818492934	49.903314241192966	0.11143511310347749
1.9014805326794115	0.0008307384434756447	49.85113965642707	0.11166211361147486
1.9031790668506545	0.0008705944917115023	49.82856719080418	0.11213070707916581
1.905491611017971	0.0013604033574142055	49.643450035021374	0.11166211436191455
1.907726515023266	0.0009183925682179776	49.807350270185815	0.11166212283475686
1.909434829779327	0.0008085811938085506	49.8603757062189	0.11143511325188644
1.9115734990514381	0.0012287551288428875	49.66299273317893	0.11213070879539083
1.9138446924828942	0.001197114071956365	49.674372604966514	0.11166211231210381
1.9159645978903908	0.0009750680711081123	49.75760388438556	0.11166211564450733
1.917943696488344	0.0009956296394781604	49.73103273920016	0.1126196250839015
1.9201376952457747	0.0009436378798114176	49.6027318916845	0.11214818289122318
1.9216795919834189	0.0007076294267327866	49.58526600780304	0.11039205644453545
1.9231940836721564	0.0007586708633197442	49.514860711468586	0.11167903502632016
1.9245720451981692	0.0006974619001110271	49.65067879801579	0.10897299890531013
1.9261119335734511	0.0008149136795112068	49.49106383508251	0.11167903768370523
1.927589344594716	0.0006872005999219634	49.63980562289139	0.1098596378706149
1.9289751135894542	0.0006809500077846636	49.58822406752593	0.11124921122122583
1.9302727991517608	0.000696464941982204	49.61728097190247	0.11043574184920901
1.9317926414094528	0.0007316925211538573	49.54632935311577	0.11143511038910742
1.9330497617494329	0.0006772733300017359	49.592712767407306	0.11093969001150228
1.9346561495619432	0.0008645109307913948	49.449239894259705	0.11167903145639643
1.9362646050246393	0.0007002344879751541	49.56791599345125	0.11072121474808574
1.9376734363897214	0.0006966397070481625	49.54191761088754	0.11167903690667531
1.9391755773511226	0.0007788647970654434	49.4941269678676	0.11167902744365699
1.9406013735177101	0.0007170012022705779	49.54947013447836	0.11167903438221842
1.942209011000477	0.0008180905826713367	49.511693528383574	0.11192845790473414
1.9438473506146674	0.0007352098597787429	49.571963151193565	0.11192847498816753
1.9456932207977737	0.0010825056223952652	49.40443575245678	0.11143510682902581
1.9476972825264367	0.0009776793020566793	49.43810413195536	0.11167903026309985
1.9494390851593102	0.0008756145436255642	49.49165981331177	0.11192846527518704
1.9512845392118425	0.0008796176198116271	49.504421640544	0.11192845960266637
1.953060713254573	0.0009541527738986086	49.49070228163737	0.11167904087041239
1.9549087287228297	0.0008238462078378018	49.56675776157084	0.11148636180543724
1.9567870094731359	0.0010818696635310732	49.45000569746131	0.11143511893749546
1.9589377954556189	0.0010878968361050978	49.45332283184802	0.1114351290207371
1.9610452909822915	0.0009216818628182902	49.51931887773819	0.11167903939437976
1.9628647196653715	0.0011043995555235241	49.39503852443583	0.11267066147713842
1.965112767945739	0.0009915683534066524	49.47320811736974	0.11143510508756842
1.9670368259563502	0.0010343120453339427	49.44571489912293	0.11143511605540768
1.9691770590684876	0.0009638208844338979	49.430540990238	0.11192846781175834
1.9708251346080785	0.0007769879819134535	49.32509953190661	0.11744810203355069
1.9727167613288903	0.0010367857196024034	49.33113780939807	0.111679040643474
1.974629434062483	0.0008847682801807172	49.245782785346925	0.11744809849972956
1.9763880928663733	0.0009685837000815939	49.40546386061468	0.11167902994668276
1.9783475361268015	0.0008276855878643379	49.30939905791047	0.11904619592259678
1.9801417752590065	0.0010408704756432634	49.229182955537546	0.11744808376677325
1.9820340766185138	0.0009057536161517788	49.28875659509398	0.11796366435077593
1.983915782820453	0.0009972702241120201	49.33918539279929	0.11494392519028623
1.9859318803717763	0.000940406579397786	49.263359077931064	0.1174480971006709
1.9876572766962304	0.0008290545344517896	49.29284353999175	0.11796367226651186
1.989312228520522	0.0008565338681545675	49.25893544427381	0.11796367997741358
1.9911439582566035	0.0009209754555804909	49.225821641758934	0.11744810073335551
1.9928768577589362	0.0008647234164260477	49.260418261337726	0.11744809252204076
1.9948518755985067	0.0010829793186301452	49.17153875990873	0.11744809261752354
1.9967716303729643	0.0010561985469297913	49.18231133804323	0.11849612505381256
1.999378806822739	0.001331916226374549	49.124704926292715	0.11744809876519129
2.0017483679933865	0.0009983675913457508	49.282617483579244	0.11744808877234873
2.003943342212855	0.0012735641312114367	49.20070587303776	0.11796366983723823
2.0066981523907037	0.001437566442214	49.18713100778543	0.11744809558376765
2.0095660590283146	0.0013235268664526074	49.19627326881408	0.11744809517852545
2.01204186653794	0.001181831274674805	49.20823973666708	0.11796367072073717
2.014227831123762	0.0011380731052841233	49.20070631382869	0.11744809685882314
2.0164670451220963	0.0010348250269611124	49.20717003982129	0.11796367303550646
2.0184083920298113	0.0011018284086667066	49.172590634864996	0.11744809279361298
2.0212440354023777	0.001420865648813885	49.072383839902265	0.11796366496453123
2.024661213429387	0.002111336252969489	48.919313758447274	0.11796367080496117
2.028527766216749	0.0018256622662236087	49.00384437427867	0.11859248977715722
2.0321766365489093	0.0016139776348216234	49.04711582630689	0.11796366840614768
2.0353905356681903	0.0014632734766329102	49.05005387945356	0.11705955039032925
2.037970341026451	0.0014093151809684537	49.013137897235765	0.11744809857213884
2.040444852430446	0.001047315437918104	49.09031590260368	0.11849613507713526
2.042751190114629	0.001277208022446128	49.00249268815506	0.11744809829546923
2.0450950831539743	0.001073462876789432	49.07877400272166	0.11744809888564008
2.04746967767098	0.001096463825456439	49.07520440929565	0.11744809552049626
2.0494294036276033	0.001018690374519724	49.10654770637975	0.11744810258336173
2.0513006595229615	0.0008988854906857529	49.14777690074999	0.11796367729890109
2.0528627248650797	0.0007694518148939034	49.20314423364531	0.11904618836487356
2.054735492215846	0.0009110591143798412	49.124418217361395	0.11961455001069174
2.0563620121720136	0.0008177967201086913	49.19269622763123	0.11744809436068605
2.0582117399997326	0.000935966486844435	49.1369411670235	0.11744810020392794
2.059981539215807	0.0009491812613699991	49.30210189337028	0.11143511845351721
2.061923612797133	0.0008711845755166242	49.15927410795327	0.11744808999962461
2.0636585249158905	0.0009074235131961999	49.31368655766376	0.11143511973586756
2.065252027903658	0.0007131905738577486	49.252773898669744	0.11796366413788567
2.0668633581895364	0.0009204620249922554	49.32382019152096	0.11167902946840623
2.068462840914774	0.0006873177453997581	49.26300196580385	0.11796367061655726
2.069999710138935	0.0007797959386785761	49.246077599315065	0.11615778040960946
2.0715838050880584	0.0007750071001734804	49.370071744940894	0.11143510099613775
2.073049455832822	0.0007811401317442672	49.3579659503426	0.11192846868090064
2.074583761899156	0.0007503092461089292	49.373114285302904	0.11244448583757062
2.0760547783595054	0.0006638286890022776	49.44538417207856	0.11192847285094137
2.077384258199833	0.0007570295495292436	49.39904447221035	0.11167902559622989
2.0788074862506494	0.0006327888338215471	49.47493809303704	0.11143511124298493
2.080151518809959	0.0007245027604631093	49.411251504863934	0.11143511947403655
2.0816057333937983	0.0006925498430431018	49.42462560779149	0.11148635304979211
2.082984830653301	0.0006742110649905733	49.42689837203178	0.11167903143574955
2.0843482032120417	0.0006910301791889329	49.43352372445133	0.1114863626550336
2.0855997187088096	0.0005946524170286423	49.49913410077631	0.11143510684368034
2.0867911633121223	0.0005826689069997721	49.49540018639825	0.11192847167047124
2.088018773324142	0.000594165313056018	49.48862900055738	0.11143510132817612
2.0890950086515696	0.0005496236986063989	49.51893002457664	0.11167904534817459
2.090148034714097	0.0005352158237816284	49.535138539990356	0.11143510531128152
2.091258144959975	0.0005422345637135574	49.523089000418395	0.11143510978282155
2.092512229781903	0.0006354278268330243	49.43637010089506	0.11218356434780032
2.0936237338982324	0.0005513350332467832	49.50852810379535	0.11167903419685035
2.0947231579570946	0.0005083489013037182	49.54932617619797	0.11143511564200415
2.0956980927272437	0.000493376031074927	49.55024341679468	0.11167903586784239
2.0967886050993076	0.0006043647448528471	49.45464445245143	0.11167903202622537
2.0980396853541463	0.0006365641007874815	49.43220691611525	0.11143510691323631
2.099320096602822	0.0006785879859084077	49.40046456733342	0.11167902468837775
2.1004745382515067	0.0004934521943236663	49.54507701419415	0.11143511510071147
2.1014839834798895	0.000487756610372222	49.55127636321002	0.11143511437200712
2.102436611290373	0.0004585398922034843	49.567692829839466	0.11192847066154127
2.103367221299186	0.0004675249990863757	49.56059868281076	0.1116790326268655
2.10446397539209	0.0005946812915001991	49.45640249076535	0.11167904686256616
2.10558320793957	0.0005579943465388747	49.48702348833267	0.11143510613197923
2.106640216817616	0.0005242647954231199	49.50909803505422	0.11143510845257265
2.107656980643567	0.0005059929677067812	49.51735442034561	0.11167903302421099
2.108657048438164	0.00047976669792567777	49.54097321693758	0.11143511668193681
2.109678036864263	0.0005000717807826233	49.49335860746591	0.11192846930939229
2.1106788124312086	0.00048110215817388015	49.52194536842383	0.11167903073446495
2.1116737315906655	0.0005111124628400052	49.49496969696862	0.11192847673047687
2.1126823399324954	0.0005125873170165556	49.4851342030327	0.11192846889758434
2.1138106933456156	0.0006120934876006645	49.40113130762435	0.11192846521894631
2.114877891070021	0.0004447080623635994	49.599564378482455	0.1099291492360779
2.1157804863279677	0.0005195099657414279	49.47158916309337	0.11167902277521502
2.1167725849063457	0.0005016327483903242	49.48753575663791	0.11167904270745756
2.117995513048136	0.0006517781244675061	49.3678172708359	0.11218357510217902
2.119096182807912	0.00048672244059402424	49.50641370158893	0.11143511020699601
2.1201208476583675	0.0005317791984378686	49.4616418070865	0.11192846858321104
2.1212891889458065	0.0006433760477268213	49.381481103105045	0.11143511177845351
2.122497748300282	0.0005184725802602154	49.46653494520517	0.11192846786311968
2.123547296406912	0.0005293299694591954	49.464295281051065	0.11143510618139284
2.1245235559306406	0.0005126078430896084	49.47416694391379	0.1116790268186734
2.125745535372762	0.0006187364663808786	49.38720494242165	0.11192845994349408
2.126787273283223	0.000474744799167589	49.5044352428064	0.11167903329715337
2.127679186071737	0.0004309343930571876	49.60174133945962	0.11039206034795752
2.1287231390107606	0.0005324603402704871	49.49233644016964	0.11143511089691285
2.129761178011079	0.0005857575792812404	49.449800068936334	0.11143510313380124
2.130849475860508	0.0005179527872674083	49.49895147504671	0.11167903296623666
2.1319028139563985	0.0004954871442136358	49.51787764153268	0.11143512213731364
2.132948525116537	0.0005899383248944018	49.42961603985772	0.111928464601592
2.134064333808089	0.00048711761767038534	49.51952171791693	0.11143511395081487
2.135335562235834	0.0007567396455214064	49.330660595024135	0.11192847912852218
2.1366114734521044	0.0005413405986742783	49.4831279023126	0.11192847792315777
2.1377396880499933	0.0006881046413168665	49.37499939534983	0.1114351063368986
2.13912206601496	0.0005148556176397358	49.493286489631345	0.11153481055914521
2.140165542767031	0.0006293302543163195	49.39592969288228	0.11143510406817853
2.1413576347956917	0.0005387774614831353	49.46647322867958	0.1114351147397404
2.142611034717868	0.0006464908117853665	49.391096295237695	0.11143510012977588
2.1436395656006875	0.0004219914893240926	49.583683840082344	0.11148636072668969
2.1446310626291423	0.0006088856424331303	49.418347081324576	0.11192846662955941
2.14578303805763	0.0005292065209946909	49.45793641903784	0.11192846806198255
2.1467549009494467	0.0004345535742229773	49.53319726846509	0.11143511153637065
2.1477164129499466	0.0005464902363934842	49.43517661281133	0.11124920317351733
2.1488308690555726	0.0005573297066636121	49.41310229202429	0.11192846369159483
2.1499506117296514	0.0005656614084864955	49.40951748835988	0.1116790381274901
2.1511259212434513	0.0006542315414752878	49.34613166352802	0.11167902681164434
2.1524712600864366	0.0007274627991530186	49.30856697034473	0.1116790342291228
2.1538237378606317	0.0005501523779997951	49.452248990492464	0.11143510432350553
2.1550175878551334	0.0006274792554422394	49.40854002813283	0.11167904053381073
2.1561279317849573	0.0005624869407548953	49.4441457505209	0.11167903714591194
2.157310671769745	0.000569759636928182	49.424395680914586	0.11143512433506227
2.1585715933322995	0.0006143862527705688	49.372898642324685	0.1119284591507326
2.159870233664737	0.0007461995149970512	49.272742795273615	0.11250831010176476
2.1612792014555327	0.0007128577048501608	49.327728840180264	0.11167902605662534
2.1626630624559127	0.0006260146213956884	49.39436398849012	0.11192846173931749
2.1640157378797333	0.0006823772068513973	49.37862490541443	0.11143512211381561
2.165153642435765	0.0005957141567095994	49.31667138056666	0.11607345889917728
2.1664891929676484	0.0006495127717763333	49.3853262479261	0.11167903824422767
2.167919055311091	0.0007434302882242756	49.29109746208184	0.1119284619323749
2.169418941172668	0.0007657702938623083	49.252879870598456	0.11208144066781466
2.1707212863181633	0.0005283822054970817	49.26674242432493	0.11744808696500408
2.171854161032604	0.000538613750235502	49.26075917644055	0.11796367092425286
2.1728497639559645	0.0005412409052210713	49.260569852847	0.11744809939682693
2.17398172777182	0.0006399435316738638	49.184497864972286	0.11806520038426023
2.175396384054938	0.0007307400693041914	49.30521100165336	0.11167902618740604
2.176763599753936	0.0006282057613976752	49.3952790345968	0.11167904125137314
2.1779968338554707	0.0005325752090128985	49.31001155603969	0.11796366308495886
2.178970856996582	0.000575537062981153	49.256686227576346	0.11796367949229414
2.1801492600634864	0.0006180128461753906	49.288823857365486	0.11396060434551851
2.1814395501146686	0.0006017968861453547	49.185632681395745	0.11744809746882351
2.182609772822486	0.0006303751149707359	49.16660900560319	0.11796366467994064
2.1838265402898664	0.0005909700534146425	49.2053543556883	0.11744810009787936
2.185209539580285	0.0006903997818493645	49.140683470823895	0.1174480867350799
2.1865253074581674	0.0006067613437560935	49.16949205886962	0.11849611945395397
2.187649091532755	0.0006014621577466407	49.15890232567912	0.11849612360081663
2.1888042119921476	0.0005522326129620773	49.19986292995361	0.11744808144059893
2.189972598043158	0.0006160668664817982	49.168652337397155	0.1174480915212812
2.191217789971118	0.0006231845234251295	49.17226811737544	0.11849612348512902
2.192366422574413	0.0005646994572117951	49.24126648385789	0.11744808995697785
2.1934752124672996	0.0005338080905796407	49.263687169639574	0.11796367601075872
2.194648739603646	0.000633701031182379	49.34987988504272	0.11192848031128626
2.1958776862087483	0.0005337921710213021	49.262781878136366	0.11796366236554016
2.1970476691546548	0.0006433548762043812	49.34928017338166	0.11167904175183758
2.1982217915478937	0.0005323753555459213	49.26573646045982	0.1179636619834207
2.1992910511560226	0.00048747665985901864	49.31745776087239	0.1174480910271553
2.200335942780667	0.0006305298734652608	49.38309105814909	0.11167904527993598
2.201544586845933	0.0005398814090418953	49.43829476001284	0.11143512091738778
2.202705189033883	0.0006386323155416822	49.34935858179102	0.11143511274345465
2.203841130812977	0.0005399097420746212	49.412243905518	0.11143511414198867
2.2050415064544118	0.0005843034626540207	49.37404941438415	0.1114351078197095
2.2061685013783667	0.0005520407747075111	49.39571018208482	0.11143510939291705
2.207294005774751	0.0005734352691023929	49.36885599241978	0.11218356455929875
2.208463549872185	0.0005896758454552828	49.363169537956104	0.11167904377639842
2.2095476544452826	0.000556986103649597	49.37600350804402	0.11192845943278774
2.210738042759606	0.0006177298084624641	49.32401014930131	0.11167903397200285
2.2118842468045927	0.000555408910952932	49.357381060803924	0.11244449007569618
2.2130668488673777	0.0005672709588566805	49.377205895868855	0.11167902076585492
2.214087580700965	0.0004908083614119858	49.453175775644375	0.1119284734969832
2.21501063883883	0.00044352226746810963	49.51904213640098	0.1112492143574803
2.2159890684408374	0.0005075395730098463	49.44651449563174	0.11167903539927261
2.217021096741876	0.0005523653693193505	49.40505177045074	0.11167904103439408
2.217935163641364	0.0003549419820752901	49.625830702956755	0.11128612763336526
2.218858422658235	0.0005590617960810778	49.408437653288416	0.11167903504014769
2.2199640259757274	0.0004835192336881834	49.48692638538944	0.11143511008831716
2.2208401264461832	0.0004410653184692197	49.534835668092185	0.1114351033011143
2.221737920261519	0.0005105239927949953	49.45452551471062	0.1114351178668192
2.2226641538096965	0.0003924036691524983	49.54831307001027	0.11167904034670724
2.2234510016281197	0.0003717651033232265	49.556286268120466	0.11167903201206959
2.224195268094536	0.0004136608326109276	49.50358000218654	0.11143511047708757
2.2249560665349484	0.0003437716101777902	49.58125377287389	0.11124920687264474
2.2257128000979494	0.00040401458034362327	49.49937552194962	0.11143511687495984
2.2265924007569855	0.00042707513827195184	49.47978148276213	0.11223014615229268
2.2273122373281966	0.00034463599698111684	49.59253369257951	0.11148636572756464
2.228021363033053	0.0003603934292740081	49.568972420516445	0.11167903560267053
2.2287646330751065	0.0003428065431873476	49.615831010181395	0.11076721958437648
2.2293819247708404	0.00034028605352316027	49.592573168970205	0.11124920742534408
2.2301161048111062	0.0003573058900489226	49.55678917778601	0.11143512083170362
2.23084769465422	0.00034251738714311057	49.576038065239985	0.11158055867405399
2.231503859266043	0.00033795293642269	49.57026083302323	0.11153481677359721
2.232184627752446	0.0003455056033453181	49.56331344166128	0.11129906526310128
2.2329356043132416	0.000352976714842692	49.54252760287998	0.1114351150953947
2.2335899669411927	0.00033633349218843873	49.58660438923183	0.11072122144951416
2.2342326199330524	0.0003365064979864055	49.62679892606959	0.10963932646289128
2.2349466062688936	0.0003419768058552818	49.5530779765488	0.11167903285778868
2.235597948138898	0.0003394596208869583	49.567078941625724	0.11231491482557901
2.236242976754447	0.0003356196390724884	49.59737872550478	0.11116286003079437
2.2369203598483454	0.00038439507174111483	49.56626262817079	0.11167902735162605
2.2380128782908577	0.0005635148064307185	49.77097368246195	0.11165655336961726
2.2391132608497557	0.000590590967939349	49.75059840840285	0.11165655608162815
2.2402571416461674	0.0006234145136236228	49.73094342831096	0.111882598627818
2.241444170440255	0.0005584208143149437	49.782666948745444	0.11211335834044962
2.242809395175133	0.0007709229501008084	49.64120404400799	0.11234897210142554
2.244098267357731	0.0005687793433761276	49.778468076435246	0.11143510844554436
2.2452042738451055	0.0004346500452485378	49.8799853164214	0.11211335710878498
2.2462631359239364	0.0006454972797243255	49.707708499546264	0.11211336386809248
2.2474442879375167	0.0005910741318207971	49.75332883142255	0.11188259676550372
2.2485703543583377	0.0004682623075181486	49.846252517195126	0.11283523513334572
2.2494722166514696	0.0004478743960326701	49.881618798472665	0.11188260069254238
2.2504458337973032	0.0004894921479124386	49.85267282021342	0.11143511262805927
2.2515538485892184	0.0007252820005622039	49.66568553724188	0.11283523406333473
2.2529429294730643	0.0005624494991842848	49.773529931286696	0.11211335706550143
2.2540766205282825	0.0006269435359619027	49.71720087529033	0.111656558121374
2.255181810061834	0.00042988828665606966	49.871974451564824	0.11165655352410352
2.256179689929803	0.0005487137197946471	49.77739966477298	0.11211335944838355
2.2572210602071436	0.0005200613765475231	49.816146692403336	0.11234897146760016
2.258173672460226	0.0004015618027583464	49.948260536856274	0.11188259554456374
2.2589823864201457	0.0004115791140021544	49.92433699011686	0.11234896715732574
2.259964000521747	0.0005812275406385437	49.771042070902084	0.11188259390562628
2.2609370974275325	0.0004910466108768958	49.83170256146874	0.11211335806370781
2.2618350548191737	0.00037428659103705246	49.950757851727516	0.11188259668056502
2.262673401967634	0.000410607335780432	49.90838280332555	0.11188259787410659
2.2634788012116513	0.0004349136384952306	49.88599594015204	0.11165655344880036
2.264375276370378	0.00045840680491887544	49.859531788549056	0.11211336019486752
2.26530110858185	0.0004961218766263728	49.827055081870974	0.11188259837673203
2.266298446812983	0.0004707016345180802	49.8622141966729	0.11165655934405617
2.2672313758745055	0.0004467040317362131	49.89181400313676	0.11188259956550889
2.2681536257064208	0.0004742749284180537	49.8775860039416	0.11188259453597577
2.268961311451312	0.0003304473727249542	50.045195340772295	0.11188260013050862
2.2698465521427154	0.0005150410636181148	49.85725706565106	0.11234896037543951
2.270748480695624	0.0004184500762190234	49.95912026206911	0.11165655214722639
2.2716596098599435	0.0004913710064440138	49.88310606304318	0.11165655401604542
2.272587242019443	0.00047191247221082465	49.89393885147588	0.11165656153571045
2.2734749288125706	0.0004139940742505065	49.9408847630276	0.11188259694856308
2.2743534708031525	0.0005103350094981244	49.83365434339679	0.1121133551349888
2.2755728941802245	0.0006119038367947336	49.72235654236081	0.11234897365046595
2.2766940820098065	0.0004978656661573004	49.797456547645425	0.11143511169778623
2.2775091112937034	0.0003786150176281482	49.90866689096751	0.1116565530439273
2.2782026847086176	0.0003047106671651053	50.05328459588209	0.11109623305816078
2.278932649557313	0.0004686961764882277	49.87221308090142	0.11188259170328504
2.279907651870773	0.00046704170868675323	49.91790659043431	0.11143511060906708
2.280897327615978	0.0005237744177148948	49.87828012778954	0.1118825979745598
2.281888357221169	0.000469121172811872	49.934880188957706	0.1118825999232187
2.282827985025918	0.0005082650239639705	49.89869144909511	0.11258953929400176
2.284038221576896	0.0006712184605417938	49.804609094911214	0.11143511173973004
2.2853070789661714	0.0005649676958180662	49.88498913543709	0.11258954323582405
2.2864212808876623	0.0006027525159249957	49.88843214437669	0.112113366051034
2.287561090397515	0.0005982082987366743	49.92072062557818	0.11188259611389352
2.288735759290978	0.0005374653633715756	49.996693672549675	0.11165655548584148
2.2901112402964445	0.0007173014283647163	49.890313959145566	0.11234896831328946
2.2913742572307427	0.0005824005212089573	49.98921330033562	0.11258953842714957
2.2925961068493925	0.0006235451115755369	49.95355786843236	0.11211336085861368
2.2937806322055447	0.0006019756858644009	49.960937482234655	0.11146450939721586
2.295078490919794	0.0007009862417144027	49.87554578204734	0.11124921133995577
2.2964480014946718	0.0006674125746744371	49.85725499148533	0.11211335128300656
2.2976985417965423	0.0005780352947743146	49.90434200779362	0.11165655500108289
2.2988992864304088	0.0006093622285988475	49.8637386658969	0.11143511431838596
2.3001105442571843	0.0005235711364824709	49.76613025454734	0.11188259834367388
2.3008184296228844	0.00029269931794303626	49.709587057345104	0.11089244928031125
2.301437889129621	0.00029859863097101845	49.68930046163284	0.11055447029820664
2.301996827502476	0.0002919061954151351	49.70326065439379	0.11019809848338379
2.302602010644339	0.0003344515355005658	49.57897519523691	0.11167902412529793
2.3032692554972547	0.0002967703166371137	49.63581169112216	0.11167903666704722
2.303832696263913	0.00029981196777771125	49.64004681917683	0.1114351140964732
2.3045060371014343	0.00033469900544750073	49.597758382053904	0.11143512572341896
2.3051521468298986	0.00030801188599677927	49.641117617675754	0.11148637044363571
2.305777967564601	0.00033997389754517515	49.59513240200493	0.11167904733041006
2.3064971158876073	0.00036949301296834816	49.56585045998681	0.11143511719249155
2.307198075806335	0.00031676419789970577	49.636830847427014	0.11143511548022667
2.3079352440700545	0.0004621778949277158	49.47448432247798	0.11192847235540415
2.308710693431421	0.00029702801194295337	49.681960430404615	0.11167902713079252
2.309372008740284	0.0003399911880855676	49.63799458328395	0.11143510736957321
2.3100120509559154	0.0003073993532702984	49.69229652050902	0.11143510500648135
2.310650026945565	0.0003249377502059218	49.675430299019254	0.11167903569312926
2.3112915579197906	0.000351402731503563	49.625824673313595	0.1116790267479276
2.312035265857544	0.0003636903590684942	49.58057109382787	0.11218356433923599
2.3127094467578826	0.00033235281069540626	49.621573365593065	0.11143510550394879
2.3134194520419964	0.00033013410079003045	49.60161254562768	0.11192847085428533
2.3140836808546577	0.00036644098884544194	49.57850234384165	0.11192848000811896
2.3148415576180534	0.00036969951383530484	49.60480133399673	0.11192847052509002
2.3155202941394686	0.0003507772530719934	49.65738560630606	0.11167903304328647
2.3162434824596474	0.00039681210952161435	49.636286493663775	0.1114351080620299
2.3170585406523596	0.00036449343513374823	49.67782319666219	0.11124920489440687
2.3178256255782195	0.0004102991690440885	49.6118047228274	0.11167904658640233
2.3185891500426	0.0003532752249917145	49.67465104509151	0.11143511668638581
2.3194042296698645	0.00043801124144385577	49.575923371397856	0.11172880906569244
2.320166086269803	0.0003514448062734796	49.66716661790805	0.11192846160093854
2.3210440851722516	0.0005186926345598189	49.512499257735826	0.11167902480278036
2.3220528539071776	0.0004364432943083533	49.60009301433384	0.1116790198448019
2.322894258869226	0.00041428318313377924	49.63345849284072	0.11167902901744367
2.3236838486831237	0.0003884351319185932	49.67492533227774	0.11143512031163987
2.3244458656060147	0.00037849600220044195	49.681997657572204	0.1116790384325042
2.325268518995937	0.0004848626079298354	49.575564329694465	0.1114351037937248
2.3261199982830183	0.0003547971378806836	49.71038166815595	0.11143510837854323
2.3269232448496417	0.0004776037169131294	49.57151142493129	0.11218356652217178
2.327886048270201	0.0004430473689483286	49.60759200918057	0.11192847333944914
2.3288057478095388	0.0004793120759325724	49.572754507643175	0.11143510923102011
2.329704134657405	0.00041967473584878607	49.435243384378296	0.11755442256194483
2.330520119212361	0.000381831575304767	49.44062839398858	0.11796365671712829
2.3312627397665726	0.0004170990636913787	49.55115982841339	0.11192846760041426
2.332076874109496	0.0003954484904108496	49.41074163622697	0.11742129912599551
2.332862778666166	0.0003808457459646701	49.41930310401497	0.11668631823380905
2.3337123068843506	0.0004531364276673394	49.529681687114575	0.11143511724058483
2.3346016754221286	0.0004415692014951122	49.56826006001305	0.11192846199954581
2.33553488353621	0.00048362177998521227	49.570286967784845	0.11143511252173986
2.3364300674050935	0.0003978617855122072	49.67807919052591	0.11167902725311887
2.337294859825534	0.0004742637609108513	49.57172649780158	0.1124444847980888
2.3381589889862755	0.000392587352420319	49.47443154357898	0.11744809557846486
2.338991910209994	0.00039183514168467825	49.4882797128402	0.11695864268049498
2.339775925710743	0.0003995397782940181	49.429421743022296	0.11744809444118329
2.340493452827236	0.00035479345596319196	49.46419116256867	0.11744809928634782
2.3412559039882153	0.00038141505654948826	49.43591500605583	0.11744810107251122
2.3419814531737115	0.00039908503472434724	49.457706669456776	0.11650952022479201
2.342837360567347	0.0004421487560274418	49.382474246841035	0.11744811124781805
2.34369887827836	0.000425122056742698	49.40009341673722	0.11796365451780406
2.3445181321757755	0.00035048071170620907	49.489709099826854	0.11796367458715389
2.3452642124743166	0.00042463075795449756	49.41188706553412	0.11796366663561275
2.346147873763438	0.0003693720364503036	49.48015164164718	0.11796366998413943
2.3468115108504284	0.00043139677836321504	49.514137161809465	0.11423151845988366
2.347715777853462	0.00046405159699034815	49.39826317549775	0.11744810906182851
2.3486274379178167	0.00041053788556420404	49.53027490169018	0.11472313549826867
2.3495176548254193	0.00044773686895630265	49.429004032890155	0.1174480913598664
2.350410154668975	0.00047092840246635344	49.41011368816715	0.1174480916130276
2.351270106474549	0.0003640171557426704	49.524599750929376	0.11705954343402966
2.35198015273722	0.000405847343308196	49.46312354767	0.11744809971129622
2.352766600068077	0.0003428664814824649	49.52485153497071	0.11796367513583439
2.3535149549257484	0.00047012040737912726	49.38720584749139	0.11744810965164014
2.354415551505005	0.00038731273549010085	49.4650071603683	0.11744809297425006
2.355268630951304	0.0004895319479654975	49.35190916815762	0.11796367235017022
2.3563214960537167	0.0005571705852730515	49.292090785333485	0.11904618187634203
2.357508099260134	0.000541519350780778	49.33277514648356	0.11744809644555032
2.3584921148319657	0.0005564069177649518	49.33973664800033	0.11744809628263359
2.3595452406282345	0.00044254050335972543	49.44471245103946	0.1179636673362934
2.360530670657155	0.0006099331883245447	49.31495586088942	0.11796366749782768
2.361672854756467	0.0004633714129626215	49.44557693484115	0.11796366943618129
2.3625746672853074	0.00039506892624170773	49.52713940915533	0.11744810912832969
2.3634347859094014	0.00043461210220245594	49.47666769256407	0.11796367748064121
2.364527656426752	0.0007379271863659808	49.247455896671575	0.11744809853163267
2.365772302722696	0.0004817956729700753	49.427097742299466	0.11744810160248821
2.3667219806807633	0.0005400332981265477	49.36887112651386	0.11796367005942428
2.3678864552610666	0.0006400959119445442	49.28425201708148	0.11849613209803622
2.3692246999002813	0.0005639486298878291	49.3083013231316	0.11796367015537201
2.3702021580481962	0.000579835691059482	49.2967964391885	0.11744809566154972
2.371404276778905	0.0005410852582242563	49.31416876587561	0.11796367115436679
2.372622574328702	0.000669709587206338	49.21722802835187	0.11744809815380276
2.3739025902356654	0.0005826918591765835	49.25269484456839	0.11904618024202723
2.3749083784154603	0.0004640084794526524	49.35893926305489	0.11744809944674758
2.376225192036362	0.000691730299769325	49.16580070754203	0.11849613650859205
2.3776719810387723	0.0007241180233944887	49.1541295319444	0.11705955330849986
2.379097639682903	0.0008355529296965032	49.078879909204446	0.1184961349986607
2.3807310952311056	0.0008348081758890935	49.09476070880534	0.11796366172311203
2.38209812256663	0.000503125923396815	49.31962650448054	0.11744809802458749
2.3831498358070777	0.0005432986499081075	49.28120229704353	0.11796367108116498
2.384504540124371	0.0009404604397966954	49.03268036021527	0.1190461824871698
2.38640217663001	0.0008102843754916945	49.11250844145084	0.11806519247516878
2.387970800973197	0.0007509040449085871	49.14570519891501	0.11744809130290797
2.3893893652680274	0.0008286469609982722	49.087867105923216	0.11744809251014535
2.3912013812260433	0.0009199986766600276	49.03458459940678	0.11796366939692877
2.393075622877002	0.0009113869510378953	49.044558053282614	0.11744809441128781
2.394786215082876	0.0007753389402047673	49.11594551233377	0.11744809481590011
2.396657995672883	0.0011248022135782244	48.945596229933585	0.11849613147313609
2.39899629567123	0.001178851730556989	48.9377667818872	0.11904617604346543
2.4014196992826347	0.0013319426016623237	48.89143196235609	0.11849612291487202
2.4040990221237464	0.0011764153911198846	48.939345971406915	0.11744808930746034
2.4065023117338558	0.001183899310787994	48.922573023765146	0.11744809639736332
2.4085281516040067	0.0010715896950692443	48.949541979429284	0.11744809229526935
2.4106669532606424	0.0011185699156967242	48.91205531954708	0.11744809458058361
2.413066243537719	0.0011204006824726827	48.88700230774374	0.11796366515507983
2.4153410436066274	0.0010509347586519502	48.89093009106501	0.11849613942112938
2.417599595899799	0.0013386056717888857	48.770159770592805	0.11744809191324641
2.419978476352026	0.0009370627244975392	48.889713002505786	0.11744809591433802
2.4218442177883794	0.0010305280989182763	48.8193463344115	0.11904617816506345
2.424333316607444	0.0013984933101300317	48.69078070384212	0.11744810002607414
2.427086938975293	0.0014769376448796018	48.66100365146189	0.11744809792730562
2.4303313621734985	0.0018632654322947816	48.55265532495491	0.11796367682246191
2.43391165031313	0.0013658709640370597	48.647661867014605	0.1208094308631458
2.4365809942774237	0.0014963225765214888	48.626145554154625	0.11744809647099903
2.4396686462129606	0.0016072697641593232	48.567815819233594	0.11904616498261082
2.4432310892684117	0.001983146034763179	48.46900112207099	0.11904618891371287
2.4474256264181897	0.0018401752222369978	48.516029301513264	0.11796367674268754
2.450501769547105	0.0015452666468974518	48.59451313004553	0.11744808212007554
2.4540568145433954	0.0018409807974774466	48.508308883327494	0.11744808117063193
2.457459527535669	0.001649805206116401	48.538621839747904	0.11796367822157132
2.4616203747425294	0.0024521043338446864	48.347181354858215	0.11796368147165355
2.465792868766356	0.0017985838536806777	48.46436703195111	0.11849614923296717
2.4691762375651636	0.0019391665758286874	48.277010898218364	0.1256356022862334
2.4730938249363774	0.0018710887898066785	48.28576633600646	0.12448614016212009
2.4768307082694543	0.0016974663409847909	48.46298045492853	0.1174480837951772
2.480794915564105	0.0020737718430589177	48.35075841826898	0.11796368387589463
2.485440337989467	0.002701653603710375	48.05274753128511	0.1260545342697671
2.490718219166053	0.002499304682053626	48.06414037381156	0.12947889531767462
2.495142365074187	0.0020490235835932398	48.133597725279024	0.13488222382689108
2.498814597037038	0.0015852478335654663	48.2930017125763	0.12828347789537414
2.5029365207872627	0.002295292556836694	48.156925731670704	0.12947887391130167
2.507391525394298	0.002156076458277638	48.178800189094744	0.128283466110601
2.5118133220967205	0.0023093469304529524	48.109158023132714	0.1294788678767668
2.515836692502396	0.0022218074413271104	48.10818234259791	0.1282834719777624
2.520220950113626	0.0017137222435346625	48.20116904018628	0.12828345504533442
2.5237402716663087	0.0019986369494023643	48.23696534909125	0.12212827855484683
2.5612699915510357	0.034826873834274075	47.71921913136007	0.13964352247688555
2.6304978645160775	0.031719642453528554	47.68287726224339	0.14293410980069393
2.683292616403505	0.024503202884950205	47.77993461415031	0.1389587787148936
2.735892523622006	0.02541438105375624	47.72647837262215	0.13964354016467417
2.7819073527412876	0.01904939981326878	47.810373038241735	0.1403445858927649
2.815328786740781	0.01763860331575933	47.80581240706577	0.14293410148675664
2.8776075919337694	0.04317144621824128	47.56211971841431	0.12831917731367287
3.430873189044101	0.0029923832311145723	47.14019341865686	0.13586798705789715
3.438059820355594	0.00441488888949031	46.9264086992066	0.13878417405891402
3.444121038984768	0.002280517711552796	47.22504413923231	0.13878418462818856
3.4493552201278734	0.0023556026128532383	47.197490016436014	0.1396311867130596
3.4550830107069563	0.0029311999016958593	47.12029885395799	0.1392046246380566
3.4603278721139725	0.0029958636324208957	47.12876758704522	0.13785494890020253
3.4675238111949094	0.0037324257651466086	46.98073825624704	0.14094861781084458
3.4737781395961997	0.003001346410279181	47.05535488124407	0.1400639519469945
3.480461114463128	0.003336822565605655	47.044490840178746	0.13920462946606021
3.485535883391541	0.0021673116431983963	47.25381637255967	0.13878419435991288
3.490360965077268	0.0025161540741054263	47.15273121819032	0.1396311707148949
3.4949969902029645	0.0020284181985934313	47.244442375091346	0.13796111273803494
3.4999441241432	0.0031904728484538143	47.00372536777764	0.1405030828710884
3.5056182333234474	0.0022493337412724866	47.21408858554457	0.13551342865265467
3.5120536003319325	0.0033686572982092712	46.99926938236186	0.1392046351599761
3.5166322250148663	0.0019298092787209025	47.220919957757474	0.13878419410593332
3.5214112548080663	0.0027763201622507784	47.036058399893534	0.13920461875649448
3.526124165206318	0.0020597831855569283	47.210585524938445	0.13920462657125968
3.531758164353504	0.003812281243657311	46.995280807453945	0.13707892193798984
3.539429188184871	0.003745535421535405	46.98108215451143	0.1400639447313879
3.5460769172987425	0.0028689125543645156	47.060849034799396	0.13947317713996993
3.5512635782368376	0.0029968914827925466	46.998144559542816	0.13963118461795465
3.558142897611822	0.003188967420537573	46.959494529310945	0.1409486045278494
3.5640603035246365	0.002123429725714881	47.15028793697259	0.13920464182069514
3.5680725840792284	0.0026493483596034526	47.05542451600852	0.13906012713247237
3.5736091985278926	0.0028465931318388525	46.98421131409492	0.14050307517587718
3.583082244067366	0.0055700780493598105	46.888387243725504	0.12568892028301804
3.761698387826378	0.0029436495092857737	46.65786404593814	0.13963846133022692
3.7670259196655156	0.002168495696003064	46.84053508407436	0.1396325786519094
3.7701561218680073	0.0011743088524488058	46.917435081671464	0.13657851921123834
3.7724634337396816	0.0013627838168769847	46.93640217328202	0.13935888016119125
3.7754843951524126	0.0017883211759196684	46.92135564002896	0.1399207805034473
3.7799325907338615	0.002057145102216072	46.80783596979868	0.13682518561438248
3.7824147262130055	0.0008086523158878959	47.045609750634945	0.13657851874329316
3.7844876343758704	0.0011361896329596091	46.891138704113246	0.13796111932388247
3.787202962262503	0.0015525305718108175	46.75926897476803	0.13709512035226135
3.7897998896750726	0.0011691367527692836	46.972754420712	0.13851887897833534
3.7928134383121055	0.002322123023277268	46.77380256524552	0.13992076967736627
3.797190494956502	0.0015172342161128038	46.97859544158419	0.1387846726533234
3.801007457143813	0.002187583322411201	46.818396404337044	0.1390645631104384
3.805006654627376	0.001670795356838248	46.81772685457828	0.1373465070538831
3.807594291349817	0.001122219575141037	46.88652120022159	0.138518861512767
3.8101584502797223	0.0016064738892578472	46.75793190445866	0.13880189902404405
3.8135941612320705	0.0014609957813936142	46.88478315611923	0.1382386279794014
3.815841534034682	0.0013213211268815251	47.10623747132674	0.1381200202999702
3.819346658331656	0.001703915052334974	46.919391570576295	0.13906456907406398
3.821865285926539	0.0010859425378249177	46.99885006723774	0.13850750208463317
3.8240099687305253	0.0011670294410751484	46.845928586200976	0.13823862107466436
3.826183085731519	0.0010751994797067717	46.90421056495975	0.13851886546020326
3.828546224330327	0.0011976893204782907	46.846941767664944	0.13796111269696265
3.8311516947844995	0.001190525512530058	46.81741865094781	0.13937642208774803
3.8334248359273024	0.0012266018410571258	46.78661910748664	0.1390877320456677
3.8356358602292833	0.0009257863112664598	46.90013249172419	0.1385188626981881
3.838003142260531	0.002128516812294878	46.784449634983304	0.12859768778775701
3.9419757334525016	0.001647124372509701	46.731749459124785	0.1401317736327081
3.9455909243448435	0.0016007918868948749	46.76786017908326	0.13929857309645713
3.9483200868487307	0.0016232373986957837	46.756306574912664	0.13848859752495365
3.9517477117372692	0.001546052898010895	46.763907811595566	0.13848858722740845
3.954659029001969	0.0017276905401367065	46.69850905321275	0.13985140575213265
3.958040725645782	0.0017142265623243478	46.746216639965596	0.1354897085167668
4.173000590327641	0.0009289130819651462	46.52299764349328	0.13824175383455284
4.174918054003145	0.0009248131723832459	46.52017064170231	0.13881149280569868
4.176978467949102	0.0010738458154257546	46.44870119372359	0.1393927682891653
4.1786646638564795	0.0008213586835266896	46.57015469855092	0.13852520002489974
4.180357497164574	0.0008752528053881391	46.55107569638499	0.13796112804000318
4.182416691684454	0.0012877304194963606	46.380658197548954	0.13968779740102694
4.184510337481044	0.0008480720673756494	46.58725936135593	0.1388115058510134
4.18678271942381	0.0011061113057423428	46.485005161109996	0.13939275981720525
4.1890282028797765	0.0013615259577547756	46.38575967190734	0.13852521104598997
4.191288821276694	0.0007978343374318477	46.590237052056445	0.1388114900855043
4.193298526549025	0.0013112715174633267	46.22131316754027	0.1508067410219433
4.195314987523265	0.0007537034181300087	46.59037490764307	0.13910065952734615
4.197189534576736	0.0008053690755149229	46.569525797759	0.13881148880916874
4.198886409643755	0.0010574796878111982	46.44260247065834	0.13939273428552548
4.201235711122737	0.0013056561288401953	46.338710665278626	0.14028689631568975
4.204087507066096	0.0018194554678180497	46.339130629651294	0.12909056166032973
4.258418270796571	0.000890229796482678	46.478828400373246	0.14015066672999674
4.260185644354349	0.0008707839736451774	46.50342423062442	0.13822585802367587
4.262317383834615	0.001307656718219069	46.34144022391682	0.13903514485529572
4.264724300733099	0.0012220880949045012	46.36224743615461	0.14015066108484742
4.266909741732868	0.0006703348572909147	46.59564432252707	0.13903514203162767
4.268234288350652	0.0007770837702175694	46.52231106394445	0.13849306477396484
4.270326904931863	0.0012218888310562778	46.31381246303988	0.13903514453491272
4.272889995041985	0.0014299592474412964	46.255726980952986	0.13986776033585913
4.275212037962231	0.0010246929538313741	46.460340167322656	0.13781496115870182
4.277443419047045	0.0011716023619638264	46.4148608094638	0.13931005533816776
4.280305625543564	0.0014963717692377497	46.420630039270385	0.13137655280285562
4.3252784226909915	0.0008313464725321577	46.47324885920544	0.1384356032194745
4.326895865705534	0.000706058685291398	46.53217894615188	0.14016109756123307
4.328713973304254	0.000973527320473404	46.39667938253475	0.13843563033730158
4.331555553942986	0.0015313451720843105	46.252869828330205	0.13436555009261136
4.3870475256638635	0.0009457433252348467	46.31187812725491	0.13894689211699612
4.401758455294146	0.023544818835330893	46.20947592812285	0.11878444474217385
4.4796745467601955	0.000792750612875703	46.232003680019446	0.1501292926274728
4.481485170610693	0.001055769518928175	46.11318398062009	0.14982282384243154
4.483390906636138	0.0009943276704718316	46.13583806009611	0.1501293059394445
4.485699133938251	0.0010832523106398314	46.08476686093402	0.1513815925325764
4.488328612767716	0.0017414362821213192	46.16892919905642	0.12796588482028085
4.524127862450776	0.000784591358788944	46.18490920677521	0.1504068936473154
4.525389530813566	0.0006189742557253387	46.29511943949376	0.1492114755457527
4.526771923484393	0.0007027058103837944	46.2128645893339	0.15071203604761846
4.5281943276361165	0.0007601982533988575	46.157207644611596	0.15164290285104248
4.530285447114166	0.0012495729247088269	45.91711402744574	0.15259762740459507
4.5323665731143965	0.0009644006983786672	46.18718028848272	0.13731680670541552
4.559002015721782	0.0006763143853364808	46.213720320085066	0.14891875098117144
4.560069980344477	0.0007460844797681994	46.16492645093037	0.1505643120139461
4.561861205744117	0.0007034933384381957	46.19020175030271	0.15028479372724965
4.5638677099331915	0.0013454039648587272	46.105585444873824	0.13372692408231415
4.627105566081922	0.0006325692691020888	46.15582489696089	0.15057441755303488
4.628454521645189	0.0009018379621303863	45.99015533364859	0.15201400295513395
4.630111360185589	0.0005674116310362342	46.3111883839512	0.1393024374540699
4.63147736208083	0.0007676395870948433	46.05327112293203	0.150857883213679
4.63269319101744	0.0005909072527484118	46.16579534642809	0.15143146672306732
4.634047339214577	0.0007898882892712357	46.044507426504424	0.15143143939401388
4.636339843877982	0.001910478175107696	45.87937357423739	0.13555928064813225
4.657501603255502	0.0009576506319293192	45.94472346829353	0.15115235342535557
4.660094650786063	0.0013491183434614716	45.79195188484907	0.15133004007261586
4.661780627592909	0.0005526292301099157	46.18401340010999	0.14993237993360364
4.663652048682247	0.001319331383281432	46.045146069616955	0.13067676655561417
4.765456136502195	0.023714716960860194	45.870295735486216	0.15038853485303452
4.808118775045878	0.0010625714830250891	45.822911320910436	0.1431726151686886
4.83531149909207	0.010660523597656133	45.83184422900914	0.12770669329853485
4.9145646235383875	0.016779186625245714	45.700906427031306	0.13360812586400253
4.953825216702266	0.007023948041502987	45.668380881556786	0.15115418110574427
4.963248763154735	0.0013488012134433732	45.52627166933453	0.14738566751292617
5.0156159352496	0.0011928068828173052	45.63955415200928	0.13618056461319492
5.027964132149618	0.0011377490947785138	45.70338590742471	0.13258936975332555
5.056631904191974	0.006469073821691222	45.63829909481376	0.13340256447511617
5.15617445121616	0.0007463257801357277	45.68134710049	0.14013542910060756
5.165830611290434	0.00133588138420454	45.499186074395084	0.13242994862685498
5.174218587053248	0.0011713825062653785	45.44406788128377	0.14243222263507865
5.334253051247055	0.0035755948790445447	45.48532980740728	0.13754853400036487
5.347040035143726	0.0060729325666898015	45.33793498414808	0.14199032504533643
5.427198785722122	0.007306018126161339	45.45895685386062	0.12668388842537856
5.537209894698998	0.044138755468709955	44.947059607270646	0.14321499793308964
5.702980612409306	0.030649219392717694	44.906176883008655	0.1475705313463185
5.808348123557637	0.029947370334419098	45.10829247574466	0.15540461525237423
5.858638443916037	0.004454202056155319	45.00587498905466	0.16151183821021967
5.931604248103444	0.028543645486295795	44.871340813546155	0.15382738279105473
6.046206891823253	0.04289175380466547	44.680877094896786	0.14665377266277757
6.147461831462997	0.000879649512013723	45.304871104551616	0.19302498095502682